0.04058438287151608 0.03603022670023374 0.017078085642308775 0.009833753148609655 0.006115869017629161 0.004594458438284839 0.0038337531486126782 0.004065491183877045 0.004463476070526718 0.005471032745589183 0.006977329974807568 0.011032745591933988 0.013450881612083904 0.011994962216618643 0.008075566750625655 0.007229219143573184 0.0050327455919370115 0.0056624685138510515 0.004110831234254856 0.005314861460954502 0.005556675062969493 0.008458438287149391 0.0142670025188845 0.0318841309823517 0.03783375314859555 0.6910478589417174
0.0248651960784009 0.02072303921566088 0.014399509803903922 0.011029411764692366 0.009424019607831588 0.010147058823516977 0.011041666666653136 0.014313725490178538 0.018676470588212406 0.023517156862716278 0.03348039215682171 0.05073529411758488 0.06139705882345417 0.054313725490129514 0.03007352941172785 0.023725490196049356 0.015698529411745467 0.012757352941160836 0.009093137254890818 0.008958333333322355 0.008272058823519274 0.011286764705868521 0.010404411764693132 0.017512254901939323 0.024019607843107818 0.4701348039209925
0.04006253908690428 0.03265165728578321 0.016335209505931 0.01095684803001191 0.007986241400870552 0.007110694183860468 0.007173233270789761 0.007617260787987731 0.008042526579106915 0.009018136335203866 0.009974984365222029 0.012570356472787635 0.013814884302680542 0.013708567854900745 0.00869293308317155 0.008042526579106915 0.0058661663539675635 0.00657285803626856 0.0050969355847372754 0.006091307066913013 0.006666666666662498 0.009180737961220025 0.013045653533450254 0.02853033145714288 0.03849906191367198 0.6666916823010215
0.03644225823039409 0.03245563271599721 0.01572145061725868 0.009002057613154254 0.008005401234555032 0.006896219135791384 0.0062532150205660796 0.006815843621388221 0.009323559670766906 0.01009516460903727 0.012956532921789872 0.0195312499999686 0.025993441357982906 0.022585519547288796 0.012168852880638875 0.010609567901217512 0.007040895061717077 0.008246527777764521 0.00644611625513367 0.007748199588464911 0.007330246913568463 0.00898598251027362 0.012201003086400139 0.025720164609012153 0.03263245884768417 0.6387924382705781
0.03270399999994767 0.02516799999995973 0.0166879999999733 0.015135999999975782 0.014159999999977343 0.011375999999981798 0.011423999999981721 0.012879999999979392 0.015551999999975117 0.02031999999996749 0.026239999999958016 0.038863999999937816 0.04489599999992817 0.04313599999993098 0.029423999999952922 0.026319999999957887 0.018127999999970994 0.015423999999975322 0.011583999999981465 0.011055999999982311 0.009471999999984845 0.012319999999980288 0.01363199999997819 0.021983999999964827 0.029663999999952537 0.4724479999992441
0.042063789868641614 0.035165728580340734 0.01639149468416736 0.009324577861157396 0.006760475297056435 0.004915572232642329 0.0047779862413978875 0.005359599749840301 0.006103814884298872 0.006666666666662498 0.008048780487799844 0.009193245778605882 0.01110068792994928 0.010769230769224035 0.007942464040020048 0.007529706066286723 0.005478424015005955 0.006222639149464526 0.005303314571603938 0.005847404627888776 0.0056597873671009 0.008067542213878632 0.013408380237640145 0.031601000625371106 0.03934959349591035 0.6869480925574191
0.03138461538459873 0.026514588859402378 0.016445623342166343 0.011618037135272352 0.009214854111400947 0.008530503978775316 0.008870026525194233 0.01030769230768684 0.0122811671087468 0.01566578249336039 0.018864721485401133 0.026822281167094522 0.033236074270539394 0.028509283819613523 0.01785676392571997 0.014445623342167403 0.00982493368699744 0.009575596816971047 0.00750132625994297 0.007920424403178822 0.008387267904504834 0.01124668435012666 0.015692307692299366 0.026090185676378733 0.033241379310327196 0.5799522546416022
0.04197994987451136 0.03441938178765907 0.01883876357552699 0.01549707602332708 0.013032581453579646 0.009607351712574739 0.010192147034209724 0.01403508771923962 0.014243943191252113 0.014828738512887097 0.01507936507930209 0.01629072681697456 0.017543859649049524 0.018295739348294503 0.01140350877188219 0.014285714285654613 0.010860484544649706 0.014327485380057112 0.008771929824524762 0.00956558061817224 0.008813700918927261 0.009732664995782236 0.013575605680812132 0.023266499582191867 0.03383458646602408 0.5876775271487565
0.034577777777726554 0.03351111111106146 0.015585185185162095 0.011185185185168615 0.008325925925913592 0.00842962962961714 0.007140740740730162 0.009081481481468028 0.010222222222207079 0.012474074074055593 0.01591111111108754 0.01900740740737925 0.028251851851809996 0.02238518518515202 0.016370370370346117 0.0118370370370195 0.008281481481469212 0.007362962962952055 0.0071111111111005765 0.00645925925924969 0.006651851851841997 0.00857777777776507 0.012637037037018316 0.026340740740701717 0.03180740740736029 0.6204740740731548
0.045045317220516586 0.03785498489423694 0.015117824773404762 0.007613293051354916 0.005033232628395751 0.0038429003021124815 0.003444108761327224 0.003812688821749962 0.004386706948637833 0.005051359516613262 0.00687613293050944 0.008410876132925432 0.011486404833829917 0.01116616314198721 0.00638066465256412 0.006555891238666733 0.004489425981870399 0.005087613293048286 0.0037462235649524194 0.00404229607250511 0.00415105740181018 0.006205438066461507 0.01048338368579427 0.033099697885176374 0.038108761329282106 0.7085075528696625
0.03883199999993787 0.0347519999999444 0.014463999999976858 0.009391999999984973 0.008511999999986381 0.00948799999998482 0.008959999999985663 0.010687999999982899 0.010847999999982642 0.012591999999979852 0.013871999999977805 0.021103999999966233 0.024975999999960037 0.023935999999961703 0.012607999999979826 0.010383999999983386 0.007983999999987225 0.008831999999985869 0.007711999999987661 0.00839999999998656 0.007359999999988224 0.008239999999986815 0.011359999999981824 0.02803199999995515 0.03351999999994637 0.6131519999990189
0.03970550411516251 0.03534915123451108 0.014773019547301355 0.01083461934154637 0.00861625514401907 0.006896219135791384 0.006992669753075179 0.007426697530852259 0.00818222736624199 0.01052919238681435 0.01424254115224048 0.01903292181066899 0.02033500514400023 0.016444830246887143 0.009259259259244375 0.008905606995870457 0.005835262345669632 0.006896219135791384 0.004613554526741555 0.006028163580237223 0.007040895061717077 0.00991833847735031 0.014162165637837317 0.030365869341514973 0.03613683127566207 0.6414769804516437
0.038596491228021806 0.03607769423554376 0.014172932330809306 0.007919799498736942 0.005476190476183614 0.005538847117787545 0.005726817042599339 0.006679197994979099 0.007355889724301559 0.007380952380943132 0.009298245614023436 0.010902255639084082 0.013709273182940214 0.01270676691727731 0.007731829573925148 0.007431077694226277 0.004210526315784197 0.005451127819542041 0.004072681704255548 0.0045614035087662135 0.004586466165407786 0.006466165413525731 0.009536340852118375 0.02994987468667926 0.036954887217998805 0.6975062656632863
0.04131999999997934 0.03610999999998195 0.013144999999993428 0.007854999999996072 0.00503999999999748 0.00429999999999785 0.004049999999997975 0.004204999999997897 0.004869999999997565 0.005874999999997062 0.0073749999999963125 0.00931999999999534 0.010974999999994512 0.011294999999994353 0.008269999999995866 0.006924999999996537 0.005304999999997347 0.005909999999997045 0.004389999999997805 0.00507999999999746 0.005634999999997182 0.008134999999995932 0.013009999999993496 0.03169999999998415 0.04066999999997967 0.6992349999996503
0.04607929515411736 0.032922173274547835 0.01835535976502444 0.012878120411141149 0.009588839941248768 0.00756240822319007 0.007151248164453523 0.007709251101310265 0.009397944199692514 0.010029368575609354 0.011439060205563232 0.014625550660771475 0.02074889867838363 0.019588839941234084 0.013553597650494048 0.013538913362682028 0.008502202643159321 0.010792951541834371 0.006490455212912642 0.007092511013205444 0.007019089574145346 0.010646108663714175 0.015609397944176784 0.027151248164424154 0.03641703377380849 0.6151101321576871
0.0323130990415129 0.029348242811482843 0.01276677316293114 0.008792332268364988 0.006581469648558095 0.0071373801916887305 0.00604472843450093 0.007444089456864253 0.00900319488817316 0.013750798722035941 0.019763578274747756 0.026242811501580674 0.027929712460046052 0.026019169329056856 0.017661341853023857 0.014127795527147522 0.010217252396159605 0.00928434504791739 0.006504792332264214 0.006651757188494152 0.005897763578270992 0.0077635782747554226 0.00996166134184667 0.028447284345029748 0.03654952076674981 0.6137955271561573
0.04261162865396304 0.03943141663983387 0.017218117571446808 0.009331834243480032 0.00587857372308725 0.004898811435906041 0.00549309347895038 0.005380661741077127 0.005428846771594236 0.0053967234179161635 0.006810150979751349 0.009412142627675214 0.010970125281061725 0.011949887568242933 0.0069547060713026744 0.00689045936394653 0.004449084484413028 0.005894635399926285 0.004159974301310376 0.006456794089292553 0.0054449084484332715 0.0066816575650390595 0.011982010921921006 0.030420815933134563 0.038066174108515795 0.6923867651771726
0.04081481481478458 0.03498518518515927 0.020222222222207244 0.012103703703694738 0.00929629629628941 0.006725925925920944 0.006014814814810359 0.006125925925921388 0.006274074074069427 0.007814814814809026 0.010170370370362837 0.013711111111100955 0.016977777777765202 0.015133333333322124 0.00983703703702975 0.00960740740740029 0.006496296296291484 0.007170370370365059 0.0067111111111061396 0.008148148148142112 0.009074074074067353 0.01183703703702827 0.016637037037024714 0.029799999999977927 0.03814074074071249 0.6401703703698962
0.046694736841908654 0.04277894736824093 0.016294736842036653 0.007705263157862293 0.006610526315761639 0.005599999999976421 0.005094736842083811 0.005473684210503269 0.004884210526295224 0.004210526315771745 0.003999999999983158 0.004757894736822072 0.005557894736818703 0.008926315789436099 0.004884210526295224 0.008126315789439467 0.004589473684191202 0.007368421052600554 0.005810526315765008 0.00677894736839251 0.00412631578945631 0.006947368421023379 0.01305263157889241 0.029810526315663954 0.03545263157879809 0.7044631578917706
0.042982456140171335 0.040852130325643894 0.019256474519551977 0.010651629072637211 0.007268170426034803 0.005680868838739846 0.004302422723457384 0.005973266499557338 0.005012531328299864 0.004970760233897365 0.006558061821192322 0.010066833751002226 0.008771929824524762 0.012573099415152158 0.007560568086852295 0.009732664995782236 0.008270676691694775 0.01027568922301472 0.008563074352512268 0.010066833751002226 0.006892230576412313 0.008813700918927261 0.012573099415152158 0.024979114452694323 0.02873851294891922 0.6786131996629966
0.04505599999992791 0.030319999999951486 0.024703999999960473 0.014159999999977343 0.012015999999980775 0.01076799999998277 0.009903999999984153 0.010495999999983206 0.01134399999998185 0.012303999999980313 0.013279999999978752 0.01759999999997184 0.023087999999963058 0.02366399999996214 0.01636799999997381 0.01465599999997655 0.010063999999983898 0.010335999999983463 0.009471999999984845 0.012031999999980749 0.012671999999979724 0.01519999999997568 0.018879999999969792 0.025071999999959883 0.03079999999995072 0.5657439999990947
0.033980861243986624 0.02881339712915903 0.014267942583718404 0.011693779904295029 0.009617224880373572 0.009578947368411887 0.009435406698555564 0.01052631578946361 0.012899521531088134 0.014813397129172427 0.01797129186601151 0.02122488038275481 0.020928229665051742 0.02190430622007473 0.01575119617223373 0.011712918660275873 0.008985645933005755 0.009942583732047901 0.007770334928222229 0.008468899521522997 0.008794258373197326 0.01012440191386591 0.011942583732045988 0.02658373205739083 0.037483253588480876 0.6047846889946366
0.029607407407385475 0.026718518518498727 0.010162962962955435 0.00744444444443893 0.005814814814810508 0.005444444444440411 0.005740740740736488 0.00725185185184648 0.00948888888888186 0.014066666666656246 0.020274074074059057 0.026377777777758238 0.028059259259238474 0.023170370370353206 0.014874074074063055 0.011814814814806063 0.007859259259253437 0.007355555555550107 0.005370370370366392 0.005629629629625459 0.005296296296292373 0.006488888888884083 0.009037037037030344 0.026237037037017602 0.03128888888886571 0.649125925925445
0.041779192386764114 0.03896604938265341 0.01313335905347683 0.006671167695462527 0.00458140432098029 0.0037937242798292926 0.0035204475308585385 0.004179526748964475 0.003890174897113088 0.004967206790115472 0.006221064814804814 0.008134002057600093 0.009805812757185882 0.012811856995864178 0.008294753086406419 0.006655092592581895 0.004758230452667248 0.005867412551430897 0.0040509259259194135 0.004935056584354207 0.004806455761309146 0.006719393004104425 0.010480967078172452 0.030446244855918136 0.03464184670776324 0.715888631686092
0.03610526315787238 0.025863777089767268 0.011746130030952479 0.010414860681108102 0.010371517027857356 0.010111455108352872 0.009770897832811288 0.010563467492253521 0.010507739938073989 0.012520123839001536 0.016266253869958967 0.024619195046424385 0.033157894736821576 0.036934984520100966 0.01839628482970997 0.015560371517018229 0.010018575851386985 0.014470588235285157 0.009566563467486336 0.012916408668722653 0.011492260061912389 0.013962848297204976 0.01644582043342635 0.029040247678000595 0.05066873065012342 0.538507739937747
0.030251366120202048 0.02783606557375528 0.010775956284147117 0.0062950819672096744 0.004825136612019222 0.004672131147538431 0.004016393442620756 0.005010928961745896 0.005180327868849628 0.006879781420761268 0.007497267759558745 0.01361202185791606 0.019546448087421012 0.02979781420763399 0.01053005464480299 0.012087431693982466 0.005994535519122407 0.012693989071031316 0.004999999999997268 0.009590163934420989 0.007699453551908361 0.015005464480866117 0.017491803278678966 0.03953005464478714 0.064382513661167 0.6237978142073094
0.045781119465138756 0.039223057643946437 0.01182121971590718 0.00697577276521731 0.004928989139494866 0.004469507101067379 0.005806182121947342 0.0055555555555323495 0.005806182121947342 0.007268170426034803 0.009607351712574739 0.02055137844602944 0.02431077694225434 0.02543859649112181 0.010860484544649706 0.011487050960687188 0.006516290726789823 0.006558061821192322 0.004928989139494866 0.004010025062639891 0.003508771929809905 0.005221386800312359 0.009064327485342255 0.024519632414266836 0.027861319966466742 0.6679197994959569
0.044487348011647686 0.03697009530053824 0.01741702267492024 0.01150180742683412 0.007928031547782089 0.00505257969107356 0.00427209990139553 0.004929346040071766 0.006120604666422442 0.005545514295080736 0.008174498849785678 0.00846204403545653 0.010392704567817972 0.012528754518515737 0.007394019060107648 0.0069421623397677365 0.003697009530053824 0.0057919815970843246 0.003984554715724677 0.005381202760411677 0.004929346040071766 0.0072297075254385895 0.013021689122522915 0.029945777193435975 0.035573447255851244 0.6923266513280795
0.03934333958721742 0.02902439024388429 0.019349593495922857 0.013871169480916903 0.01163852407754119 0.01058161350843616 0.009674796747961428 0.010131332082545259 0.01041901188242 0.011619762351462401 0.013133208255151262 0.0168292682926724 0.018993120700425897 0.017854909318312785 0.011238273921193722 0.010512820512813938 0.008780487804872558 0.009843652282670517 0.008255159474666507 0.009468417761094767 0.009793621013127083 0.012782989368347228 0.018674171357086506 0.025484677923686375 0.04255159474669008 0.600150093808255
0.027759907359708312 0.027840324240819864 0.0110975295933944 0.00775218733915377 0.007189269171372894 0.006948018528038233 0.007607436953152973 0.011338780236729061 0.014700205867192003 0.01796513124032108 0.0241411477096884 0.039565105506884385 0.04524253731336007 0.04170419454445171 0.022050308800788003 0.01926788471432825 0.012898867730293202 0.012786284096737027 0.010212943901167311 0.010341610910945796 0.009344441585162531 0.009843026248054164 0.011242279979395198 0.017820380854320285 0.02528306742147246 0.5480571281514602
0.03262944162434892 0.028213197969528824 0.012512690355323597 0.008035532994919778 0.006593908629438277 0.006710659898473751 0.0063857868020272155 0.007020304568524355 0.00794416243654419 0.010685279187811834 0.012847715736034087 0.023050761421308096 0.030289340101507467 0.029147208121812616 0.015482233502530212 0.01324873096446028 0.009604060913700708 0.009791878172583863 0.008035532994919778 0.009350253807101853 0.009131979695426836 0.011477157360400265 0.015619289340093594 0.03126395939084707 0.04420812182738873 0.6007208121824362
0.03901427469129531 0.03666730967072295 0.015078446502033374 0.00978973765430525 0.007233796296284668 0.0060924639917597535 0.006237139917685447 0.006204989711924182 0.006896219135791384 0.007957175925913135 0.008969907407392988 0.011204346707800919 0.012972608024670504 0.012409979423848364 0.007507073045255422 0.008085776748958195 0.005561985596698878 0.005979938271595325 0.005899562757192163 0.006622942386820629 0.007603523662539217 0.01139724794236851 0.014901620370346416 0.02967463991764777 0.03626543209870713 0.6737718621388346
0.039974937343191415 0.025605680868731804 0.018170426065087005 0.017418546365842027 0.017167919799427035 0.015371762740119583 0.018922305764331987 0.019590643274771967 0.015705931495339574 0.01808688387628201 0.021679197994896912 0.023767752715021854 0.026900584795209268 0.025146198830304316 0.015622389306534576 0.014076858813642118 0.008646616541317265 0.0110275689222597 0.008855472013329759 0.011904761904712177 0.014076858813642118 0.016165413533767062 0.01620718462816956 0.018922305764331987 0.033500417710804094 0.5274853801147557
0.0435402482978878 0.036571886263457636 0.0168682418902413 0.009499399279119745 0.0070004004805654775 0.007288746495783278 0.006535843011603467 0.006231477773318011 0.007016419703633134 0.0077853424108806 0.009627553063660988 0.011870244293132767 0.0121105326391476 0.011982378854606356 0.008458149779722134 0.010412494993976111 0.0071605927112420335 0.008842611133345868 0.005782939527423656 0.00796155386462481 0.007897476972354189 0.010572687224652667 0.014913896675987323 0.02828994793747971 0.035722867440871886 0.6600560672796795
0.02807017543847924 0.022932330826971877 0.015204678362509588 0.013575605680812132 0.011737677527102182 0.012322472848737165 0.013074352547982145 0.01687552213860954 0.018253968253892004 0.020760233918041937 0.02652464494558678 0.03638262322457651 0.047619047618848706 0.03279030910596161 0.023767752715021854 0.015413533834522082 0.008939014202134757 0.008771929824524762 0.006015037593959837 0.007142857142827306 0.008354218880499774 0.0110275689222597 0.011946532999114676 0.015998329156157065 0.023266499582191867 0.5432330827044978
0.04684284979416338 0.03644225823039409 0.013535236625492645 0.006124614197521019 0.004083076131680679 0.0027649176954688062 0.0031185699588427234 0.004002700617277516 0.004179526748964475 0.005706661522624571 0.00786072530862934 0.015046296296272108 0.020045653292148847 0.018807870370340138 0.01046489197529182 0.008953832304512355 0.006108539094640386 0.006944444444433281 0.004565329218099657 0.004661779835383453 0.0050315072016380025 0.00792502572015187 0.013406635802447584 0.030446244855918136 0.04087898662544869 0.6720518261306069
0.02834645669279591 0.027434728553553937 0.02101118939071276 0.013012847078271807 0.011976792374587746 0.01168669705755621 0.01019477828425116 0.013758806464924332 0.01761292996262904 0.01852465810187101 0.021632822212923196 0.023539162867701868 0.02834645669279591 0.025694156651364715 0.01612101118932399 0.017157065893008052 0.010526315789430061 0.010277662660545885 0.008785743887240838 0.009283050145009188 0.010236220472398524 0.01036054703684061 0.01168669705755621 0.020140903439618146 0.024782428512122742 0.5778698715268219
0.03200442026507989 0.024778986739099035 0.014323359401503215 0.01130567834065239 0.011730703842180674 0.012240734444014618 0.015598435906088072 0.018276096565716268 0.020358721523204868 0.022908874532374578 0.02545902754154429 0.031196871812176143 0.03132437946263463 0.03213192791553837 0.020358721523204868 0.018743624617397384 0.008840530431788335 0.009095545732705306 0.004505270316199825 0.005822849370937509 0.005142808568492253 0.008755525331482678 0.012070724243403302 0.02465147908864055 0.0300918055082026 0.548282896971488
0.04754491017961225 0.03561077844309245 0.01734730538921117 0.010880239520951568 0.0069281437125707016 0.004922155688619807 0.003814371257482746 0.003862275449099484 0.003784431137722285 0.004377245508979415 0.005329341317362078 0.007251497005983681 0.009257485029934577 0.009580838323347557 0.006550898203588892 0.0066826347305349205 0.005053892215565836 0.0058622754490982865 0.004610778443111012 0.005790419161673179 0.00611377245508616 0.008844311377240214 0.014017964071847893 0.033634730538902015 0.04623353293410405 0.686113772454679
0.051754385964696094 0.04690893901400622 0.015956558061754566 0.006683375104399819 0.003759398496224898 0.0023809523809424356 0.0023809523809424356 0.002506265664149932 0.0020885547201249435 0.0020467836257224443 0.0025898078529549297 0.0026315789473574285 0.004302422723457384 0.007685881370059791 0.002506265664149932 0.00588972431075234 0.002506265664149932 0.00405179615704239 0.0023391812865399364 0.004553049289872376 0.00513784461150736 0.007936507936474784 0.011278195488674694 0.0295739348369692 0.045781119465138756 0.7247702589777578
0.044695071010673784 0.04139515455287637 0.027777777777661748 0.021595655806091914 0.014494569757667107 0.00847953216370727 0.005931495405154839 0.008771929824524762 0.009482038429367243 0.010568086883832213 0.012489557226347162 0.016040100250559564 0.020760233918041937 0.019632414369174466 0.011612364243894684 0.012489557226347162 0.006850459482009814 0.010944026733454702 0.008688387635719764 0.011111111111064699 0.00918964076854975 0.014160401002447115 0.01549707602332708 0.03057644110262917 0.031954887217911634 0.5748120300727869
0.0467882304183722 0.04608371321986704 0.01425611272269268 0.007625362619114689 0.00542892664730448 0.004227103191030969 0.0024036469125470216 0.0028595109821680084 0.0028595109821680084 0.0020721094073681222 0.003439701616231083 0.00356402818067317 0.004268545379178331 0.007335267302083152 0.002610857853283834 0.006050559469514917 0.003066721922904821 0.0048487360132414056 0.0022793203481049342 0.005636137588041292 0.005346042271009755 0.006879403232462166 0.010111893907956436 0.031454620803848095 0.0431413178614043 0.7253626191432848
0.03270481927708873 0.030012048192753004 0.013945783132521719 0.009554216867464124 0.007734939759031485 0.006572289156622547 0.006301204819273313 0.007698795180718253 0.00800602409638072 0.010138554216861361 0.0129578313252934 0.025813253012032644 0.03230120481925765 0.03592771084335185 0.01575903614456882 0.013909638554208488 0.00862048192770565 0.009524096385536432 0.007349397590357018 0.008903614457825962 0.009108433734934272 0.01241566265059493 0.01526506024095466 0.026807228915646502 0.04095783132527653 0.5917108433731375
0.04513324666864993 0.03497725056859369 0.018077673058100107 0.010724731881659389 0.007027949301238918 0.0071498212544395924 0.007352941176440717 0.007759181020442967 0.011252843678862314 0.010359116022057364 0.013730906727276036 0.017833929151698756 0.01811829704250033 0.014380890477679636 0.007677933051642517 0.008002924926844316 0.005687357816031494 0.007637309067242292 0.00467175820602587 0.0062967175820348685 0.006581085472836443 0.008693532661648141 0.010805979850459838 0.02612122196934465 0.03493662658419346 0.6490087747779939
0.030459259259214135 0.027466666666625974 0.017896296296269782 0.012474074074055593 0.009362962962949091 0.008251851851839628 0.008903703703690513 0.010222222222207079 0.012059259259241393 0.01451851851849701 0.01912592592589759 0.029748148148104076 0.039259259259201096 0.03451851851846738 0.02247407407404078 0.017496296296270374 0.012592592592573938 0.011644444444427193 0.00903703703702365 0.009792592592578085 0.008903703703690513 0.012207407407389322 0.013199999999980444 0.02448888888885261 0.03207407407402656 0.5518222222214048
0.04135156878513057 0.03174577634749518 0.01494770716007249 0.009203539822994041 0.007610619469014303 0.006838294448902915 0.007739340305699534 0.0086242960579105 0.009251810136751002 0.011214802896200781 0.013869670152833677 0.018278358809302852 0.022333065164887637 0.020788415124664863 0.015333869670128184 0.01219629927592567 0.010201126307304584 0.009541432019292773 0.007031375703930762 0.007224456958958609 0.007031375703930762 0.008399034593711345 0.010120675784376315 0.025824617859974537 0.03263073209970614 0.630667739339291
0.028565891472849762 0.026337209302308567 0.015226098191204634 0.010749354005161015 0.00789405684754012 0.007583979328160476 0.00736434108526656 0.009760981912138398 0.011976744186038774 0.016363049095596664 0.020878552971562738 0.02770671834623533 0.030536175710574587 0.0334689922480404 0.021233850129185248 0.019418604651150247 0.013533591731257406 0.012648578811361338 0.009257105943146474 0.009696382428934305 0.009018087855291332 0.011440568475444805 0.014069767441851375 0.023294573643395804 0.032222222222201405 0.5697545219634562
0.04204582385423283 0.04074585635342563 0.017062073448094482 0.008856028599249041 0.006743581410437343 0.0051186220344283445 0.004143646408822946 0.0052811179720292445 0.007881052973643643 0.008246668833245667 0.010927851803660514 0.013690282742875811 0.015680857978486833 0.01787455313609898 0.012552811179669512 0.011496587585263663 0.008612284692847692 0.01088722781926029 0.006702957426037118 0.007190445238839818 0.0064592135196357685 0.007434189145241167 0.01121221969446209 0.02482125446853745 0.02746181345455207 0.6608709782228597
0.055176876617535904 0.040681622087831396 0.016177739430473778 0.009275237273471633 0.006125970664339404 0.003451251078501073 0.003882657463313707 0.002933563416725912 0.003451251078501073 0.0037963761863511803 0.003062985332169702 0.003451251078501073 0.003882657463313707 0.008067299395996258 0.003968938740276234 0.005220017256232873 0.004184641932682551 0.005996548748895615 0.0035375323554636 0.005047454702307819 0.004012079378757498 0.007247627264852253 0.01276962899045397 0.027394305435602267 0.034598792061973256 0.7226056945611622
0.0552213868001035 0.033040935672376606 0.0294068504593592 0.01908939014194198 0.012406015037542163 0.008980785296537256 0.007811194653267288 0.006850459482009814 0.006223893065972331 0.008312447786097275 0.008228905597292276 0.009482038429367243 0.008563074352512268 0.009816207184587233 0.006056808688362335 0.008395989974902271 0.006182121971569832 0.00956558061817224 0.008688387635719764 0.01027568922301472 0.01027568922301472 0.01324143692559214 0.019674185463576965 0.025020885547096822 0.04168755221369387 0.6175020885521407
0.03084812242793395 0.024627057613129135 0.01673418209873853 0.014628343621375661 0.013278034979402524 0.013020833333312403 0.013229809670760626 0.013888888888866562 0.017345036008202572 0.019595550411491133 0.024755658436174197 0.03153935185180115 0.0362975823044684 0.03657085905343915 0.024755658436174197 0.02168531378597337 0.016798482510261063 0.016091177983513227 0.014258616255121112 0.01610725308639386 0.012490354938251527 0.012184927983519507 0.013615612139895808 0.02514146090530938 0.04763052983531438 0.472881301439569
0.03949543279669641 0.03527620704638853 0.01396259243143122 0.009656372335756171 0.0061331013483856755 0.0031317964332182174 0.004262722922991463 0.004436711613725808 0.004001739886889944 0.004915180513245258 0.005045672031296017 0.00643758155717078 0.00561113527618264 0.012179208351404179 0.005306655067397535 0.008655937364033684 0.0032622879512689763 0.008742931709400856 0.0032622879512689763 0.0064810787298543665 0.003305785123952563 0.007655502392311198 0.00930839495428748 0.03636363636347819 0.045628534145082084 0.7074815136985321
0.03554205246907867 0.0290477109053031 0.011188271604920285 0.007474922839494157 0.005561985596698878 0.0048707561728316764 0.004018775720158149 0.006880144032910751 0.009034207818915518 0.013294110082283156 0.017554012345650793 0.03314686213986441 0.04377250514396255 0.05885095164599593 0.027970679012300714 0.026347093621356822 0.013213734567879993 0.013004758230431769 0.007571373456777952 0.00811792695471946 0.007507073045255422 0.008407278806570847 0.009548611111095761 0.02062435699585162 0.029449588477318916 0.5480002572007652
0.036102819237087726 0.030199004975074297 0.019568822553864728 0.01494195688223061 0.013399668325019237 0.011824212271953858 0.010978441127676652 0.013466003316727253 0.013565505804289278 0.01671641791042004 0.017014925373106112 0.019502487562156712 0.020348258706433916 0.021625207296813224 0.012951907130990129 0.01253731343281503 0.008971807628509168 0.011210613598654709 0.007910447761180911 0.009303482587049248 0.008839137645093136 0.01303482587062515 0.016268656716390932 0.024975124378068033 0.04356550580423953 0.571177446101872
0.04272762345672144 0.036281507201587765 0.013454861111089482 0.007330246913568463 0.005224408436205593 0.0050797325102799 0.004935056584354207 0.005336934156370022 0.006413966049372406 0.007490997942374789 0.008551954732496541 0.011638374485578 0.015753600823019943 0.018663194444414444 0.01331018518516379 0.01239390432096773 0.009998713991753474 0.009194958847721844 0.00705697016459771 0.007507073045255422 0.0069122942386720156 0.008471579218093378 0.011992026748951915 0.027954603909420082 0.035477752057556135 0.660847479422806
0.04614760014414405 0.03766690725352911 0.020840851678000538 0.012901479610190808 0.007037170696467714 0.005413208228052088 0.006405629736528303 0.007082280765034815 0.007533381450705822 0.007398051245004519 0.00929267412482275 0.012360158787385599 0.019893540238091423 0.01425478166720383 0.007668711656407124 0.00924756405625565 0.005683868639454692 0.005458318296619189 0.004601226993844274 0.0055936485023204904 0.005232767953783684 0.008886683507718844 0.012721039335922406 0.026930710934559135 0.03288523998541643 0.6608625045080256
0.04071216617208266 0.03731157270027459 0.01321661721067465 0.005851632047474272 0.0038575667655763456 0.0026765578634998953 0.0026824925816007817 0.002937685459938909 0.003810089020769252 0.0047062314540031415 0.006403560830856734 0.00950741839762047 0.012605341246283321 0.012362017804146965 0.006783382789313482 0.006439169139462054 0.004160237388721567 0.003756676557861272 0.002433234421363541 0.0032166172106805834 0.003127596439167283 0.005240356083082943 0.008973293768540669 0.03389317507416386 0.03830860534122356 0.7250267062310237
0.051946589446505875 0.03582689832684069 0.024501287001247585 0.015508365508340559 0.009958172458156438 0.007191119691108122 0.007512870012857926 0.007319819819808044 0.006354568854558632 0.0063063063062961605 0.007657657657645338 0.008976833976819535 0.012001287001267694 0.014929214929190911 0.008268983268969967 0.009604247104231653 0.0064189189189085925 0.008976833976819535 0.006821106821095848 0.009025096525082005 0.010199485199468792 0.01470398970396605 0.017519305019276836 0.025916988416946722 0.04787644787637085 0.6186776061766108
0.03835263835257665 0.029166666666619743 0.016280566280540087 0.011180823680805694 0.007689832689820319 0.006451093951083573 0.005823680823671455 0.008381595881582398 0.009668597168581615 0.01325611325609193 0.01558880308877801 0.017487129987101856 0.018951093951063463 0.028442728442682686 0.018951093951063463 0.016956241956214677 0.012146074646055107 0.016409266409240012 0.009749034749019066 0.014124839124816402 0.011969111969092713 0.016682754182727345 0.01565315315312797 0.027091377091333507 0.040170527670463044 0.5733751608742385
0.031603652263323685 0.02768132716044933 0.013888888888866562 0.00935570987652817 0.007442772633732892 0.008407278806570847 0.008905606995870457 0.01226530349792267 0.016669881687216 0.020945859053464272 0.029128086419706264 0.040991512345613115 0.04441550925918786 0.035590277777720565 0.020961934156344904 0.017377186213963836 0.012072402263355079 0.011638374485578 0.008519804526735276 0.009886188271589045 0.009130658436199314 0.010014789094634107 0.0130690586419543 0.02075295781889668 0.028838734567854876 0.5304462448551144
0.03215663256743217 0.02964112024142705 0.008804293141017935 0.005135837665593795 0.003961931913458071 0.004737548213976317 0.0065612946503300325 0.009370283414369088 0.011529431494190152 0.014422270669096045 0.017713399295619416 0.018509978198854374 0.019495220526539712 0.020732014086825564 0.013709542176727927 0.012808150259909425 0.0073997987589984075 0.00698054670466422 0.004150595337908455 0.004066744927041618 0.0037313432835742676 0.00530353848732747 0.00794482642963285 0.023436189837281074 0.029158980378942732 0.6785384873371656
0.03588137009174652 0.04097744360885139 0.019256474519551977 0.016123642439364563 0.011194653299869696 0.007142857142827306 0.0073517126148398 0.009398496240562245 0.010025062656599727 0.009147869674147251 0.010944026733454702 0.01725146198823203 0.020050125313199454 0.019632414369174466 0.011361737677479692 0.00956558061817224 0.007101086048424807 0.009857978278989732 0.007852965747669787 0.00847953216370727 0.008688387635719764 0.014285714285654613 0.014411027568862108 0.019548872180369468 0.02401837928143685 0.6304511278169154
0.04059945504084981 0.031940054495895404 0.014076294277921484 0.007852861035418063 0.00488828337874393 0.003683923705720063 0.0030517711171645493 0.003689373297000714 0.0033133514986357967 0.00444141689373055 0.005558583106264001 0.010615803814708112 0.013400544959120762 0.021258855585819476 0.007247956403265805 0.008795640326970684 0.004681198910079193 0.010495912806533789 0.004261580381469067 0.0076566757493146285 0.006081743869206495 0.011400544959121852 0.01516621253405168 0.032223433242489254 0.052098092643023376 0.6715204359669364
0.050251868703078274 0.043711407214642055 0.014462138446480085 0.007677933051642517 0.0062154696132344185 0.00483425414362677 0.004346766330824071 0.0032905427364182216 0.003534286642819571 0.004143646408822946 0.003818654533621146 0.004387390315224295 0.004428014299624521 0.008571660708447466 0.0036155346116200212 0.007190445238839818 0.0024780630484137227 0.0041030224244227205 0.0022343191420123726 0.00524049398762902 0.005646733831631269 0.0071498212544395924 0.012512187195269288 0.03298667533298267 0.03700844978860494 0.7161602209915657
0.038955223880532415 0.03500829187390546 0.017728026533967284 0.012570480928669038 0.008938640132655159 0.008076285240450952 0.007827529021545892 0.008673300165823095 0.009668325041443337 0.011111111111092685 0.012155887230493937 0.014991708126011622 0.017280265339938174 0.015572139303456762 0.009867330016567383 0.011028192371457664 0.0091044776119252 0.009121061359852203 0.007114427860684719 0.007927031509107915 0.007396351575443787 0.010613598673282565 0.01452736318405551 0.02723051409614058 0.033084577114372994 0.6344278606954653
0.0183781005011914 0.02053078010535193 0.007711091119381007 0.005574476288385853 0.005349569464070573 0.004931885361770768 0.005445958103062836 0.006988176326939037 0.00747011952190035 0.010024418455195309 0.011470248040079248 0.019020691427806484 0.03262755429888088 0.04992931499799202 0.014072741292870337 0.018988561881475727 0.00885169001412278 0.02229790515354341 0.006875722914781397 0.015759542475234933 0.007389795656073465 0.01743027888443415 0.012241357152017348 0.025462665467122697 0.13788394807843163 0.507293407016278
0.04795497185738089 0.042338961851130494 0.009999999999993747 0.0044590368980584995 0.0029393370856767107 0.0021701063164464227 0.0021888680425252104 0.002045028142587839 0.0024953095684787396 0.0031832395247009485 0.003914946841773662 0.005515947467163529 0.005753595997494838 0.006353971232016039 0.003558474046276699 0.004165103189490828 0.002726704190117119 0.00400250156347467 0.0026766729205736856 0.0041588492807979 0.0036835522201352825 0.005647279549715042 0.0098186366478988 0.03647279549716293 0.04370856785488198 0.7380675422134221
0.04131999999997934 0.03610999999998195 0.013144999999993428 0.007854999999996072 0.00503999999999748 0.00429999999999785 0.004049999999997975 0.004204999999997897 0.004869999999997565 0.005874999999997062 0.0073749999999963125 0.00931999999999534 0.010974999999994512 0.011294999999994353 0.008269999999995866 0.006924999999996537 0.005304999999997347 0.005909999999997045 0.004389999999997805 0.00507999999999746 0.005634999999997182 0.008134999999995932 0.013009999999993496 0.03169999999998415 0.04066999999997967 0.6992349999996503
0.037037037036977395 0.03006441223827687 0.012012882447645711 0.007504025764883246 0.007987117552322082 0.005764895330103438 0.00669887278581852 0.00840579710143574 0.00922705314008176 0.012866344605454322 0.016328502415432645 0.03152979066017467 0.039887278582866524 0.04421900161023475 0.015942028985481575 0.01425120772944565 0.009001610305943637 0.009710144927520595 0.005942028985497678 0.00637681159419263 0.006409017713355219 0.009082125603850109 0.011803542673088883 0.02764895330108269 0.03652173913037597 0.5777777777768474
0.051128010139352184 0.045893536121614835 0.007300380228127629 0.0027122940430890845 0.0013688212927739304 0.0015969581749029189 0.0015335868187559777 0.0013181242078563775 0.0013561470215445422 0.0016983523447380248 0.00144486692015026 0.0027122940430890845 0.003574144486687485 0.004271229404303838 0.0023067173637486608 0.0036501901140638146 0.0017870722433437425 0.0034220532319348264 0.0016730038022792484 0.0030544993662825672 0.0023827629911249903 0.004638783269956098 0.007046894803539865 0.03728770595686022 0.043523447401719234 0.7613181242068932
0.02993184156373789 0.030606995884724462 0.01146154835389104 0.0067515432098656895 0.005176183127563696 0.005288708847728123 0.004629629629622187 0.00842335390945148 0.008825231481467294 0.013374485596686319 0.013840663580224665 0.021106610082270598 0.02155671296292831 0.03263245884768417 0.0167181069958579 0.021090534979389966 0.013004758230431769 0.02057613168720972 0.011156121399159022 0.01634837962960335 0.011445473251010408 0.018695344650175708 0.016589506172812837 0.024257330246874587 0.04833783436206222 0.5681745113159591
0.029761904761788974 0.032407407407281326 0.018751945222460504 0.01384998443816585 0.010154061624610355 0.009064737005878211 0.008948023653871194 0.012605042016757682 0.014978213507567 0.01602863367563014 0.0239651416121072 0.037464985994252 0.05209305944579796 0.04263927793322969 0.020697167755910763 0.01789604730774239 0.010231870525948367 0.013772175536827838 0.008558979147181144 0.009765017117920305 0.009609399315244283 0.009726112667251298 0.011476812947356533 0.02104730781193181 0.021241830065276836 0.5232648614981199
0.029252396166115493 0.027105431309886834 0.01028115015973784 0.006076677316290047 0.004690095846642371 0.004498402555907669 0.004683706070284547 0.0075654952076628975 0.009130990415329629 0.014038338658137995 0.018843450479221185 0.02965495207665837 0.039309904153329515 0.041265175718823474 0.02367412140573567 0.017546325878583038 0.010741214057501124 0.009501597444083385 0.0049968051118178935 0.005661341853031526 0.004824281150156662 0.006702875399356739 0.009706070287533734 0.027073482428097716 0.03502236421723002 0.5981533546322056
0.034026829464159324 0.02758454494332463 0.012868503494235893 0.01069965459071299 0.012177684954595265 0.012498995903265324 0.012290143786629786 0.015358663346428856 0.017656036629419784 0.01995340991241071 0.021720620130096038 0.02721503735235406 0.03050847457622217 0.027086512972886036 0.018539641738262447 0.015696039842532417 0.01124588320345209 0.010763916780447 0.008209494738520026 0.009109165394796193 0.008916378825594158 0.010346212547175923 0.012290143786629786 0.02705438187801903 0.04062976945932906 0.5455538597468944
0.03784900284894893 0.03693732193726932 0.011937321937304932 0.005997150997142454 0.004230769230763204 0.003034188034183712 0.002678062678058863 0.0034615384615335307 0.0028205128205088027 0.0042877492877431795 0.0035327635327585005 0.00544159544158769 0.005527065527057654 0.006552706552697218 0.004017094017088295 0.004700854700848005 0.00237891737891399 0.0049287749287679075 0.002492877492873942 0.004017094017088295 0.004059829059823277 0.006552706552697218 0.011552706552690096 0.03448717948713036 0.038732193732138556 0.7477920227909576
0.049606299212392846 0.04496477413988825 0.011893907998293022 0.005138831330272943 0.00339825942808372 0.0025694156651364713 0.0025694156651364713 0.0029838375466100958 0.004227103191030969 0.00542892664730448 0.00509738914212558 0.006050559469514917 0.006340654786546454 0.008868628263535563 0.005055946953978218 0.006216328222104366 0.004102776626588882 0.006506423539135903 0.004185661002883607 0.005926232905072829 0.0052631578947150304 0.007210940737641065 0.009738914214630174 0.03083298798163766 0.03742229589706829 0.718400331534528
0.038063063063005914 0.03232732732727879 0.01525525525523235 0.010555555555539706 0.007672672672661152 0.007087087087076446 0.006981981981971499 0.0074174174174062805 0.008258258258245858 0.010765765765749601 0.013948948948928005 0.0187387387387106 0.021531531531499202 0.021306306306274315 0.01581081081078707 0.014189189189167884 0.009744744744730112 0.009969969969955 0.007267267267256355 0.0074324324324212725 0.007882882882871046 0.010420420420404773 0.013663663663643147 0.026051051051011936 0.03660660660655164 0.6210510510501185
0.04206349206331636 0.039223057643946437 0.016416040100182053 0.01140350877188219 0.008604845446914767 0.004469507101067379 0.004553049289872376 0.004594820384274875 0.0048036758562873694 0.0048036758562873694 0.005764411027544844 0.007059314954022309 0.007602339181254794 0.008521303258109769 0.0057226399331423445 0.008061821219682281 0.0055555555555323495 0.0060985797827648345 0.005304928989117356 0.006766917293204816 0.007435254803644798 0.00923141186295225 0.011862990810309677 0.028613199665711724 0.03947368421036143 0.6959899749344362
0.04846246487346694 0.0398394219188441 0.017583299879538203 0.010180650341212074 0.00740264953832613 0.005684464070645228 0.005234845443588543 0.005764753111191064 0.005299076676025212 0.005315134484134379 0.005925331192282737 0.00650341228421276 0.009233239662771203 0.011336812525072121 0.007290244881561958 0.008992372541133694 0.006647932557195266 0.007563227619417803 0.006214371738247749 0.006776395022068605 0.007675632276181974 0.010726615816923763 0.013263749498172198 0.029883580891160364 0.04146126053786999 0.6697390606171502
0.027556338028149607 0.02838732394364198 0.010964788732386644 0.008232394366191385 0.006211267605629429 0.005626760563376319 0.004753521126757216 0.007647887323938276 0.008049295774642218 0.013394366197173666 0.02016901408449284 0.039535211267577794 0.06002112676052111 0.06003521126756336 0.02783802816899448 0.019387323943648317 0.010852112676048695 0.011281690140837125 0.006704225352107955 0.006661971830981224 0.005964788732390165 0.007943661971825392 0.011838028169005747 0.024014084507025343 0.030359154929556084 0.5365704225348334
0.033996953872896 0.03212576153173181 0.012412967798071788 0.007843777197554564 0.005548302872056627 0.005124020887722885 0.005200174064398172 0.0055591818972959535 0.006288076588330844 0.007996083550905139 0.01117275892078854 0.01667754569188786 0.024662750217553674 0.0202349869451477 0.013479112271525807 0.010150130548291829 0.00686466492601516 0.007212793733673615 0.004547432550038569 0.005091383812004905 0.004231940818098094 0.006331592689288151 0.009258050478667039 0.027567449956453906 0.03331157528281842 0.6771105308956951
0.042105263157718856 0.037092731829418996 0.015413533834522082 0.008813700918927261 0.006850459482009814 0.005304928989117356 0.005054302422702363 0.006182121971569832 0.006516290726789823 0.008270676691694775 0.009816207184587233 0.01395154553043462 0.0147034252296796 0.014452798663264608 0.008604845446914767 0.008020050125279782 0.004553049289872376 0.006140350877167334 0.004553049289872376 0.007268170426034803 0.005764411027544844 0.009398496240562245 0.01211361737672467 0.027192982456026762 0.030534670008226673 0.6813283207991591
0.04687546607006199 0.035443698732262906 0.020380313199089947 0.010708426547344736 0.007591349738995085 0.006152125279637471 0.006159582401188546 0.00604772557792241 0.006256524981352531 0.007561521252790782 0.009858314690522105 0.012289336316172789 0.01595078299775097 0.016055182699466028 0.011334824757635097 0.011043997017143144 0.008150633855325764 0.00841909023116449 0.006599552572702014 0.0072557792691966775 0.006994780014909027 0.010730797911997964 0.01664429530200101 0.02915734526470607 0.039351230425026584 0.6369873228928882
0.03878205128200156 0.032679487179445285 0.016230769230748423 0.009564102564090302 0.00829487179486116 0.007346153846144428 0.006820512820504076 0.006602564102555638 0.00819230769229719 0.009012820512808958 0.01379487179485411 0.01680769230767076 0.021923076923048818 0.01885897435895018 0.012064102564087097 0.01049999999998654 0.0077179487179388235 0.007371794871785421 0.005705128205120891 0.006653846153837623 0.006269230769222731 0.008782051282040022 0.013089743589726808 0.027679487179451692 0.03703846153841405 0.6422179487171253
0.04582289055954126 0.040350877192813904 0.017627401837854523 0.008228905597292276 0.005764411027544844 0.004511278195469878 0.004887218045092367 0.006307435254777329 0.007435254803644798 0.008771929824524762 0.008395989974902271 0.01027568922301472 0.008813700918927261 0.0110693400166622 0.0064745196323873246 0.008521303258109769 0.005388471177922354 0.007894736842072286 0.0051796157059098595 0.006223893065972331 0.005304928989117356 0.008395989974902271 0.010442773600624717 0.029239766081749205 0.03191311612350913 0.6867585630714839
0.030928497942337114 0.030462319958798768 0.012152777777758242 0.007442772633732892 0.005095807613160533 0.004565329218099657 0.004918981481473574 0.007426697530852259 0.0079893261316744 0.010191615226321065 0.013470936213970115 0.023067772633707774 0.0377282664608447 0.043515303497872436 0.01634837962960335 0.012409979423848364 0.004967206790115472 0.008809156378586662 0.003890174897113088 0.005996013374475958 0.00520833333332496 0.008262602880645153 0.010400591563769289 0.02787422839501692 0.03181262860077191 0.6250643004105179
0.01088736872529324 0.010261104152599381 0.0049137681857518165 0.0049940585155843625 0.003853935831962209 0.0042875036130579575 0.00525098757104851 0.007996916851321584 0.008141439445020167 0.01369753026943235 0.014725246491288941 0.021903201978318555 0.026351286251041606 0.06428043806393634 0.01771204676105965 0.03136140283259248 0.013793878665231407 0.04093201014863196 0.013023091498838965 0.03327231268260707 0.01652374987953797 0.03511899026875563 0.020474034107299234 0.024488550598926535 0.18492468767032 0.3668304589389363
0.019145447530833422 0.01541602366252666 0.006655092592581895 0.00471000514402535 0.004195601851845108 0.0029899691357976625 0.00297389403291703 0.00501543209875737 0.005835262345669632 0.00835905349792895 0.010223765432082331 0.019000771604907728 0.025864840534937844 0.05344971707810338 0.010914994855949533 0.018872170781862666 0.006204989711924182 0.025495113168683296 0.0050315072016380025 0.015207047325078434 0.0057709619341471015 0.01803626543206977 0.010079089506156637 0.02639531892999872 0.3536522633739171 0.3205054012340527
0.03513274336278004 0.031519174041251444 0.01441002949850382 0.00842182890854215 0.00758112094394162 0.007507374631257364 0.00768436578169958 0.009100294985237315 0.010811209439512078 0.013023598820039789 0.014926253687293618 0.01998525073743365 0.028879056047155044 0.025958702064858466 0.01662241887903153 0.012005899704997042 0.007595870206478472 0.006135693215330184 0.004911504424771517 0.005117994100287436 0.0048230088495504085 0.006740412979341091 0.012182890855439258 0.026740412979311592 0.031622418879009406 0.6305604719754712
0.043802647412685435 0.04043321299632502 0.013509827517026058 0.00715603690331784 0.0055034095467220165 0.004300040112307581 0.003979141596463732 0.0037384677095808447 0.004428399518645121 0.004540713999190468 0.0056799037304361335 0.008279181708771313 0.009498596068977941 0.010140393100665638 0.005952667468903405 0.0059687123946955975 0.0040112314480481165 0.005118331327709397 0.0041877256317622335 0.0056799037304361335 0.0055034095467220165 0.007958283192927464 0.010782190132353337 0.031592458884826966 0.03836341756913219 0.7098916967497635
0.03688138256073495 0.03228593872728874 0.016849960722636094 0.0137077769048951 0.010133542812214714 0.009858601728162377 0.009465828750944753 0.010879811468928201 0.012018853102859313 0.01421838177527801 0.017046347211244907 0.02010997643354238 0.0239591516102751 0.024862529457875638 0.014807541241104448 0.017124901806688433 0.011586802827919926 0.013354281225399237 0.008994501178283603 0.011665357423363451 0.007423409269413105 0.008837391987396553 0.012843676355016324 0.023880597014831577 0.029143754909547747 0.5880597014902276
0.03436923076920962 0.031470769230749866 0.0155999999999904 0.011710769230762023 0.009458461538455717 0.0074707692307646335 0.006664615384611283 0.007981538461533549 0.008689230769225422 0.010879999999993305 0.013433846153837886 0.023926153846139123 0.03329846153844105 0.03000615384613538 0.014061538461529808 0.010338461538455176 0.007895384615379756 0.008172307692302663 0.00738461538461084 0.008479999999994782 0.008443076923071727 0.012196923076915571 0.01555076923075966 0.027624615384598386 0.03507692307690149 0.5998153846150155
0.04142981019359375 0.03425185470656413 0.01713395638626532 0.010164755756800327 0.006760445771900375 0.006599865112235283 0.00626264572693859 0.006937084497531976 0.00825384590678573 0.009153097600910246 0.010550149339996547 0.013569065741700278 0.015110640074485161 0.015881427240877603 0.010614381603862584 0.011577865561853137 0.008575007226115915 0.009666955711838541 0.00847865883031686 0.009506375052173449 0.009907826701336178 0.011674213957652191 0.015496033657681383 0.02623887978927604 0.03375405466160235 0.6424511031881003
0.03954971857408408 0.03487179487177306 0.011194496560343218 0.005841150719195847 0.003958724202624166 0.003639774859284778 0.003158223889929232 0.0037898686679150783 0.004065040650403961 0.005622263914943326 0.006353971232016039 0.009474671669787696 0.011575984990611897 0.01442151344589467 0.006816760475292797 0.007654784240145307 0.003939962476545379 0.0069543464665372395 0.0031769856160080196 0.005347091932454442 0.003858661663537299 0.007560975609751369 0.010250156347710914 0.033577235772336726 0.04661038148840112 0.7067354596618469
0.028237259816089235 0.023224728487789368 0.015204678362509588 0.01324143692559214 0.011612364243894684 0.012364243943139664 0.013032581453579646 0.016332497911377055 0.017752715121062017 0.02063492063483444 0.026315789473574287 0.03638262322457651 0.04749373433564121 0.03266499582275411 0.024101921470241847 0.015455304928924581 0.008939014202134757 0.00847953216370727 0.005847953216349841 0.007644110275657292 0.008855472013329759 0.010860484544649706 0.011612364243894684 0.01662489557219455 0.022890559732569378 0.5441938178757553
0.04258450704222353 0.038528169014057374 0.01090845070421767 0.006309859154925134 0.004387323943658882 0.0037042253521100675 0.0034859154929552916 0.0033591549295750992 0.0037042253521100675 0.003514084507039779 0.003992957746476062 0.0055211267605594925 0.006704225352107955 0.008267605633796995 0.004204225352109715 0.004830985915489556 0.002795774647885355 0.0031901408450681758 0.0023450704225335597 0.002915492957744426 0.0030915492957724706 0.004901408450700774 0.00926760563379629 0.03385915492955362 0.03855633802814186 0.7450704225346866
0.03316032295247145 0.028618800461154708 0.01787773933089765 0.009587658592779788 0.007857554786563886 0.008650519031079508 0.010236447520110752 0.01052479815448007 0.016363898500458735 0.017589388696528332 0.02256343713939905 0.026816608996346476 0.027970011533823745 0.039864475201558065 0.025807381776053868 0.024077277969837965 0.014777970011427494 0.014850057670019822 0.006920415224863607 0.007425028835009911 0.008650519031079508 0.008938869665448825 0.010741061130257057 0.01903114186837492 0.026888696654938805 0.5542099192578271
0.03141075102875609 0.02843685699583906 0.0115901491769361 0.007105195473239607 0.0055298353909376124 0.004452803497935229 0.004468878600815861 0.006140689300401651 0.006896219135791384 0.008391203703690215 0.008519804526735276 0.018598894032891913 0.023887602880620036 0.05917245370360858 0.009998713991753474 0.02068865740737415 0.007105195473239607 0.03345228909459643 0.006365740740730507 0.02056005658432909 0.0087287808641835 0.025173611111070644 0.013792438271582767 0.023324974279797895 0.06389853395051456 0.5423096707810212
0.04342703932384048 0.037739681507808986 0.014299642508879185 0.008734156646048366 0.007109197270039368 0.006540461488436219 0.00524049398762902 0.005890477738032619 0.005931101722432844 0.006621709457236669 0.007881052973643643 0.008368540786446341 0.008368540786446341 0.010602859928458714 0.006418589535235543 0.00974975625605399 0.0074748131296413925 0.008165420864445216 0.008043548911244541 0.006946701332438468 0.0073935651608409425 0.0073123171920404925 0.010521611959658264 0.02754306142335252 0.03213357166057794 0.6915420864450295
0.04002402402399999 0.03552552552550419 0.017021021021010798 0.009123123123117643 0.006714714714710682 0.00553153153152821 0.005525525525522207 0.005297297297294116 0.00603603603603241 0.0066006006005966365 0.008378378378373347 0.01296696696695918 0.01645045045044057 0.015339339339330127 0.009111111111105638 0.008168168168163263 0.005741741741738293 0.0068888888888847515 0.005525525525522207 0.005879879879876348 0.006372372372368545 0.009051051051045615 0.014462462462453776 0.02759759759758102 0.04111711711709242 0.6695495495491474
0.03903333333330081 0.03498333333330418 0.01421666666665482 0.00837499999999302 0.006249999999994792 0.005633333333328639 0.005899999999995084 0.005624999999995313 0.006049999999994959 0.007533333333327056 0.008774999999992688 0.010841666666657632 0.012183333333323181 0.011866666666656778 0.008666666666659445 0.008683333333326097 0.006699999999994417 0.007766666666660194 0.0066833333333277635 0.006666666666661111 0.005933333333328389 0.007541666666660382 0.009549999999992042 0.029691666666641924 0.03629166666663643 0.6885583333327595
0.05004826254818203 0.039285714285651085 0.018162805662776442 0.009893822393806477 0.006579794079783495 0.00461711711710969 0.0030727155727106295 0.0030888030887981197 0.0030727155727106295 0.0030727155727106295 0.0036518661518602767 0.004311454311447375 0.005180180180171847 0.006901544401533299 0.004424066924059807 0.0062419562419462 0.00313706563706059 0.0054214929214842 0.0026383526383483937 0.004295366795359885 0.004584942084934709 0.006515444015433533 0.011486486486468007 0.0331885456884923 0.04247104247097414 0.7146557271545775
0.036246105918946656 0.03386292834885691 0.014968847352001605 0.01288161993767464 0.010498442367584893 0.010436137071634835 0.01015576323985957 0.010545171339547438 0.011479750778798318 0.013940809968825638 0.01607476635511515 0.026028037383137026 0.036728971962559614 0.02900311526475233 0.014672897196238826 0.012943925233624698 0.009003115264783484 0.01042056074764732 0.008987538940795969 0.010062305295934482 0.00828660436135781 0.010763239875372643 0.013535825545150256 0.024283489096535382 0.03302180685353112 0.5711682242981757
0.037512437810883065 0.031359867329964576 0.020348258706433916 0.014461028192347495 0.0111774461028007 0.010696517412917585 0.009452736318392285 0.011310116086216732 0.00976782752900536 0.01059701492535556 0.012172470978420941 0.014427860696493485 0.016417910447733965 0.016998341625179107 0.010580431177428556 0.012437810945253005 0.008341625207283015 0.011558872305121792 0.01084577114426062 0.012454394693180009 0.010082918739618436 0.011956882255369889 0.01519071310113567 0.026086235489177302 0.031409618573745586 0.6123548922046229
0.03276190476188641 0.0247226890756164 0.015904761904752995 0.011747899159657285 0.010151260504195994 0.00996078431371991 0.010431372549013765 0.0115574229691812 0.012773109243690323 0.014672268907554806 0.019378151260493345 0.02828571428569844 0.035070028011184834 0.034162464985975256 0.022280112044805445 0.017277310924360068 0.013114845938368003 0.012817927170861167 0.011226890756296232 0.012481792717079842 0.013507002801112881 0.015551820728282604 0.016100840336125435 0.02159103641455373 0.05210644257700162 0.5203641456579717
0.03138461538459873 0.026514588859402378 0.016445623342166343 0.011618037135272352 0.009214854111400947 0.008530503978775316 0.008870026525194233 0.01030769230768684 0.0122811671087468 0.01566578249336039 0.018864721485401133 0.026822281167094522 0.033236074270539394 0.028509283819613523 0.01785676392571997 0.014445623342167403 0.00982493368699744 0.009575596816971047 0.00750132625994297 0.007920424403178822 0.008387267904504834 0.01124668435012666 0.015692307692299366 0.026090185676378733 0.033241379310327196 0.5799522546416022
0.04260194174754524 0.03915857605175459 0.011456310679604235 0.005598705501614499 0.003482200647246937 0.002478964401292894 0.0022394822006457996 0.0023236245954677518 0.002530744336567941 0.00280258899676194 0.0032815533980561284 0.004601941747569837 0.0047961165048512645 0.0076893203883445374 0.0038640776699004117 0.004621359223297979 0.003048543689318415 0.0043430420711946 0.0027313915857587498 0.003488673139156318 0.003404530744334366 0.005190938511323501 0.010148867313909288 0.03443365695790652 0.038970873786382546 0.7507119741095465
0.03382108626195922 0.02911182108624338 0.015399361022354377 0.010728434504785478 0.009182108626192216 0.008485623003189465 0.007999999999994888 0.009469648562294269 0.010466453674114718 0.01320127795526313 0.016185303514366655 0.01960383386580217 0.021648562300305655 0.020626198083053913 0.01447923322682781 0.01327795527155701 0.00894568690095275 0.009047923322677925 0.007488817891369017 0.009252396166128274 0.009444089456862976 0.010690095846638537 0.014376996805102635 0.02677955271563784 0.04558466453671209 0.6047028753989746
0.04467304625192237 0.041786283891480404 0.011180223285468612 0.005901116427422805 0.0032854864433759404 0.0020414673046219435 0.0014354066985623039 0.0018022328548615593 0.0023604465709691222 0.002918660287076685 0.0034290271132321705 0.005215311004776371 0.0067464114832428285 0.008102073365218338 0.004736842105255603 0.00537480063794996 0.0035247208931363243 0.00583732057415337 0.003748006379579349 0.005007974481650705 0.0036682615629925544 0.005518341307806191 0.0086602870813259 0.03218500797443033 0.03671451355656026 0.7441467304613331
0.060082101806141076 0.03376026272572453 0.025615763546755967 0.016239737274193367 0.011904761904742357 0.009458128078802204 0.008144499178968563 0.007635467980283028 0.006403940886688992 0.0063218390804493894 0.006026272577986821 0.0072577996715808574 0.007405582922812142 0.013152709359584314 0.0063875205254410716 0.007405582922812142 0.005484400656805445 0.007865353037753915 0.007422003284060063 0.00970443349752101 0.010262725779950308 0.014482758620665873 0.019605911330017066 0.02978653530372777 0.04597701149417738 0.6162068965507123
0.04917894736821398 0.03768421052615712 0.0161684210525635 0.011284210526268277 0.008715789473647512 0.0071157894736542495 0.005136842105241529 0.0055157894736609855 0.005852631578922725 0.006147368421026748 0.008715789473647512 0.011368421052583712 0.013094736842050127 0.01583157894730176 0.007621052631546859 0.008715789473647512 0.004715789473664354 0.008336842105228056 0.0036210526315637007 0.0053052631578723985 0.005136842105241529 0.008210526315754902 0.01237894736836893 0.026821052631466016 0.03381052631564711 0.6735157894708483
0.044143283582063195 0.03459701492535248 0.012895522388052003 0.008859701492532023 0.006394029850742451 0.006035820895518785 0.005695522388056301 0.005844776119399496 0.006758208955219846 0.008029850746263863 0.01021492537312823 0.012961194029843009 0.014632835820886786 0.012185074626858397 0.007958208955219129 0.008244776119398063 0.0051641791044745285 0.0062567164179067125 0.004656716417907668 0.006244776119399257 0.006877611940294401 0.00919402985074078 0.013217910447753303 0.030167164179086468 0.04242985074624332 0.6703402985070624
0.0338661739898243 0.03179371837090241 0.019487509036839122 0.015583581010497897 0.013173748895472449 0.011824242911058198 0.01005703269337287 0.01069965459071299 0.010474736926643947 0.013173748895472449 0.018523576190828943 0.029753393846847533 0.037978954132801064 0.03346453530398672 0.018411117358794422 0.016258334002705023 0.012065226122560743 0.012402602618664306 0.01200096393282673 0.010876375612481523 0.01113342437141757 0.012065226122560743 0.014330468310684664 0.024291107719456518 0.034332074865395884 0.5319784721655844
0.04236624619381311 0.039843410178165097 0.019704219225664617 0.011831230969935488 0.00691605045669023 0.00739451935620968 0.006176598521069262 0.008829926054768029 0.008916920400135203 0.010743801652845828 0.010352327098693551 0.012831665941657975 0.017877337972953992 0.014528055676317842 0.008829926054768029 0.008786428882084443 0.005524140930815467 0.009569377990388997 0.00691605045669023 0.009395389299654652 0.007090039147424575 0.009047411918185961 0.010961287516263761 0.02705524140919071 0.027751196172128092 0.6507612005191354
0.04901960784273676 0.0499999999995915 0.015931372548889447 0.008415032679669811 0.00571895424831929 0.005310457516296483 0.004003267973823502 0.004084967320228064 0.0027777777777550834 0.002696078431350522 0.0031045751633733284 0.003267973856182451 0.004411764705846309 0.008660130718883495 0.004084967320228064 0.00580065359472385 0.0027777777777550834 0.00702614379079227 0.004003267973823502 0.008006535947647005 0.005392156862701044 0.008251633986860688 0.008660130718883495 0.029330065359237496 0.0348039215683431 0.7144607843078884
0.03517596014778214 0.03204242326846852 0.013128716053329376 0.007986501687276255 0.0058974771010671745 0.005527880443507106 0.005318977984886198 0.0065723927366116465 0.007600835609822271 0.00901494456048688 0.010188012212742749 0.014108950666858253 0.01618190583317342 0.018544110557579072 0.011730676522558684 0.012019926080649172 0.0072473083721561185 0.009159569339532124 0.006427767957566402 0.005238630885416618 0.0048208259681748016 0.005784991161809762 0.009047083400274712 0.028008998875095597 0.03459746103160116 0.6786276715399668
0.04159615384612718 0.038121794871770434 0.011371794871787582 0.006160256410252462 0.0037371794871770914 0.0028653846153827785 0.002596153846152182 0.002602564102562434 0.0026089743589726867 0.002871794871793031 0.003192307692305646 0.0043525641025613125 0.004647435897432918 0.005115384615381336 0.0029935897435878246 0.003320512820510692 0.001974358974357709 0.002846153846152022 0.002166666666665278 0.002679487179485462 0.002743589743587985 0.004775641025637965 0.010224358974352421 0.03570512820510532 0.03950641025638493 0.7592243589738723
0.04420160570899107 0.037243532560047976 0.017439785905363783 0.014049955396904327 0.010749330954456961 0.009009812667221187 0.008831400535197004 0.0062444246208463675 0.0065120428188826405 0.007314897412991459 0.010793933987463006 0.01066012488844487 0.01164139161457787 0.01400535236389828 0.009455842997281642 0.009812667261330005 0.005396966993731503 0.008652988403172824 0.004014272970544093 0.005218554861707321 0.0042372881355743205 0.00700267618194914 0.009634255129305824 0.02734165923270588 0.030240856378098837 0.6702943800148514
0.03930999999998035 0.027184999999986408 0.01663999999999168 0.01349999999999325 0.012689999999993654 0.011169999999994415 0.01105999999999447 0.012724999999993637 0.01401999999999299 0.016004999999991998 0.0170049999999915 0.023324999999988338 0.026244999999986876 0.026354999999986823 0.01734499999999133 0.015494999999992253 0.012249999999993875 0.01223999999999388 0.009999999999995 0.01069999999999465 0.010864999999994568 0.012729999999993635 0.01483999999999258 0.025729999999987135 0.03912499999998044 0.5514449999997243
0.04048586572434586 0.0356272084805339 0.015468197879844993 0.007888692579498332 0.005547703180207113 0.0045671378091832445 0.003966431095402856 0.0037014134275585677 0.004690812720843912 0.005362190812716111 0.007084805653703989 0.008330388692572147 0.009885159010591974 0.009787985865715734 0.0068374558303826525 0.005830388692574354 0.003692579505297091 0.003948763250879904 0.0033127208480536107 0.004054770318017619 0.004416961130738147 0.007226148409887609 0.013109540636030821 0.031201413427534273 0.03674911660774139 0.7172261484092604
0.04379682539679759 0.03010158730156819 0.01648888888887842 0.013123809523801192 0.01158730158729423 0.010552380952374252 0.009288888888882992 0.00933968253967661 0.010552380952374252 0.011974603174595571 0.014292063492054417 0.01701587301586221 0.019193650793638606 0.017682539682528454 0.013161904761896406 0.013015873015864751 0.00945396825396225 0.010171428571422112 0.008177777777772585 0.00871111111110558 0.009619047619041511 0.012552380952372983 0.015390476190466419 0.02741587301585561 0.037676190476166556 0.5996634920631113
0.037463098446865836 0.03569824156071798 0.012482351431118466 0.008182518290321874 0.0070273392375705505 0.006497882171726194 0.006176999101517493 0.006786676934914025 0.006818765241934895 0.007428443075331427 0.007284045693737511 0.009321653189562762 0.010284302400188865 0.011006289308158442 0.00515017327684965 0.008599666281593185 0.004877422667172254 0.008310871518405354 0.0056314978821627015 0.006610191246299239 0.006080734180454883 0.008310871518405354 0.011455525606450623 0.029136182774950045 0.03629187524060407 0.6970863817213819
0.03450643776819098 0.03313304721025303 0.01619456366235165 0.011402002861214016 0.009413447782533028 0.007496423462077973 0.007925608011433582 0.009055793991403353 0.010271816881244246 0.011874105865505188 0.01270386266092603 0.01606580829754497 0.015994277539319035 0.018783977110130495 0.011330472102988083 0.012560801144474162 0.009384835479242654 0.008726752503564052 0.006881258941334934 0.007582260371949095 0.006266094420591894 0.009899856938469384 0.012789699570797154 0.028898426323277684 0.03095851216018461 0.6398998569375681
0.04369256474501381 0.03546365914772154 0.01182121971590718 0.005806182121947342 0.005054302422702363 0.004344193817859882 0.0053467000835198545 0.005304928989117356 0.005680868838739846 0.00701754385961981 0.00998329156219723 0.011988304093517175 0.01812865497068451 0.01883876357552699 0.012071846282322172 0.01177944862150468 0.010108604845404726 0.011737677527102182 0.00956558061817224 0.009816207184587233 0.008646616541317265 0.008646616541317265 0.010025062656599727 0.02059314954043194 0.03095238095225166 0.6675856307407368
0.04499999999997289 0.03664457831323094 0.015909638554207284 0.007825301204814563 0.004710843373491138 0.0038132530120458955 0.0034879518072268145 0.0032228915662631187 0.0035903614457809697 0.00466265060240683 0.00627108433734562 0.008078313253007181 0.009385542168669044 0.011120481927704144 0.007367469879513634 0.007228915662646248 0.005228915662647452 0.0057108433734905355 0.005084337349394528 0.005969879518068693 0.006403614457827468 0.009283132530114889 0.01583734939758082 0.029795180722873616 0.04128915662648115 0.6970783132525921
0.02443537414962662 0.02288435374146546 0.010435374149645666 0.005251700680264964 0.0040544217687019666 0.0032380952380908325 0.003374149659859355 0.0040544217687019666 0.0045986394557760565 0.006380952380943699 0.00674829931971871 0.010775510204066972 0.010598639455767892 0.03195918367342591 0.007306122448969651 0.014013605442157805 0.00517006802720385 0.01866666666664127 0.0038639455782260353 0.012761904761887398 0.005034013605435328 0.014897959183653199 0.008979591836722476 0.026122448979556297 0.21612244897929778 0.5182721088428323
0.037696116255083435 0.03219843106990709 0.015528549382691086 0.012297453703683936 0.00972543724278272 0.007892875514390604 0.007828575102868074 0.009211033950602477 0.00972543724278272 0.010304140946485494 0.011316872427965348 0.014322916666643643 0.017377186213963836 0.014628343621375661 0.007571373456777952 0.007957175925913135 0.004758230452667248 0.00638181584361114 0.004983281892996104 0.00644611625513367 0.0060924639917597535 0.00861625514401907 0.01195987654319065 0.02822788065839084 0.03755144032915774 0.659400720163549
0.030610119047573495 0.025104166666629308 0.012812499999980933 0.012306547619029306 0.01325892857140884 0.014285714285693026 0.013452380952360933 0.013333333333313492 0.014360119047597679 0.016071428571404655 0.01952380952378047 0.027202380952340472 0.030476190476145124 0.026473214285674892 0.016726190476165585 0.015342261904739073 0.012053571428553492 0.010863095238079074 0.008988095238081863 0.00872023809522512 0.008020833333321398 0.009791666666652096 0.01007440476188977 0.02321428571425117 0.025669642857104658 0.581264880951516
0.03777777777772181 0.03127407407402774 0.013185185185165652 0.009066666666653234 0.007155555555544955 0.006607407407397618 0.007674074074062705 0.008651851851839034 0.009244444444430748 0.00951111111109702 0.013822222222201745 0.017970370370343748 0.02119999999996859 0.0197333333333041 0.015585185185162095 0.01354074074072068 0.008755555555542584 0.008948148148134891 0.006962962962952648 0.007985185185173355 0.007822222222210634 0.008488888888876313 0.012888888888869795 0.02718518518514491 0.038414814814757905 0.630548148147214
0.04853801169570368 0.040643274853631395 0.014452798663264608 0.006432748537984825 0.005472013366727351 0.0032999164577974106 0.003383458646602408 0.0035923141186149023 0.0036758563074199 0.003425229741004907 0.0040935672514448886 0.00513784461150736 0.00588972431075234 0.007101086048424807 0.002798663324967424 0.00551378446112985 0.002464494569747433 0.006182121971569832 0.0024227234753449343 0.00405179615704239 0.004594820384274875 0.008270676691694775 0.010609857978234712 0.030701754385836666 0.03654970760218651 0.7307017543829126
0.03057644110262917 0.02832080200489423 0.011946532999114676 0.007309941520437301 0.0053467000835198545 0.006892230576412313 0.007309941520437301 0.009899749373392231 0.013784461152824626 0.01812865497068451 0.024143692564644343 0.03705096073501649 0.05213032581431858 0.05112781954865861 0.033416875521999095 0.027151211361624263 0.01691729323301204 0.01211361737672467 0.010818713450247206 0.00923141186295225 0.00994152046779473 0.009523809523769742 0.009774436090184734 0.01182121971590718 0.015162907268107088 0.5301587301565156
0.04498746867149128 0.031453634085081644 0.021094402673261927 0.017460317460244526 0.01620718462816956 0.013408521303202137 0.012573099415152158 0.011612364243894684 0.01361737677521463 0.01700083542181704 0.017752715121062017 0.020509607351626942 0.0184628237259045 0.022681704260556886 0.014954051796094594 0.014327485380057112 0.009523809523769742 0.011152882205467196 0.007685881370059791 0.011361737677479692 0.011528822055089687 0.014118629908044618 0.0147869674184846 0.021846282372506905 0.02911445279854171 0.5607769423535472
0.04377472527470122 0.03742857142855086 0.015390109890101434 0.008423076923072296 0.005379120879117924 0.0037252747252726785 0.0034010989010970325 0.0033791208791190226 0.004027472527470315 0.004302197802195438 0.005203296703293845 0.006758241758238045 0.008373626373621773 0.008554945054940354 0.005087912087909293 0.004521978021975537 0.0034395604395585496 0.003741758241756186 0.0029450549450533267 0.0039010989010967575 0.005021978021975263 0.008197802197797694 0.014483516483508525 0.03313736263734443 0.04081868131865889 0.7165824175820239
0.03737827715353472 0.03600499375778027 0.014444444444435428 0.008426966292129572 0.0058114856429426895 0.005006242197250308 0.004843945068661146 0.005056179775277743 0.005468164794004077 0.006117353308360726 0.007328339575526012 0.009687890137322292 0.009662921348308574 0.009675405742815434 0.007303370786512295 0.006548064918847348 0.005505617977524653 0.005873907615476982 0.004694132334578842 0.005430711610483502 0.005980024968785281 0.008483146067410435 0.014132334581763962 0.030724094881379074 0.03599250936327341 0.704419475654991
0.040876876876852326 0.036546546546524596 0.014732732732723883 0.007729729729725087 0.005729729729726288 0.004246246246243696 0.0038198198198175254 0.0036216216216194467 0.00428228228227971 0.0050210210210180056 0.006978978978974788 0.010060060060054018 0.012222222222214882 0.010534534534528208 0.007051051051046816 0.005669669669666265 0.004210210210207682 0.00488288288287995 0.004318318318315724 0.004960960960957981 0.005687687687684272 0.008330330330325326 0.012438438438430968 0.03169969969968066 0.041519519519494584 0.7028288288284067
0.031954887217911634 0.031161236424264153 0.018337510442697002 0.011319966583077193 0.009649122806977238 0.009857978278989732 0.010860484544649706 0.013826232247227125 0.01695906432741454 0.019841269841186962 0.02539682539671931 0.03266499582275411 0.03287385129476661 0.0295321637425667 0.016708437760999548 0.015288220551314584 0.009398496240562245 0.011946532999114676 0.008228905597292276 0.0077276524644622905 0.006850459482009814 0.008061821219682281 0.009398496240562245 0.020175438596406952 0.02393483709263185 0.568045112779582
0.0220969089389219 0.021386800334079418 0.008312447786097275 0.008563074352512268 0.012990810359177147 0.014828738512887097 0.01027568922301472 0.010025062656599727 0.012823725981567152 0.016750208855402047 0.02247284878854439 0.0333333333331941 0.04030910609841141 0.04373433583941631 0.0258563074351468 0.023350041770996866 0.015162907268107088 0.01629072681697456 0.0077276524644622905 0.009022556390939756 0.008395989974902271 0.010526315789429714 0.010818713450247206 0.01654135338338955 0.08061821219682282 0.497786131994579
0.023220709146930852 0.027235354573440333 0.008880395683438977 0.007049717368950653 0.004367934224042317 0.0036774152106826864 0.0030350719424411692 0.004849691675223456 0.0062307297019427174 0.010084789311391822 0.01461330935249452 0.024746274409004454 0.03277556526202342 0.04297276464535751 0.015576824254856795 0.018451310380237583 0.009827852004095215 0.021309737923912338 0.008205935251785383 0.015512589928032642 0.009378211716326152 0.018692189105828153 0.019703879753308545 0.039166880781026515 0.0725205549844673 0.5379143114071526
0.03716420084479143 0.02837255758783489 0.016594876916977138 0.013816925734009803 0.012870133383260637 0.014066629211130463 0.014129055080410628 0.014368354245984594 0.016043448405002346 0.01733358303679242 0.020184364400586612 0.025823501258894828 0.029381775807864222 0.027051210021404738 0.019882639365732483 0.017375200282979196 0.01320307135275485 0.01237072642901932 0.010789271073921813 0.010747653827735036 0.010373098612054047 0.010747653827735036 0.011247060781976353 0.023638595834089064 0.03156668123266999 0.5408577314433476
0.04816199376939539 0.0420249221183146 0.008629283489083131 0.0036604361370659493 0.002180685358252055 0.0018691588785017615 0.001791277258564188 0.0016978193146390999 0.0019003115264767908 0.002803738317752642 0.0033956386292781997 0.004314641744541566 0.004781931464167007 0.006822429906531429 0.003691588785040979 0.004470404984416713 0.0026012461059149515 0.004408099688466654 0.0029750778816153038 0.005046728971954756 0.0040498442367538166 0.00652647975076865 0.009361370716496321 0.031495327102754676 0.038878504672836635 0.7524610591888591
0.04104603790592576 0.031255535337544875 0.019194537930115142 0.0136873802354009 0.010772773385274355 0.009581166164780629 0.009065876555918478 0.008325147743179136 0.008131914139855829 0.008695512149548806 0.010499025780566338 0.013767894236785611 0.016183314278326946 0.014476417448971069 0.008969259754256824 0.008808231751487402 0.006747073316038796 0.008035297338194174 0.005958036102468626 0.0064411201107768936 0.006714867715484912 0.009999838971981128 0.013767894236785611 0.025683966441722866 0.0338963945829634 0.6502954863840352
0.029792592592548454 0.022814814814781016 0.016311111111086945 0.015333333333310616 0.01296296296294376 0.010207407407392285 0.01048888888887335 0.012029629629611807 0.013333333333313581 0.016725925925901147 0.025348148148110594 0.04337777777771351 0.05708148148139692 0.047837037036966165 0.028755555555512954 0.0201481481481183 0.01291851851849938 0.011496296296279265 0.009659259259244948 0.010518518518502936 0.009674074074059742 0.013511111111091094 0.014785185185163282 0.01850370370367629 0.021851851851819478 0.4945333333326007
0.051294903926268606 0.03955722639916642 0.020843776106846935 0.01215538847112717 0.0077276524644622905 0.0064745196323873246 0.006892230576412313 0.006934001670814812 0.004887218045092367 0.005012531328299864 0.004511278195469878 0.004344193817859882 0.004594820384274875 0.008354218880499774 0.003759398496224898 0.007644110275657292 0.003508771929809905 0.006182121971569832 0.004010025062639891 0.006015037593959837 0.007226399331632304 0.00923141186295225 0.013575605680812132 0.0294068504593592 0.035923141186149025 0.6899331662460738
0.04162499999994219 0.033736111111064254 0.013388888888870293 0.008124999999988716 0.0055694444444367094 0.00413888888888314 0.004249999999994097 0.005777777777769753 0.0054583333333257525 0.007013888888879148 0.007083333333323495 0.009638888888875501 0.008374999999988367 0.012347222222205073 0.0056805555555476655 0.007430555555545235 0.003666666666661574 0.009374999999986979 0.004013888888883314 0.007041666666656886 0.004458333333327141 0.009569444444431153 0.012013888888872204 0.03743055555550357 0.08952777777765343 0.6432638888879955
0.04314954051778133 0.03863826232231145 0.012949039264774649 0.005096073517104862 0.004344193817859882 0.0040935672514448886 0.004553049289872376 0.004177109440249887 0.004845446950689869 0.00551378446112985 0.006432748537984825 0.00814536340848728 0.010442773600624717 0.012197159565529669 0.00918964076854975 0.010066833751002226 0.006558061821192322 0.007978279030877283 0.005012531328299864 0.006223893065972331 0.006766917293204816 0.009398496240562245 0.01215538847112717 0.02284878863816688 0.02756892230564925 0.7116541353353731
0.03497185741085993 0.029224515322058022 0.012370231394613903 0.008605378361470541 0.008955597248274574 0.010093808630387684 0.01042526579111293 0.01253908692932299 0.01571607254533101 0.018492808004991562 0.022545340838009666 0.028073796122559055 0.027604752970589366 0.027010631644761095 0.021407129455896557 0.01954971857409659 0.015190744215124959 0.012576610381480564 0.009355847404622041 0.009412132582858404 0.008236397748587719 0.00905565978736144 0.011225766103807863 0.025053158223874262 0.04040650406501538 0.5519011882423065
0.028991999999953614 0.02628799999995794 0.015807999999974707 0.014063999999977497 0.012335999999980262 0.012879999999979392 0.012911999999979341 0.015695999999974886 0.015071999999975884 0.017663999999971737 0.021743999999965208 0.028927999999953716 0.03425599999994519 0.03446399999994486 0.020623999999967002 0.016207999999974066 0.012719999999979649 0.013071999999979085 0.011631999999981388 0.012175999999980518 0.012319999999980288 0.011327999999981875 0.0126879999999797 0.021983999999964827 0.03596799999994245 0.5281759999991549
0.03846542150426089 0.03293596862498898 0.015291422358548292 0.009257173921477686 0.007043839552668005 0.005560517221290288 0.004752844328812369 0.00498582689395023 0.005731371102391386 0.0072146934337691026 0.008270881062394073 0.011020075331020836 0.012247116840746905 0.014126509532858987 0.008861103560743322 0.007191395177255317 0.005350832912666213 0.0054440259387213575 0.004240282685509075 0.004900399953399681 0.005125616433032947 0.008387372344963005 0.015237059760016125 0.03267968780333733 0.04467828990793719 0.6810002718124638
0.04069651741286783 0.03603648424537971 0.020547263681557966 0.012321724709763978 0.008507462686553056 0.0074626865671518034 0.006533996683239579 0.0067164179104366225 0.007728026533983867 0.007761194029837875 0.009038142620217184 0.011608623548902805 0.01878938640129554 0.012852404643428105 0.006882255389706663 0.008009950248742936 0.005771144278597394 0.007645107794348847 0.0060862354892104705 0.006815920397998647 0.007844112769472895 0.010862354892187625 0.014543946931982514 0.029270315091162073 0.03538971807622655 0.6542786069640891
0.04129837702868833 0.035686641697855376 0.016810237203485137 0.009737827715349727 0.0066666666666625055 0.005287141073654627 0.004956304619222873 0.00526217228464091 0.005617977528086381 0.005942571785264705 0.007234706616724573 0.009132334581767083 0.01015605493132949 0.01015605493132949 0.006935081148559966 0.007915106117348367 0.005530586766538371 0.005923845193504417 0.005031210986264026 0.005686641697874103 0.006086142322093579 0.008202247191006116 0.014069912609229669 0.03324594257176452 0.04074906367038655 0.6866791510607448
0.043650793650611315 0.03863826232231145 0.011152882205467196 0.006349206349179828 0.00405179615704239 0.004260651629054884 0.0030075187969799185 0.003174603174589914 0.004218880534652385 0.006182121971569832 0.007477025898047297 0.010568086883832213 0.010693400167039709 0.014285714285654613 0.005680868838739846 0.007477025898047297 0.0029657477025774193 0.005012531328299864 0.0020050125313199455 0.005764411027544844 0.0019214703425149478 0.008813700918927261 0.007978279030877283 0.03433583959885407 0.04239766081853635 0.7079365079335508
0.03480154142580547 0.03427360308283843 0.009919075144504848 0.005333333333331278 0.003930635838148774 0.003329479768784844 0.00344123314065378 0.0044431599229269965 0.005152215799612658 0.006500963391134296 0.007949903660883256 0.01340269749517788 0.016693641618490677 0.01978420038534883 0.010662813102115351 0.009576107899803631 0.006847784200382717 0.006828516377646694 0.004786127167628214 0.004878612716761125 0.004705202312136915 0.007059730250478975 0.011533718689783609 0.030589595375710755 0.03531406551058369 0.698262042388941
0.04483785306180922 0.03698398648098981 0.014597247927875437 0.010139213003926709 0.006662911402580409 0.005842117968929199 0.005166170435334085 0.005262734368704816 0.005536332179921885 0.0059225879134048075 0.007210107025014549 0.012183149593607173 0.01820230144038271 0.013261446849580331 0.005359298302075546 0.006357125613573095 0.004763820712956041 0.005037418524173111 0.0037981813792487356 0.0050535125130682325 0.00511788846864872 0.008256216303197464 0.01433974410555349 0.031238432445431338 0.037096644403255656 0.681773557575148
0.010891566265042745 0.01177510040158751 0.007694779116453502 0.005574297188746065 0.005253012048184333 0.005895582329307798 0.007052208835330037 0.017959839357400868 0.020369477911613865 0.04094779116459286 0.056160642570190905 0.10152610441750759 0.09990361445767083 0.12396787148574463 0.06469076305210492 0.04995983935734946 0.02522088353409603 0.024787148594337692 0.01163052208833473 0.009783132530104766 0.006827309236936824 0.009156626506009386 0.007502008032116462 0.010216867469863106 0.014666666666643105 0.25058634538112357
0.054330065359033244 0.03717320261407538 0.02042483660114032 0.01143790849663858 0.008415032679669811 0.007189542483601393 0.006454248365960341 0.007271241830005953 0.006290849673151218 0.00833333333326525 0.007107843137196831 0.008578431372478934 0.010049019607761037 0.013235294117538926 0.007516339869219638 0.014460784313607346 0.007924836601242444 0.01225490196068419 0.007107843137196831 0.008905228758097178 0.008741830065288057 0.01151960784304314 0.012009803921470507 0.02181372549001786 0.033088235293847315 0.6483660130665982
0.04013813813811403 0.027933933933917156 0.01985585585584393 0.014612612612603836 0.011027027027020403 0.010108108108102037 0.009783783783777908 0.009321321321315723 0.010156156156150056 0.012198198198190872 0.014618618618609839 0.01869669669668547 0.019621621621609835 0.018786786786775502 0.013435435435427367 0.012048048048040811 0.009327327327321725 0.010372372372366143 0.008426426426421366 0.009705705705699877 0.010306306306300117 0.014030030030021604 0.017987987987977183 0.02851651651649939 0.04096696696694236 0.5880180180176648
0.04926470588195045 0.04019607843104415 0.02050653594754488 0.01348039215675261 0.0116013071894477 0.010539215686188404 0.007434640522815076 0.007924836601242444 0.00964052287573823 0.011846405228661384 0.009477124182929108 0.015032679738439275 0.016421568627316818 0.01658496732012594 0.009150326797310863 0.009395424836524547 0.005473856209105605 0.005473856209105605 0.005392156862701044 0.007434640522815076 0.012009803921470507 0.01470588235282103 0.015767973856080326 0.022957516339681718 0.04436274509767677 0.6079248365963404
0.04040840840838414 0.030810810810792306 0.012786786786779107 0.009381381381375746 0.0071591591591548594 0.007225225225220885 0.007801801801797116 0.007999999999995195 0.009357357357351737 0.011189189189182469 0.013675675675667461 0.021873873873860736 0.029333333333315715 0.02708708708707082 0.014030030030021604 0.009903903903897955 0.00636036036035654 0.0065645645645606215 0.005219219219216084 0.0059699699699663844 0.005255255255252099 0.007099099099094835 0.011375375375368544 0.02914114114112364 0.037861861861839124 0.6251291291287536
0.04396039603953142 0.03622112211215145 0.020610561056071598 0.012062706270607158 0.008283828382824614 0.006518151815170762 0.006171617161705987 0.0067161716171506335 0.006353135313520869 0.008630363036289388 0.00816831683166969 0.011254125412522683 0.012178217821762082 0.013217821782156407 0.008201320131999668 0.008745874587444314 0.00542904290428147 0.006419141914180826 0.004240924092402243 0.005346534653456524 0.0067656765676456015 0.010561056105593134 0.015049504950470215 0.030049504950445463 0.03632013201314139 0.6625247524741542
0.02797347699946965 0.027600497306143387 0.02072109407368122 0.01355159552418752 0.01205967675088247 0.01152092830496676 0.010029009531661711 0.014504765851576855 0.017530045586334312 0.01827600497298684 0.02171570658921792 0.023787815996586043 0.026730211355048775 0.027020306672080312 0.015582262743408279 0.017157065893008052 0.01085785329460896 0.009946125155366987 0.009200165768714462 0.009448818897598637 0.010940737670903686 0.010484873601282698 0.011893907998293022 0.020140903439618146 0.024658101947680654 0.5766680480705484
0.03873216810172418 0.029687700809616874 0.016578845906669165 0.011550571905906132 0.009638863899226259 0.008385811592326844 0.007791414985207892 0.008594653643476747 0.008273358180169204 0.0099601593625338 0.01294820717129394 0.017462408430764905 0.022699524482677837 0.026860300732510507 0.017092918647961232 0.015888060660557948 0.010747333247637278 0.013044595810286202 0.009799511630880029 0.010634879835479638 0.009911965043037669 0.014618943580493158 0.015631024289911914 0.02594460866208401 0.07298226449030815 0.554539904895652
0.032495049504934405 0.028212871287114746 0.01245544554454829 0.008846534653460967 0.006663366336630365 0.0067376237623729025 0.006569306930689817 0.007490099009897282 0.008480198019797783 0.009495049504945794 0.012297029702964209 0.016980198019793575 0.01859900990098089 0.01871287128711945 0.012247524752469185 0.011915841584152516 0.008688118811876887 0.008608910891084847 0.006747524752471907 0.007886138613857481 0.008188118811877134 0.010806930693063956 0.013202970297023166 0.026222772277214743 0.031237623762360774 0.6602128712868018
0.036150793650764956 0.031912698412673086 0.019571428571413037 0.011944444444434965 0.008682539682532792 0.0071904761904704835 0.006984126984121441 0.007968253968247645 0.009293650793643417 0.011603174603165393 0.014071428571417403 0.020896825396808812 0.024753968253948606 0.022365079365061616 0.014761904761893046 0.012412698412688562 0.010071428571420578 0.008738095238088304 0.007880952380946125 0.00891269841269134 0.008611111111104276 0.010801587301578729 0.015428571428559183 0.026087301587280884 0.03146031746029249 0.6114444444439592
0.048078529657276194 0.03771929824545647 0.015705931495339574 0.009440267334964744 0.005973266499557338 0.0066416040099973195 0.006015037593959837 0.006223893065972331 0.006432748537984825 0.006683375104399819 0.006349206349179828 0.009273182957354749 0.01324143692559214 0.013116123642384644 0.00588972431075234 0.008312447786097275 0.004135338345847388 0.0057226399331423445 0.004678362573079873 0.005221386800312359 0.0053467000835198545 0.00814536340848728 0.01140350877188219 0.027109440267221764 0.036716791979796506 0.6864243943162639
