0.03191593352875876 0.02619745845545895 0.002052785923748649 0.00100195503421065 0.0003910068426187903 0.0006353861192555342 0.0004398826979461391 0.0017595307917845564 0.001490713587484138 0.002785923753658881 0.002101661779075998 0.0033724340175870665 0.003103616813286648 0.05173509286399869 0.005571847507317762 0.021383186705715096 0.0049608993157259015 0.035581622678309915 0.003787878787869531 0.020992179863096302 0.005351906158344692 0.025171065493584624 0.011583577712581663 0.03223362658838653 0.2933284457470837 0.41107038123066697
0.048620510150709936 0.04008328995294074 0.01093180635080202 0.006559083810481212 0.005309734513246696 0.0048412285267837515 0.006819364914071736 0.008901613742795932 0.006559083810481212 0.005830296720427744 0.0041124414367302835 0.014471629359633151 0.03815720978637086 0.03243102550737933 0.001978136387287985 0.0041124414367302835 0.0008849557522077826 0.0027589796980595576 0.0009370119729258875 0.003019260801650082 0.0019260801665698798 0.00374804789170355 0.006350858927608793 0.028682977615675776 0.03545028630902941 0.6765226444524908
0.0323496433427193 0.025574349309288417 0.001836963523148515 0.0011928334565899448 0.0007872700813493635 0.0007872700813493635 0.0007634134122175647 0.0023856669131798896 0.0025526635971024818 0.004031777083274013 0.003817067061087823 0.005439320562050148 0.005701743922499936 0.05930767946165205 0.007085430732144272 0.023737385786139903 0.0053438938855229524 0.03991220745749955 0.004437340458514595 0.02333182241089932 0.0060357372903451206 0.02700574945719635 0.014075434787761349 0.032802920056223484 0.2199584893951858 0.4497459264726728
0.038318218550690675 0.04244859477408088 0.0015264433869050767 0.000538744724790027 0.00015713387806375788 0.000179581574930009 0.00015713387806375788 0.000875460177783794 0.000718326299720036 0.0016835772649688345 0.0016162341743700811 0.0030977821675426554 0.002626380533351382 0.03340217293698168 0.005724162700894038 0.014613450659929484 0.005993535063289051 0.026016880667985055 0.0046691209481802345 0.014770584537993242 0.0069812337254041 0.021572236688467333 0.012413576367036874 0.03699380443558186 0.18636077938361686 0.5365448504971344
0.04425200803201744 0.04252008032117841 0.004116465863443483 0.0019327309236899278 0.0019327309236899278 0.002108433734934467 0.00158132530120085 0.0032128514056144254 0.0023845381526044563 0.0045180722891452856 0.004166666666656208 0.006902610441749743 0.007680722891546986 0.03247991967863333 0.007379518072270634 0.013679718875467671 0.005572289156612519 0.019653614457781993 0.004844377510028001 0.011872489959809556 0.006852409638537017 0.01759538152606025 0.013027108433702242 0.03383534136537692 0.11116967871458039 0.5947289156611578
0.045275754422429475 0.03139438085324517 0.01635796045783938 0.012424557752328383 0.009479708636826765 0.008834547346504854 0.007918834547338273 0.007856399583758734 0.007523413111334523 0.008959417273663934 0.008355879292395051 0.01053069719041568 0.013267429760652167 0.013829344432868023 0.0090634755462965 0.009375650364194198 0.007429760665965213 0.009687825182091896 0.007221644120700081 0.008761706555662059 0.008522372528607157 0.010967741935472458 0.01273673257022608 0.02985431841828319 0.042445369406823676 0.6419250780430364
0.029965397923771744 0.02885813148778942 0.01027681660896098 0.006193771626276146 0.006193771626276146 0.004878892733547132 0.005916955017280564 0.0092041522491031 0.013771626297530202 0.016228373702365993 0.01961937716256187 0.022768166089886615 0.02204152249127321 0.018788927335575124 0.011418685121067754 0.011418685121067754 0.006228373702400594 0.005190311418667161 0.00397923875431149 0.003910034602062595 0.003183391003449192 0.004186851211058177 0.007854671280249638 0.024913494809602376 0.025467128027593537 0.6775432525928112
0.026696500906497833 0.022337101191997465 0.002083252960911681 0.0010802052389912418 0.0005786813780310224 0.0005786813780310224 0.0008873114463142344 0.0019675166853054763 0.0016203078584868626 0.002739091856013506 0.002353304270659491 0.0029319856486905134 0.0018903591682346732 0.05786813780310224 0.0025461980633364983 0.021334053470077025 0.0035492457852569375 0.04174221673530441 0.0030863006828321196 0.02272288877735148 0.005632498746168618 0.02530766559922338 0.011226418733801834 0.023185833879776296 0.4005632498730737 0.3134909918586725
0.04535147392279537 0.0437452758880297 0.012825963718790566 0.006519274376401834 0.003944633408909806 0.002739984882835554 0.003354119425540074 0.0033777399848748633 0.003708427815561913 0.003968253968244595 0.005621693121679843 0.009967876039281065 0.015471466364286963 0.015636810279630486 0.005361866968997161 0.006708238851080148 0.002881708238844289 0.005905139833697314 0.003354119425540074 0.005456349206336318 0.004346182917601223 0.009377362055911335 0.013062169312138458 0.03193499622063507 0.03895030234306748 0.6964285714269264
0.03446121811538542 0.03482561166041215 0.011452368557983069 0.006559083810481212 0.003279541905240606 0.0031233732430862916 0.005049453409656172 0.007756376886997624 0.009578344612131294 0.011712649661573593 0.01457574180106936 0.0149921915668142 0.016241540864048717 0.01650182196763924 0.008120770432024358 0.008849557522077826 0.004633003643911332 0.006350858927608793 0.002290473711596614 0.003279541905240606 0.0020301926080060896 0.0038521603331397596 0.006767308693353632 0.02378969286817392 0.02311296199883856 0.7168141592883039
0.05125184774563181 0.04568551367321303 0.010254988913501814 0.0061899482631046976 0.0036262010347292446 0.003649297856606501 0.003649297856606501 0.002979490022166067 0.0030718773096750926 0.003256651884693143 0.003441426459711194 0.003741685144115526 0.004041943828519859 0.0058203991130685966 0.002748521803393504 0.004018847006642602 0.0027947154471480167 0.004134331116028884 0.0023096821877256336 0.0030949741315523488 0.002748521803393504 0.003580007390974732 0.006813562453790619 0.03485310421277981 0.04014227642267151 0.7421008869162461
0.03588969823097202 0.029042663891749174 0.00973985431840818 0.005952133194582776 0.004308012486988233 0.004235171696145437 0.005119667013522248 0.008002081165444326 0.00854318418313367 0.010749219562944069 0.015608740894884902 0.03341311134231695 0.056795005202854534 0.0530385015608189 0.01803329864722369 0.009542143600406304 0.004859521331940833 0.00474505723204501 0.003080124869923954 0.003891779396457969 0.003839750260141686 0.0057127991675278746 0.008251821019762485 0.02324661810611525 0.028959417273643123 0.6054006243490058
0.055648099947654094 0.05111920874517897 0.0096304008328494 0.0029672045809319768 0.0019260801665698798 0.0010411244143620972 0.001874023945851775 0.00182196772513367 0.0016137428422612506 0.0014055179593888312 0.001874023945851775 0.002863092139495767 0.00791254554915194 0.004997397188938066 0.001457574180106936 0.002550754815187138 0.001145236855798307 0.002498698594469033 0.0009890681936439924 0.0028110359187776624 0.002342529932314719 0.0044768349817570175 0.006975533576226051 0.035398230088311305 0.04768349817778405 0.7449765746967987
0.04370594604139977 0.046003933093121493 0.003027156020056506 0.0022096029343478146 0.0013257617606086886 0.0013478577899521669 0.0014583379366695575 0.0030934441080869403 0.0030050599907130277 0.005059990719656495 0.004198245575260847 0.010451421879465163 0.011335263053204288 0.03398369313026939 0.007711514240873872 0.015069492012252094 0.004551782044756498 0.017477959210691212 0.00464016616213041 0.013368097752804278 0.004551782044756498 0.0147601476014434 0.009037276001482561 0.03424884548239113 0.11748458801927329 0.586892635392123
0.03678054786079941 0.03326298201637149 0.0036494745635939642 0.001319087191660469 0.0011212241129113986 0.0017367981356862842 0.0015389350569372138 0.0035835202040109407 0.002880007035125357 0.003561535417483266 0.00426504858636885 0.010069032229674913 0.014290111242988414 0.044123466561042685 0.009255595128150957 0.01717011827811377 0.005364287912752574 0.023369828078917975 0.003957261574981407 0.013806445939379575 0.0049026073956714095 0.019720353515324012 0.01294903926480027 0.033592753814286606 0.13687728092130133 0.5568526579594669
0.04070536295572399 0.03875478108723465 0.010532379150389286 0.005742390950520103 0.0041898091634109255 0.0039354960123692915 0.003608703613280791 0.003968556722004704 0.004110972086588019 0.005176544189452467 0.005498250325520134 0.010454813639321587 0.021542867024736845 0.012779235839842125 0.006019592285155485 0.006749471028644975 0.004282633463541122 0.005916595458983623 0.003650665283202661 0.004787445068358766 0.004058837890624484 0.006680806477863734 0.01102956136067568 0.037192026774083814 0.04277165730793727 0.6958605448404063
0.005530104712041819 0.004113041408852878 0.0007822465492622467 0.0006943122322703391 0.0007804616849119374 0.0008231794383626746 0.0007118039029033708 0.0017970014278914587 0.002313779152784361 0.0038485245121370314 0.004005592574964255 0.009981556401713351 0.016296406473107847 0.026000475963826437 0.009033674440742396 0.015173964778676639 0.0075504521656353215 0.016012851023322037 0.005035102332222691 0.01240564017134683 0.0062881960970965455 0.017021418372203508 0.012971323179438207 0.015978105663969348 0.701585078534023 0.10326570680628148
0.04861111111099629 0.04435941043073422 0.013487339380164665 0.00855064247919371 0.00507842025697969 0.004535147392279537 0.0034249811035444422 0.0029998110355182353 0.002007747543457087 0.0026691232048311857 0.0030706727135226034 0.0038029100529010703 0.006897203325758463 0.006141345427045207 0.003117913832192182 0.0030942932728573926 0.0014408541194221446 0.002480158730152872 0.0016061980347656694 0.0023384353741441365 0.002409297052148504 0.004487906273609958 0.007133408919106355 0.03902116402107185 0.036918934240275605 0.7403155706709649
0.04505635245890098 0.03737192622941247 0.0037909836065476666 0.0024077868852397342 0.0015881147540942927 0.0015112704917994075 0.0014600409836028176 0.0027663934426158648 0.0032530737704834704 0.004303278688513567 0.0051229508196590084 0.007966188524569758 0.009989754098335068 0.038063524590066435 0.008504098360633955 0.016521516393400302 0.00578893442621468 0.022899590163875768 0.004994877049167534 0.01951844262290082 0.006813524590146482 0.021209016393388295 0.012781762295049227 0.0330686475408989 0.13017418032753542 0.5530737704903865
0.024934929723972227 0.028839146277830092 0.008589276418487302 0.004372722540320808 0.0044768349817570175 0.003279541905240606 0.004737116085347542 0.011868818323727907 0.018271733472054807 0.03138990109301723 0.04414367516895292 0.06095783446090079 0.06272774596531636 0.05288912024959454 0.0193128578864169 0.0107235814679296 0.004164497657448389 0.0053617907339648 0.0017178552836974604 0.003019260801650082 0.001457574180106936 0.0031754294638043964 0.0053617907339648 0.02207183758447646 0.021915668922322145 0.5402394586124922
0.04768349817778405 0.04346694429961756 0.011504424778701174 0.009942738157158027 0.0055700156168372195 0.004685059864629438 0.00577824049970964 0.005986465382582059 0.0053617907339648 0.00577824049970964 0.0048412285267837515 0.007860489328433834 0.00931806350854077 0.008953669963514035 0.003071317022368187 0.006507027589763108 0.0017178552836974604 0.0031754294638043964 0.0016137428422612506 0.002654867256623348 0.0016657990629793554 0.003591879229549235 0.006090577824018268 0.034981780322566464 0.04633003643911333 0.711868818320084
0.04561914672211694 0.03569198751297014 0.015473465140462566 0.00955254942766956 0.007190426638910312 0.005483870967736229 0.005150884495312018 0.005171696149838531 0.005026014568152938 0.005598335067632051 0.005868886576476723 0.00750260145680801 0.009427679500510482 0.008626430801239723 0.005223725286154814 0.0048074921956245496 0.003756503642035633 0.004516129032253365 0.0030385015608709277 0.003943808532774252 0.004141519250776127 0.006670135275747482 0.011321540062423183 0.03231009365241175 0.04044745057227841 0.7084391259097726
0.033753779289413845 0.02796674225239048 0.002007747543457087 0.0007322373393784669 0.0007794784580480455 0.0005905139833697314 0.0006377551020393099 0.0016061980347656694 0.001488095238091723 0.002503779289487661 0.002480158730152872 0.0028344671201747107 0.0031887755101965495 0.05772864701422494 0.005834278155692946 0.022911942554745577 0.005503590325005896 0.041406840513885566 0.00569255479968421 0.02761243386236864 0.011314247921364054 0.0329743008313658 0.018471277399805197 0.03365929705207469 0.2648573318209919 0.39146352985546234
0.022372196832780012 0.02104368158142728 0.0038792645339499783 0.001647358911677388 0.0008856768342351549 0.00148793708151506 0.0019130619619479345 0.0037375562404723534 0.0030113012363995263 0.0033832855067782914 0.0044815247812298835 0.00577461295921321 0.01057498140076775 0.013356006660266135 0.0027101711127595737 0.0017004995217314973 0.001098239274451592 0.0006731143940187177 0.0007085414673881239 0.0008148226874963425 0.000903390370919858 0.000903390370919858 0.0012045204945598106 0.003843837460580572 0.565823502319471 0.3220675240012717
0.03797729618143458 0.04778121775001145 0.00665634674919166 0.0037151702786186007 0.002115583075324481 0.0037667698658216367 0.0028379772961669865 0.005159958720303612 0.003973168214633781 0.005882352941146118 0.003869969040227709 0.007172342621222021 0.01264189886474385 0.01475748194006833 0.00665634674919166 0.010629514963825441 0.0028895768833700226 0.006037151702755226 0.001805985552106264 0.0038183694530246727 0.002476780185745734 0.004489164086664142 0.006501547987582551 0.03157894736825811 0.03550051599568885 0.7293085655277125
0.06480999479404055 0.054294638208983365 0.004893284747501857 0.00182196772513367 0.00041644976574483885 0.0002602811035905243 0.00031233732430862915 0.000364393545026734 0.0002602811035905243 0.00031233732430862915 0.0005205622071810486 0.0005726184278991535 0.00046850598646294375 0.003019260801650082 0.00031233732430862915 0.003019260801650082 0.00015616866215431457 0.002706923477341453 0.00041644976574483885 0.002342529932314719 0.0005205622071810486 0.0019260801665698798 0.003227485684522501 0.04013534617365885 0.05283706402887643 0.760072878705049
0.04466423737613397 0.03659552316482772 0.004320666319602704 0.001457574180106936 0.001145236855798307 0.0005726184278991535 0.0013014055179526214 0.002863092139495767 0.0023945861530328236 0.0039042165538578644 0.0031754294638043964 0.0039042165538578644 0.002863092139495767 0.029828214471474084 0.001978136387287985 0.011764705882291698 0.001093180635080202 0.02066631962508763 0.00182196772513367 0.012285268089472747 0.002915148360213872 0.01327433628311674 0.009370119729258875 0.030348776678655133 0.1640291514827484 0.5914627797991074
0.05286192396796348 0.04327211876760647 0.004183472067269837 0.002188277696725761 0.0010726851454538045 0.0008581481163630435 0.0007723333047267391 0.0009010555221811957 0.001222861065817337 0.0017377499356351631 0.0018664721530896196 0.0022526388054529894 0.003690036900361087 0.0068437312279952724 0.004676907234178587 0.006243027546541141 0.0052776109156327175 0.01606882347889799 0.005535055350541631 0.011670814382537392 0.006114305329086685 0.01508195314508049 0.013580193941445164 0.031022054406524023 0.11868188449300891 0.6423238650977381
0.0410371580235435 0.029842112426739342 0.004525656730622956 0.0029263645025080767 0.00176942969919093 0.0013610997686084078 0.0014631822512540383 0.0024499795834951343 0.003300666938875389 0.004423574247977326 0.005274261603357581 0.007417993738915823 0.006635361371965988 0.05168776371290429 0.006771471348826829 0.020382469034910908 0.006056893970307415 0.03375527426148851 0.004899959166990269 0.020246359058050067 0.008949230978600281 0.027324077854813788 0.017932489451415772 0.04277256022851922 0.1739145229339393 0.4728800871087761
0.029411764705726488 0.027080021197524746 0.00731319554845091 0.003656597774225455 0.003232644409097866 0.003709591944866404 0.004292527821916838 0.00847906730255178 0.014096449390492333 0.028669846316753206 0.04531001589801108 0.07027027026989788 0.0751987281395061 0.05357710651799906 0.020296767355483324 0.009062003179602214 0.0025967143614064824 0.0027556968733293283 0.0009009009008961266 0.0015898251192284587 0.0010598834128189725 0.0017488076311513046 0.003921568627430198 0.019660837307791938 0.02390037095906783 0.5382087970294742
0.01721296296296197 0.012324652777777065 0.0036718749999997877 0.003211226851851666 0.003778935185184967 0.003418981481481284 0.002538194444444298 0.004961226851851565 0.004989583333333045 0.007730902777777331 0.006865740740740344 0.01704918981481383 0.03546412037036832 0.04181365740740499 0.011802083333332651 0.018632523148147073 0.009166666666666138 0.021196759259258034 0.009776041666666102 0.02255092592592462 0.015559027777776879 0.025356481481480016 0.019914930555554405 0.0302418981481464 0.36572858796294183 0.2850428240740576
0.022755417956538928 0.025541795665502878 0.004231166150648962 0.0033539731681973477 0.002579979360151806 0.00345717234260342 0.002012383900918409 0.007739938080455418 0.012177502579916524 0.0247162022702543 0.04112487100081979 0.11052631578890337 0.21604747161911222 0.10815273477756371 0.020123839009184085 0.010010319917389007 0.006604747161988623 0.0053147574819127205 0.0022703818369335894 0.002063983488121445 0.0015995872032941198 0.002063983488121445 0.0037667698658216367 0.014809081527271367 0.01965944272435676 0.3272961816288581
0.05233265720054598 0.048782961460198865 0.004716024340746876 0.0029918864097211364 0.001166328600399765 0.0017241379310257395 0.0013691683569910286 0.001572008113582292 0.001977687626764819 0.00233265720079953 0.0024340770790951616 0.00233265720079953 0.0025862068965386096 0.004208924949268718 0.0017241379310257395 0.00466531440159906 0.0009634888438085016 0.0032961460446080315 0.00040567951318252695 0.0021298174442082665 0.0005578093306259746 0.0031947261663123998 0.0032961460446080315 0.03331643002011503 0.04016227180507017 0.7757606490832872
0.05965642894294817 0.05085892764158845 0.009057782404950246 0.0026028110359052428 0.0014055179593888312 0.0006767308693353632 0.00046850598646294375 0.001093180635080202 0.0009370119729258875 0.0006246746486172583 0.0006767308693353632 0.000728787090053468 0.0013014055179526214 0.004580947423193228 0.0005205622071810486 0.00395627277457597 0.0006767308693353632 0.002342529932314719 0.001093180635080202 0.002134305049442299 0.0006246746486172583 0.002134305049442299 0.004008328995294074 0.036543466944109614 0.049297241020045304 0.761998958871619
0.02734651404783835 0.025619146722137755 0.011467221644108775 0.007970863683654556 0.0067741935483800475 0.005889698231003236 0.006337148803323271 0.007658688865756859 0.01175858480747996 0.018012486992697176 0.028647242455745424 0.04493236212274201 0.05325702393334729 0.04305931321535582 0.021331945889676032 0.014609781477612268 0.007148803329857285 0.0057856399583706706 0.003059313215397441 0.0034131113423481654 0.0033298647242421126 0.004859521331940833 0.0076170655567038325 0.027856399583737923 0.03199791883451405 0.5702601456809883
0.0611140031230551 0.049869859447944455 0.008797501301359721 0.0039042165538578644 0.00182196772513367 0.0014055179593888312 0.000728787090053468 0.0007808433107715729 0.0013014055179526214 0.0006246746486172583 0.0008328995314896777 0.0013014055179526214 0.0017699115044155652 0.004633003643911332 0.000364393545026734 0.003383654346676816 0.000364393545026734 0.0027589796980595576 0.0009370119729258875 0.002498698594469033 0.000728787090053468 0.0020822488287241944 0.005309734513246696 0.03617907339908288 0.045236855804033124 0.7612701717815654
0.04945340968219961 0.04383133784464429 0.012337324310190852 0.0072358146798165756 0.006507027589763108 0.004424778761038913 0.004060385216012179 0.006402915148326898 0.004893284747501857 0.004789172306065647 0.005101509630374276 0.01093180635080202 0.013899010931733997 0.012909942738090005 0.004685059864629438 0.0066631962519174215 0.002186361270160404 0.004528891202475123 0.002498698594469033 0.00364393545026734 0.0024466423737509284 0.004685059864629438 0.008328995314896778 0.032014575741634486 0.03289953149384227 0.7086413326355614
0.04331523868139427 0.04043315238670202 0.004924729979279969 0.0032458447590708885 0.0026862163523345283 0.0032738261794077067 0.0023784207286295304 0.0034417147014286146 0.0031059376573867987 0.005316469863995421 0.006043986792752689 0.011024679612706294 0.010548995466980387 0.03643180927853704 0.008590296043403127 0.015613632547944446 0.006239856735110415 0.021070009513623957 0.004085287369175429 0.013431081761672643 0.006631596619825867 0.0170966478257958 0.013431081761672643 0.03226257764835116 0.14220157815170908 0.5431753315783111
0.041521367521296544 0.041025641025570894 0.007675213675200555 0.004239316239308993 0.0026153846153801445 0.002290598290594375 0.0027350427350380595 0.004085470085463102 0.004068376068369114 0.005965811965801768 0.006683760683749258 0.015333333333307123 0.021709401709364598 0.03362393162387415 0.010256410256392724 0.009726495726479099 0.003811965811959296 0.006034188034177719 0.0023076923076883627 0.0029914529914478777 0.002666666666662108 0.004188034188027029 0.0073675213675087736 0.03254700854695291 0.0355213675213068 0.6890085470073692
0.03505658436204975 0.03279320987645887 0.0039351851851750635 0.0033179012345593674 0.0028806584362065825 0.003600823045258228 0.0034465020576043043 0.005272633744842405 0.005092592592579494 0.006815843621381646 0.006018518518503039 0.009156378600799495 0.00987654320985114 0.04452160493815709 0.01152263374482633 0.020293209876491015 0.006147119341547975 0.030272633744778104 0.00707304526747152 0.01880144032916975 0.007253086419734431 0.02209362139912013 0.010005144032896077 0.03199588477358026 0.15511831275680268 0.5076388888875832
0.04683492356610538 0.04793782702357664 0.0063096337334402645 0.003513901713338684 0.002128860162095699 0.002257104750173753 0.001974966656402034 0.0020262644916332557 0.0035651995485699054 0.004565507335578728 0.005283677028815831 0.005745357545896826 0.00556581512258755 0.006873909920983703 0.0034369549604918513 0.0061300913101309884 0.0026674874320235264 0.005591464040203161 0.002436647173483029 0.004283369241807009 0.004719400841272393 0.007002154509061757 0.009900482199625782 0.032753667795135034 0.037473068636407425 0.7390222632585949
0.03237896928666122 0.03232691306594312 0.008328995314896778 0.00395627277457597 0.004685059864629438 0.004372722540320808 0.004008328995294074 0.00931806350854077 0.016241540864048717 0.03263925039025175 0.03758459135847171 0.05273295158744022 0.04799583550209268 0.045809474231932275 0.015356585111840933 0.009526288391413189 0.0020822488287241944 0.0044768349817570175 0.0011972930765164118 0.002863092139495767 0.0011972930765164118 0.00374804789170355 0.004320666319602704 0.022904737115966137 0.02550754815187138 0.5744403956242872
0.049869859447944455 0.045340968245469335 0.007339927121252785 0.003227485684522501 0.002706923477341453 0.003279541905240606 0.0033315981259587108 0.004060385216012179 0.0033315981259587108 0.0031233732430862916 0.003019260801650082 0.0031754294638043964 0.004424778761038913 0.008537220197769197 0.0031754294638043964 0.006194690265454478 0.002290473711596614 0.00546590317540101 0.0013014055179526214 0.003071317022368187 0.0022384174908785088 0.004997397188938066 0.0074960957834071 0.034513274336103524 0.035294117646875095 0.7491931285749651
0.03807319972825548 0.03125283061593761 0.007167119565216377 0.0033302196557966303 0.0026537024456517984 0.0025433084239126834 0.0018752830615939376 0.002840523097825685 0.002904211956521328 0.00432942708333272 0.004656363224637022 0.00924196105072333 0.01457342617753417 0.017173346920287425 0.006357563405796201 0.007946954257245252 0.005525362318839798 0.008794723731882814 0.005884850543477428 0.009975090579708733 0.009672214673911675 0.018924082880432104 0.0268851902173875 0.0479478034420222 0.11460031702896929 0.5948709239129593
0.04575741801121417 0.04055179593940369 0.015044247787532303 0.009057782404950246 0.005726184278991534 0.0038521603331397596 0.0038521603331397596 0.00395627277457597 0.004320666319602704 0.0038001041124216548 0.004893284747501857 0.008276939094178672 0.015668922436149563 0.024362311296073073 0.004268610098884598 0.0038001041124216548 0.0020301926080060896 0.0031754294638043964 0.001874023945851775 0.0029672045809319768 0.0020301926080060896 0.0038521603331397596 0.0070275897969441555 0.03581467985405614 0.03284747527312416 0.7111920874507486
0.04622707336511606 0.038402113237543854 0.010790470494390973 0.008821770334906245 0.007226874003171783 0.007052432216888326 0.0064543460924879024 0.008074162679405717 0.008398125996789279 0.009619218500773477 0.010915071770307727 0.012684409888325646 0.014653110047810374 0.018764952153063286 0.012410287081308785 0.012858851674609104 0.007849880382755558 0.009021132376373054 0.005233253588503705 0.006030701754370936 0.0057565789473540754 0.007874800637938908 0.010117623604440497 0.027885765550169743 0.03448963317375775 0.6523873604449452
0.03441594022414226 0.029688667496871886 0.0062764632627615065 0.0036114570361127714 0.0028244084682426777 0.003173100871729428 0.0038455790784538754 0.005434620174343495 0.005942714819424188 0.008473225404728033 0.010575342465748157 0.017280199252793383 0.024014943960137477 0.027257783312564256 0.015013698630129508 0.01385305105852361 0.008328767123283523 0.008956413449559672 0.0055193026151902766 0.006122042341217374 0.004483188044829647 0.00727272727272365 0.010132004981315003 0.02894645080945009 0.03439601494394302 0.6741618929012831
0.03409682457035868 0.032587194169533644 0.00577824049970964 0.0031233732430862916 0.004060385216012179 0.004320666319602704 0.005309734513246696 0.009786569495003714 0.01155648099941928 0.014940135346096095 0.01723060905769271 0.03066111400296376 0.056168662154835146 0.04461218115541586 0.02108276939083247 0.017542946382001337 0.006559083810481212 0.006507027589763108 0.0016657990629793554 0.0028110359187776624 0.002290473711596614 0.003435710567394921 0.005153565851092381 0.019104633003544483 0.024310255075354968 0.6153045288879995
0.03601572436109372 0.030437044744969253 0.0041334258295637255 0.00208116545264747 0.0015608740894856028 0.0016186842409480324 0.001474158862291958 0.0024280263614220488 0.0023124060584971892 0.004364666435413445 0.004104520753832511 0.007428604462922221 0.012804948548928186 0.060585038732626356 0.011244074459442583 0.024887270204575998 0.008035611053277733 0.038183605040934834 0.007399699387191006 0.022806104751928527 0.006619262342448204 0.024887270204575998 0.012573707943078466 0.03483061625611391 0.2199098161630827 0.41727367325581777
0.031609195402216274 0.03137408568434855 0.007105538140002337 0.00569487983279599 0.0035266457680158654 0.0032654127481628386 0.004284221525589644 0.007366771159855364 0.00888192267500292 0.013401253918460289 0.01940961337507991 0.03531870428412926 0.04890282131648667 0.054179728317517814 0.027168234064714816 0.01852142110757962 0.010057471264341542 0.009143155694855947 0.004467084639486763 0.004597701149413277 0.0034482758620599575 0.004336468129560249 0.005564263322869477 0.024738766980081664 0.02630616509919983 0.5873301985355608
0.04442508710789667 0.04582409460446145 0.0024020694752338663 0.001319818392985641 0.0010294583465287998 0.0012406292894065023 0.0007918910357913845 0.002692429521690707 0.0019533312216187485 0.0035107169253418046 0.0026660331538309943 0.004012247914676348 0.004619364375449743 0.03869707528233899 0.006335128286331076 0.01800232288032414 0.007654946679316717 0.032388343363867624 0.01135043817967651 0.029907084785054622 0.016629711751619074 0.029379157427860365 0.015785027980108265 0.03740365325721306 0.0994615140953979 0.5405184246633393
0.04872462259214615 0.04617386777695901 0.005882352941145849 0.0024466423737509284 0.0015616866215431458 0.0008849557522077826 0.001509630400825041 0.001874023945851775 0.002342529932314719 0.0041124414367302835 0.004893284747501857 0.005413846954682906 0.006142634044736374 0.008953669963514035 0.002706923477341453 0.004737116085347542 0.001145236855798307 0.003695991670985445 0.0009370119729258875 0.0013534617386707264 0.0007808433107715729 0.002134305049442299 0.005153565851092381 0.029203539822856825 0.03352420614245953 0.7737116085331925
0.045717234261890005 0.04158926728564711 0.013106295149571174 0.009545923632561681 0.007997936016470598 0.004179566563445925 0.002992776057776095 0.0037151702786186007 0.0024251805985426975 0.0028895768833700226 0.004076367389039853 0.007172342621222021 0.00835913312689185 0.016150670794550306 0.0024251805985426975 0.004798761609882359 0.001238390092872867 0.0018575851393093003 0.0014963880288880475 0.0023219814241366254 0.002167182662527517 0.002992776057776095 0.00758513931884631 0.032610939112318826 0.03611971104212528 0.7344685242480161
0.0365277777777053 0.031765873015809985 0.002976190476184571 0.0014087301587273637 0.0006150793650781447 0.0004365079365070704 0.0004365079365070704 0.0006746031746018361 0.0005357142857132228 0.0009325396825378323 0.002599206349201192 0.005714285714274376 0.008174603174586955 0.02134920634916399 0.007023809523795587 0.008670634920617717 0.005396825396814689 0.01839285714282065 0.004027777777769786 0.011329365079342601 0.005972222222210373 0.01587301587298438 0.014801587301557933 0.03295634920628382 0.2767460317454826 0.48466269841173676
0.04586153045265038 0.04830817282640131 0.010879750130083915 0.006090577824018268 0.003071317022368187 0.002706923477341453 0.0015616866215431458 0.002134305049442299 0.0022384174908785088 0.002290473711596614 0.0019260801665698798 0.002342529932314719 0.0031754294638043964 0.0076002082248433096 0.0017178552836974604 0.005309734513246696 0.0012493492972345166 0.00374804789170355 0.0008849557522077826 0.0031754294638043964 0.00182196772513367 0.0026028110359052428 0.004164497657448389 0.034044768349640576 0.04882873503358236 0.7522644455973333
0.037688703799907915 0.03456533055682163 0.00577824049970964 0.001978136387287985 0.002863092139495767 0.0034877667881130256 0.006507027589763108 0.01093180635080202 0.013534617386707264 0.022019781363758355 0.028787090057111987 0.049193128578609094 0.03831337844852518 0.04112441436730284 0.013482561165989159 0.017855283706309965 0.007339927121252785 0.009786569495003714 0.0038001041124216548 0.005882352941145849 0.0033315981259587108 0.006454971369045002 0.008068714211306253 0.026913066111260212 0.031441957313735336 0.5688703800074499
0.043592037575388966 0.046902259002355395 0.005188995750379805 0.005703422053219182 0.00541265936030997 0.0038022813688127883 0.002281368821287673 0.003176023261008329 0.004182509505694067 0.004696935808533444 0.004383806754631215 0.007291433683723347 0.011652874077361545 0.022232162827058304 0.007917691791527806 0.010579288749696759 0.006620442853932855 0.012346231268145054 0.006106016551093478 0.010422724222745643 0.006888839185849052 0.013911876537656203 0.013688212927726038 0.03296801610370618 0.06604786401237743 0.6420040259435428
0.04371500487994114 0.03975959315754929 0.0050084758822494255 0.002696871628903537 0.0020033903528997705 0.0018749678943805544 0.0013099090768960036 0.004032465197503384 0.0029794010376458123 0.005624903683141663 0.004751630965210994 0.007653978527745277 0.008578620229083633 0.03505933117574598 0.007268711152187629 0.015795962397863576 0.005573534699733976 0.0240149997430934 0.004083834180911071 0.015102481121859808 0.005316689782695544 0.01792777520928256 0.011866235167175563 0.03464837930848449 0.12873067241966216 0.5646221811255853
0.024395883917145346 0.021129610359518065 0.001907734998260181 0.0012140131807110244 0.0008093421204740162 0.0008960573476676608 0.00034686090877457837 0.0021100705283786853 0.0013585385593670987 0.0026592669672717674 0.002167880679841115 0.0032373684818960647 0.0028905075731214865 0.05477511851065217 0.0035264192392082134 0.02115851543524928 0.004220141056757371 0.03893513700994642 0.004306856283951015 0.02292172505485339 0.005665394843318114 0.0262458087639431 0.010723783096280715 0.027402011793191693 0.4001329633472074 0.3148629899401235
0.053954543645157914 0.05025275643822343 0.007443378577384382 0.003661983043419054 0.0017513831946786781 0.0012936353142512964 0.0009353978426124758 0.0009154957608547635 0.0006169645344890797 0.0007562791067930655 0.001034908251401037 0.0007960832703084901 0.0016916769494055414 0.00282609560959514 0.0008358874338239145 0.0025673685467448803 0.0008159853520662023 0.003642080961661342 0.0013533415595244332 0.00282609560959514 0.0017314811129209658 0.003642080961661342 0.0057517016279788405 0.04312781116896245 0.042152609162834545 0.7636229749616613
0.04329411764685508 0.04437647058802646 0.01232941176464786 0.005599999999973647 0.0043294117646855085 0.00305882352939737 0.0026352941176346575 0.0026352941176346575 0.0019764705882259932 0.002729411764693038 0.003152941176455751 0.00451764705880227 0.003999999999981177 0.005458823529386076 0.002117647058813564 0.005364705882327695 0.0009411764705838062 0.003999999999981177 0.0013176470588173287 0.0020235294117551834 0.0021647058823427543 0.003764705882335225 0.005929411764677979 0.03035294117632775 0.03359999999984188 0.7683294117610902
0.030222437137257682 0.025193423597618003 0.004158607350086657 0.0030705996131453806 0.0015473887814275932 0.0012330754352001135 0.0013781431334589503 0.0022969052224315837 0.0018375241779452671 0.003022243713725768 0.002514506769819839 0.003820116054149371 0.004134429400376851 0.05425531914880499 0.005464216634416189 0.020986460348111736 0.004448742746604331 0.03762088974845836 0.003916827852988596 0.02057543520304503 0.005294970986447546 0.02495164410051994 0.01073500967115393 0.025314313346167034 0.32911025144988126 0.3728965183743402
0.023060905778120453 0.02613222280048864 0.00869338885992351 0.005726184278991534 0.006454971369045002 0.006923477355507946 0.007756376886997624 0.011400312337264963 0.01738677771984702 0.025976054138334325 0.028839146277830092 0.04305049453387272 0.05127537740733329 0.043987506506798606 0.024934929723972227 0.012077043206600328 0.009161894846386456 0.00739198334197089 0.004164497657448389 0.004268610098884598 0.0029672045809319768 0.00374804789170355 0.004580947423193228 0.0192608016656988 0.021707444039449728 0.5790733992681985
0.04338884939564489 0.03787955722545476 0.014166751294774635 0.010104600385878681 0.007921194272347108 0.0070579872042067174 0.007134152533748517 0.00690565654512312 0.006651772113317122 0.008352797806417303 0.009723773738169687 0.01462374327202543 0.01543617345380462 0.014065197522052236 0.007083375647387318 0.005585457499731935 0.0033766629430197607 0.003859043363451155 0.002335736772615173 0.002386513658976372 0.002056463897628576 0.004163704681618351 0.006753325886039521 0.033842794759739406 0.036432415964160574 0.6887122981601281
0.01675338189384313 0.014568158168559242 0.0062851196670069874 0.005837669094686954 0.005681581685738104 0.006035379812688829 0.005691987513001361 0.006337148803323271 0.00753381893859778 0.010062434963569135 0.010946930280945944 0.01784599375648507 0.023236212278851993 0.05086368366279827 0.017429760665954808 0.02357960457853946 0.01221644120706325 0.026264308012459662 0.008116545265340148 0.015057232049932302 0.00817898022891969 0.018085327783539974 0.01393340270550059 0.0321540062434629 0.1866389177937704 0.45066597294438016
0.03601853538105583 0.0426354236224071 0.003197150893374619 0.0025293915295685277 0.002772213116407106 0.002772213116407106 0.0028329185131167507 0.003399502215740101 0.0028531536453532988 0.004411258827567512 0.003682794067051776 0.006050304538727918 0.008215463688038577 0.0323559764462406 0.0075679394564690345 0.013759889920852789 0.005605131629523857 0.014670470871497459 0.007325117869630455 0.013092130557046697 0.0085189906715868 0.01398247637545482 0.013132600821519794 0.03818369453036649 0.11347862158256242 0.5969566361104091
0.011925078043692066 0.012382934443275356 0.00474505723204501 0.004921956295520373 0.004058272632670074 0.0043184183142514895 0.0038501560874049426 0.0054422476586832025 0.005754422476580901 0.008740894901135545 0.009229968782508606 0.01644120707594543 0.025587929240347983 0.05628511966695496 0.01377731529655174 0.02238293444326495 0.012091571279904172 0.03212278876167313 0.009667013527565382 0.02012486992713827 0.010936524453682688 0.024027055150859494 0.014963579604562993 0.03185223725282846 0.21355879292381524 0.420811654526097
0.040322580645073165 0.050528892385587616 0.004218026051219036 0.002054375382459012 0.00135501355013254 0.001267593321091731 0.001027187691229506 0.002316636069581439 0.002316636069581439 0.0037809249060149906 0.0038027799632751927 0.007911530728193217 0.009135413934764544 0.02476177987580916 0.00609756097559643 0.010861963458320521 0.004436576623821058 0.013615700673106006 0.0029067226156069 0.008895008304902318 0.0036497945624537767 0.018664218900212727 0.008173791415315644 0.03232362968783914 0.08582480986081427 0.6497508523458131
0.045879292403698355 0.03458896982306495 0.01919875130070843 0.013579604578549865 0.011061394380841768 0.009791883454724462 0.00896982310092719 0.009656607700302126 0.00900104058271696 0.01049947970862591 0.011383975026002722 0.01549427679498908 0.019521331945869386 0.018355879292384646 0.01163371488032088 0.011706555671163677 0.009427679500510482 0.010572320499468707 0.009469302809563507 0.010301768990624035 0.01123829344431713 0.014255983350661545 0.01784599375648507 0.028824141519220785 0.04048907388133144 0.5872528616018863
0.04687822497407926 0.04388544891629544 0.017156862745053774 0.014654282765700065 0.010397316821438603 0.00959752321978948 0.008694530443734017 0.008204334365303911 0.008359133126913419 0.008694530443734017 0.01021671826622751 0.01233230134155745 0.01906604747157104 0.01333849329201925 0.006398348813192987 0.009313725490172049 0.0044117647058709705 0.006914344685224679 0.006501547987599325 0.007430340557256372 0.006811145510818341 0.009855521155805326 0.012383900928760619 0.029102167182587454 0.04148606811134808 0.6279153766753666
0.05178516466591827 0.04606545603763705 0.01513286139321039 0.007156048014755422 0.0038729865599572357 0.0027957320201015805 0.002077562326864477 0.0017441263978615366 0.0013337437160117632 0.0017184774802459256 0.002282753667789364 0.0020262644916332557 0.002564891761561083 0.005258028111200221 0.0021801579973269205 0.004052528983266511 0.0018467220683239798 0.003513901713338684 0.0014106904688585956 0.002693136349639137 0.0020262644916332557 0.004360315994653841 0.008079409048917411 0.03793474915348842 0.0438083512874633 0.7422796757957775
0.03178889703317083 0.0232244126383117 0.0024690405462656955 0.0008487326877788328 0.0010802052389912418 0.0013502565487390522 0.0006944176536372268 0.002507619304801097 0.002353304270659491 0.003973612129146354 0.0037807183364693465 0.005092396126672997 0.004243663438894164 0.06141738358835918 0.006635546468089057 0.024651826704121554 0.005130974885208399 0.04262952818161865 0.005246711160814603 0.025616295667506592 0.007021334053443072 0.0284325450405909 0.015122873345877386 0.02893406890155112 0.3048107711882072 0.3609428648572164
0.037134666666661716 0.036495999999995136 0.008914666666665478 0.004930666666666009 0.0034239999999995433 0.0032133333333329048 0.003018666666666264 0.003427999999999543 0.0035199999999995304 0.004469333333332737 0.005395999999999281 0.009113333333332118 0.018761333333330833 0.009971999999998671 0.005743999999999234 0.0051813333333326425 0.0036373333333328483 0.003694666666666174 0.002985333333332935 0.003358666666666219 0.003642666666666181 0.005067999999999324 0.009323999999998757 0.03382533333332882 0.05289066666665961 0.7188559999999041
0.010561914672205451 0.0101664932362017 0.0035379812695072446 0.003257023933399316 0.003340270551505369 0.003839750260141686 0.003839750260141686 0.0055150884495259985 0.005119667013522248 0.008813735691978342 0.008584807492186696 0.015858480749203062 0.01928199791881448 0.05933402705508914 0.012663891779383284 0.02489073881370979 0.01105098855357851 0.03489073881369938 0.007845993756495478 0.020874089490092743 0.008990634755453704 0.023132154006219426 0.013579604578549865 0.029562955254912007 0.26836628511938776 0.383100936524055
0.035762623633338035 0.04081207704299421 0.006246746486172583 0.002863092139495767 0.002498698594469033 0.002863092139495767 0.002550754815187138 0.005517959396119115 0.00900572618423214 0.008849557522077826 0.010983862571520125 0.014263404476760732 0.018584070796363435 0.013014055179526215 0.0066631962519174215 0.006923477355507946 0.0034877667881130256 0.004633003643911332 0.0019260801665698798 0.003071317022368187 0.0017178552836974604 0.0039042165538578644 0.006038521603300164 0.02946382092644735 0.030140551795782712 0.7282144716255688
0.06376887037967845 0.04757938573634784 0.005309734513246696 0.002654867256623348 0.002290473711596614 0.0020822488287241944 0.00182196772513367 0.0016137428422612506 0.003019260801650082 0.0024466423737509284 0.004060385216012179 0.004945340968219962 0.005517959396119115 0.010411244143620971 0.00374804789170355 0.004945340968219962 0.001457574180106936 0.002654867256623348 0.0013014055179526214 0.001978136387287985 0.0011972930765164118 0.0022384174908785088 0.004685059864629438 0.0310775637687086 0.04190525767807441 0.7452889120211073
0.054242581988265266 0.04799583550209268 0.008328995314896778 0.003279541905240606 0.002342529932314719 0.0015616866215431458 0.0016137428422612506 0.0020822488287241944 0.002134305049442299 0.0020301926080060896 0.001874023945851775 0.002290473711596614 0.0028110359187776624 0.006454971369045002 0.001457574180106936 0.0044768349817570175 0.001093180635080202 0.0039042165538578644 0.001093180635080202 0.002498698594469033 0.0013534617386707264 0.002915148360213872 0.005309734513246696 0.03659552316482772 0.04143675169161147 0.7588235294078145
0.04629552549422862 0.03698231009361396 0.014255983350661545 0.009281997918824888 0.006087408949005112 0.004797086368361294 0.0038813735691947122 0.0038501560874049426 0.004047866805406818 0.004432882414147312 0.005535900104052512 0.009084287200823013 0.01108220603536828 0.011019771071788741 0.0055150884495259985 0.0066285119666944555 0.0041103017689863575 0.005556711758579025 0.0032466181061360597 0.004432882414147312 0.0043184183142514895 0.007669094693020116 0.010967741935472458 0.03420395421432445 0.04278876170651114 0.6999271592084287
0.02260061919492982 0.023374613002975362 0.002992776057776095 0.0011351909184667947 0.0009287925696546502 0.0009803921568576862 0.0013931888544819753 0.007481940144440237 0.014138286893631898 0.027966976264045578 0.05180598555184827 0.1297213622284328 0.22874097007105912 0.07492260061880844 0.016666666666580666 0.008720330237313105 0.0037151702786186007 0.003044375644979131 0.0013931888544819753 0.0009287925696546502 0.0011867905056698307 0.0013931888544819753 0.0022703818369335894 0.014860681114474403 0.019865841073168907 0.33777089783107445
0.029180695847291317 0.022031913336207406 0.007051188210591296 0.005928853754926246 0.004050163470443444 0.0037817791440887577 0.0025374518128079408 0.00409896062068975 0.003635387693349838 0.004782120724138042 0.004757722149014889 0.006099643780788319 0.006172839506157778 0.031254574732759347 0.00536768652709372 0.013126433416256461 0.003903772019704524 0.021568340408867494 0.002927829014778393 0.014785536524630884 0.004635729273399122 0.017981749865763962 0.011979700385468257 0.030571414629311053 0.2518420924211881 0.4859464207278438
0.045269342940372985 0.048035683650608944 0.0029164522216441145 0.001565448618970738 0.00094355807170839 0.001393892605932849 0.002058672156454669 0.0024232286841601833 0.0023374506776412387 0.0029378967232738507 0.004095899811279602 0.011344141362130416 0.013724481043031127 0.05989449305185303 0.009221135700786538 0.014475038600071892 0.005575570423731396 0.010786584319757276 0.0039028992966119768 0.00971435923827047 0.004417567335725644 0.013831703551179807 0.009650025733381262 0.03203808543482579 0.13615114084719473 0.5512952478972566
0.055752212389090304 0.05231650182169538 0.006038521603300164 0.0016657990629793554 0.0013014055179526214 0.0009890681936439924 0.001145236855798307 0.0008849557522077826 0.0010411244143620972 0.0016137428422612506 0.0013534617386707264 0.001978136387287985 0.005049453409656172 0.006090577824018268 0.001093180635080202 0.00364393545026734 0.00015616866215431457 0.002498698594469033 0.00046850598646294375 0.0011972930765164118 0.0008849557522077826 0.002706923477341453 0.004528891202475123 0.03477355543969404 0.04232170744381925 0.768505986461382
0.03076700852222803 0.02966921854678703 0.00941788242088858 0.0068467427415662375 0.005922288025405395 0.005402282247564922 0.004795608840084369 0.00840676007508766 0.011237902643330239 0.019962444027098188 0.025018055756102792 0.036747074967393475 0.0377581973131944 0.04463382926464066 0.020395782175298582 0.02071356348397887 0.010891232124769923 0.012104578939731029 0.006413404593365843 0.008060089556527343 0.004217824642483842 0.00635562617360579 0.006008955655045474 0.020771341903738923 0.026058067311783742 0.5814242380454097
0.0400622769043061 0.036758563074282755 0.009417483101675747 0.006398572188033723 0.004784688995206226 0.004366978051180286 0.003930280246062257 0.005373281689060961 0.005240373661416343 0.006588440798954606 0.0065504670767704285 0.007025138604072634 0.006987164881888458 0.01023391812863554 0.004518872939916992 0.00664540138223087 0.004651780967561609 0.006398572188033723 0.004177109440259404 0.005259360522508432 0.003512569302036317 0.0054492291334293135 0.00601883496619196 0.030416951469525295 0.03172704488487938 0.7375066453999819
0.021696149843890015 0.015660770031201185 0.004370447450567773 0.003288241415189086 0.0027055150884467164 0.003985431841827278 0.0041103017689863575 0.006253902185217218 0.0067013527575372515 0.009500520291353277 0.012944849115491212 0.024484911550442783 0.04017689906343374 0.053267429760610545 0.026867845993728545 0.029261186264277563 0.018366285119647902 0.02547346514045216 0.013756503642025228 0.018387096774174414 0.011290322580633413 0.01770031217479948 0.017492195629534347 0.03902185223721225 0.14362122788746762 0.429614984390812
0.04674648620485816 0.04518479958331502 0.016918271733384078 0.008849557522077826 0.005257678292528591 0.003071317022368187 0.0020822488287241944 0.002134305049442299 0.0024466423737509284 0.003591879229549235 0.00364393545026734 0.006350858927608793 0.0072358146798165756 0.00791254554915194 0.001978136387287985 0.0038521603331397596 0.0008849557522077826 0.0020822488287241944 0.0013014055179526214 0.003019260801650082 0.001457574180106936 0.004737116085347542 0.007079646017662261 0.035502342529747516 0.03836543466924328 0.7383133784448812
0.057678292555660184 0.050546590317279816 0.007652264445561414 0.003019260801650082 0.0016657990629793554 0.000728787090053468 0.0005726184278991535 0.0009370119729258875 0.0005205622071810486 0.0009370119729258875 0.000728787090053468 0.0002602811035905243 0.0015616866215431458 0.004060385216012179 0.0006246746486172583 0.004216553878166493 0.0007808433107715729 0.002706923477341453 0.0009370119729258875 0.003383654346676816 0.001145236855798307 0.0020301926080060896 0.004685059864629438 0.03758459135847171 0.048620510150709936 0.7624154086373638
0.04391259105094286 0.03595213319455156 0.018324661810594875 0.013246618106125653 0.009209157127982093 0.009229968782508606 0.0076899063475466285 0.008220603537972715 0.007325702393332648 0.009417273673247224 0.009906347554620285 0.014869927159193684 0.021852237252838864 0.016763787721106385 0.010676378772101274 0.010041623309042621 0.007845993756495478 0.009417273673247224 0.007377731529648931 0.007793964620179195 0.007513007284071266 0.010343392299677063 0.01662851196668405 0.032799167533784805 0.03818938605615173 0.6154526534853118
0.025449565936271575 0.03139210417519793 0.007596114096714561 0.005916701116148417 0.00415977676724845 0.0055549813972572476 0.006691814799486637 0.012479330301745351 0.016432410086770276 0.02415770979737454 0.034466721785772876 0.04932306738308877 0.05120917734587844 0.05239768499366371 0.03322653989243172 0.022555808185142218 0.012686027283968877 0.007880322447271909 0.004599007854473442 0.004418147995027857 0.0028420835055734755 0.003203803224464645 0.005064076064476375 0.020540512608462843 0.02420938404293042 0.5315471269105737
0.05266544117622856 0.05188419117623215 0.011764705882298875 0.006249999999971278 0.0010569852941127895 0.0010569852941127895 0.0008731617647018697 0.0010569852941127895 0.0007812499999964097 0.0005055147058800298 0.00036764705882183984 0.0007352941176436797 0.0010569852941127895 0.0033547794117492888 0.00013786764705818995 0.0020680147058728493 9.191176470545996e-05 0.002205882352931039 0.00032169117646910987 0.002711397058811069 0.00036764705882183984 0.002159926470578309 0.002389705882341959 0.03322610294102377 0.040211397058638736 0.7806985294081769
0.040658201606528485 0.04008810572676837 0.00761855402952159 0.005001295672441043 0.003757450116600784 0.005182689816001082 0.006296968126441314 0.0067115833117214006 0.006556102617241368 0.009043793728921886 0.009562062710521995 0.013967349054122915 0.014589271832043043 0.012282974863922562 0.006763410209881411 0.008655091992721806 0.004586680487160957 0.005934179839321238 0.0027468256024805733 0.003316921482240692 0.0021508162736404487 0.004923555325201027 0.006685669862641395 0.02866027468248598 0.03096657165060646 0.7132935993762288
0.034714995953189054 0.02156318649548629 0.001474158862291958 0.00106948780205495 0.0009249624233988757 0.0011272979535173798 0.000867152271936446 0.003439704012014569 0.0028616024973902717 0.004480286738338304 0.003902185223714007 0.006243496357942411 0.0064747369637921295 0.05887963926448468 0.007746560295965584 0.024164643311295628 0.006445831888060915 0.04035148572077595 0.006330211585136056 0.025985663082362165 0.009336339461182402 0.033847843681252605 0.01682275407556705 0.03584229390670643 0.21259683200308532 0.432506648166168
0.03787721123825403 0.03148803329861448 0.01558792924035839 0.009375650364194198 0.007075962539014489 0.007107180020804259 0.007034339229961463 0.00786680541102199 0.00734651404785916 0.008074921956287123 0.00841831425597459 0.012008324661798119 0.01573361082204398 0.022434963579581232 0.007721123829336398 0.010853277835576635 0.006389177939639553 0.011966701352745092 0.005431841831419946 0.009084287200823013 0.006680541103010738 0.010634755463048247 0.011748178980216703 0.03252861602494014 0.050603537981216855 0.6389281997912186
0.030635294117502893 0.032752941176316455 0.00917647058819211 0.007905882352903973 0.005741176470561218 0.009411764705838061 0.010117647058775917 0.020329411764610214 0.014070588235227903 0.017458823529329606 0.014352941176403044 0.023247058823420014 0.022023529411661066 0.036047058823359776 0.01985882352931831 0.01952941176461398 0.013270588235231667 0.01223529411758948 0.008235294117608304 0.007858823529374781 0.004423529411743889 0.006964705882320166 0.007952941176433163 0.02399999999988706 0.029599999999860706 0.5927999999972103
0.053274725274608185 0.04670329670319406 0.0076043956043788915 0.002373626373621157 0.0012967032967004467 0.0011648351648326047 0.00107692307692071 0.0010549450549427364 0.0016703296703259993 0.0019999999999956043 0.0026373626373568408 0.004351648351638787 0.00514285714284584 0.006021978021964787 0.004637362637352445 0.004329670329660814 0.0027692307692246828 0.0037582417582334984 0.001978021978017631 0.002901098901092525 0.002373626373621157 0.004153846153837025 0.0065714285714141285 0.03068131868125125 0.04723076923066542 0.752241758240105
0.05804268610068692 0.04789172306065647 0.0053617907339648 0.0015616866215431458 0.001145236855798307 0.000728787090053468 0.0012493492972345166 0.001093180635080202 0.0014055179593888312 0.0020822488287241944 0.0016657990629793554 0.0017699115044155652 0.0026028110359052428 0.004997397188938066 0.0016137428422612506 0.004580947423193228 0.0017699115044155652 0.003383654346676816 0.0013534617386707264 0.0035398230088311304 0.001509630400825041 0.002706923477341453 0.006402915148326898 0.03274336283168796 0.0439354502860805 0.7648620510111147
0.048864809081275204 0.04865841073246306 0.00825593395248578 0.0027347781217609145 0.001754385964903228 0.0011867905056698307 0.00041279669762428895 0.0010835913312637585 0.0006707946336394695 0.0007223942208425056 0.0010835913312637585 0.0014963880288880475 0.0023735810113396615 0.0050051599586945035 0.0010319917440607224 0.004747162022679323 0.0013931888544819753 0.0033023735809943116 0.0014447884416850113 0.002218782249730553 0.001289989680075903 0.003921568627430745 0.007791537667658454 0.03488132094925242 0.03508771929806456 0.778586171306612
0.05087719298219361 0.04453044375622017 0.01264189886474385 0.007017543859612912 0.004076367389039853 0.0028895768833700226 0.0024251805985426975 0.0028895768833700226 0.0024251805985426975 0.0028379772961669865 0.002579979360151806 0.001805985552106264 0.002941176470573059 0.004798761609882359 0.001289989680075903 0.003508771929806456 0.0006191950464364335 0.003611971104212528 0.0005675954592333974 0.0023219814241366254 0.0007739938080455418 0.003405572755400384 0.005779153766740045 0.03658410732695261 0.04081527347760157 0.7559855521116822
0.05059864653799792 0.04060385216012179 0.005986465382582059 0.0029672045809319768 0.0020822488287241944 0.0019260801665698798 0.002290473711596614 0.004216553878166493 0.006090577824018268 0.006402915148326898 0.006454971369045002 0.010307131702184762 0.013690786048861578 0.0246225923996636 0.006611140031199317 0.0039042165538578644 0.0020301926080060896 0.002706923477341453 0.001093180635080202 0.002863092139495767 0.0014055179593888312 0.001874023945851775 0.0034877667881130256 0.030921395106554287 0.04685059864629437 0.7180114523648203
0.04664237376342195 0.04872462259214615 0.010046850598594238 0.006246746486172583 0.002290473711596614 0.002134305049442299 0.0022384174908785088 0.002290473711596614 0.002550754815187138 0.002550754815187138 0.002134305049442299 0.001978136387287985 0.0023945861530328236 0.003279541905240606 0.0007808433107715729 0.0027589796980595576 0.0006246746486172583 0.002550754815187138 0.0005205622071810486 0.002706923477341453 0.0014055179593888312 0.0031754294638043964 0.005830296720427744 0.037636647579189816 0.0449765747004426 0.761530452885156
0.039762881896763504 0.03921568627433098 0.0113543091654749 0.006794345645203856 0.004970360237095438 0.005745554035541516 0.0072047423620282495 0.00930232558135293 0.010943912448650506 0.014683082535272762 0.01755585955304352 0.020793433652435963 0.02161422708608475 0.021295029639665775 0.011764705882299295 0.010168718650204429 0.005563155494730674 0.005836753305946936 0.003191974464189731 0.004924760601892728 0.004970360237095438 0.004468764249865623 0.0067031463747984354 0.024623803009463638 0.02343821249419317 0.6631098951178153
0.048065476190333134 0.044702380952247905 0.005714285714268707 0.003065476190467067 0.0027678571428489053 0.0024702380952307435 0.002232142857136214 0.0036607142857033904 0.0035714285714179422 0.004910714285699671 0.006071428571410502 0.0102976190475884 0.011190476190442885 0.026458333333254588 0.007559523809501311 0.011726190476155576 0.00577380952379234 0.014136904761862688 0.003988095238083369 0.009970238095208422 0.007291666666644965 0.02098214285708041 0.011517857142822864 0.036220238095130294 0.0878869047616432 0.6077678571410483
0.057990629879968815 0.05278500780815833 0.005049453409656172 0.0015616866215431458 0.0010411244143620972 0.0013534617386707264 0.001457574180106936 0.0011972930765164118 0.0008849557522077826 0.001457574180106936 0.0008328995314896777 0.0011972930765164118 0.0017178552836974604 0.005413846954682906 0.0009370119729258875 0.004789172306065647 0.0008328995314896777 0.003227485684522501 0.001093180635080202 0.0038001041124216548 0.0005726184278991535 0.0020822488287241944 0.002706923477341453 0.03685580426841824 0.04867256637142804 0.7604893284707939
0.048935741961332116 0.044306345292496586 0.014517184119120119 0.008654958989562082 0.0065918583001897246 0.005182911487935433 0.004931313842890023 0.004101041614240172 0.0033462486791039445 0.003623006088653895 0.004075881849735632 0.005610627484512629 0.006138982539107989 0.008478840638030295 0.004101041614240172 0.005434509132980842 0.0022643788054086842 0.003572686559644813 0.0012831479897315876 0.0035978463241493537 0.001937301866849652 0.003547526795140272 0.006239621597126152 0.04007950485573371 0.03582750465446629 0.7236199869151019
0.031002964426813648 0.03557312252957104 0.003993741765472674 0.007225790513819117 0.011198945981531622 0.0063199934123717065 0.0025938735177812216 0.003602602108029474 0.0034790843214684637 0.004693675889318401 0.003643774703549811 0.00522891963108278 0.004714262187078569 0.031435276679777184 0.005661231884046316 0.01307229907770695 0.0053318511198836216 0.021080368906412465 0.005208333333322612 0.015522068511166992 0.003705533596830316 0.018610013175192255 0.007534584980221643 0.029479578392561184 0.12121212121187168 0.5988759881410596
0.05036119711016325 0.04045407636718032 0.01037151702781026 0.005211558307506648 0.005366357069115756 0.00438596491225807 0.00505675954589754 0.004643962848273251 0.0054179566563187925 0.004747162022679323 0.006295149638770406 0.00598555211555219 0.0057275541795370095 0.008823529411719176 0.005211558307506648 0.009081527347734358 0.0051083591331005755 0.006295149638770406 0.003044375644979131 0.004850361197085395 0.004231166150648962 0.004695562435476287 0.006191950464364334 0.028121775025654685 0.03679050567576475 0.7235294117609725
0.05080687142087034 0.04482040603828828 0.010567412805775287 0.0072358146798165756 0.003591879229549235 0.0034877667881130256 0.005257678292528591 0.0034877667881130256 0.004216553878166493 0.0048412285267837515 0.006038521603300164 0.006819364914071736 0.008276939094178672 0.008641332639205407 0.0044768349817570175 0.006246746486172583 0.003071317022368187 0.004685059864629438 0.001874023945851775 0.0038001041124216548 0.0031754294638043964 0.004633003643911332 0.006142634044736374 0.030869338885836182 0.035398230088311305 0.7275377407562335
0.03465540389339154 0.03854329827691166 0.01700604162000166 0.010349071380593116 0.00950995748486935 0.008055493398948154 0.006237413291546662 0.007048556724079636 0.006824793018553298 0.007384202282369142 0.009202282389770635 0.014516670396021154 0.023243454911548323 0.01700604162000166 0.006740881628980922 0.007691877377467856 0.004335421794572792 0.006349295144309831 0.004363392257763584 0.004838890132007051 0.004615126426480714 0.004866860595197844 0.006908704408125675 0.03457149250381917 0.037704184381187895 0.6674311926586836
0.04554919312834175 0.04237376366453736 0.012441436751627061 0.007756376886997624 0.003019260801650082 0.0024466423737509284 0.0017178552836974604 0.002290473711596614 0.002654867256623348 0.004216553878166493 0.01093180635080202 0.025351379489717066 0.028110359187776622 0.028214471629212833 0.01488807912537799 0.00910983862566835 0.0029672045809319768 0.003227485684522501 0.0010411244143620972 0.001874023945851775 0.0014055179593888312 0.0017178552836974604 0.0038001041124216548 0.02764185320131368 0.03784487246206223 0.6774076002046985
0.03883394065570622 0.04299843831315461 0.012545549193063272 0.005309734513246696 0.0031233732430862916 0.003383654346676816 0.002915148360213872 0.002863092139495767 0.00182196772513367 0.002550754815187138 0.002863092139495767 0.006194690265454478 0.010255075481466657 0.00900572618423214 0.003279541905240606 0.00728787090053468 0.0027589796980595576 0.004580947423193228 0.001093180635080202 0.0016137428422612506 0.0008328995314896777 0.00182196772513367 0.004008328995294074 0.031441957313735336 0.041853201457356305 0.7547631441918023
0.04020811654522351 0.028480749219533318 0.01227887617064279 0.011800208116532986 0.012143600416220455 0.011540062434951572 0.013132154006229831 0.014505723204979703 0.017180020811636647 0.019614984391238693 0.02186264308010212 0.031279916753349346 0.03787721123825403 0.03345473465136997 0.019698231009344747 0.013829344432868023 0.01065556711757476 0.009625390218512357 0.007596253902177319 0.00817898022891969 0.008366285119658307 0.009375650364194198 0.011425598335055749 0.027835587929211408 0.034380853277799814 0.5336732570233781
0.049097112423963765 0.04243987684105342 0.014292252642060639 0.009008071898125556 0.0058458849962431435 0.004680868769233833 0.0030997753182926274 0.002454855621198188 0.002933344428719869 0.0030789714570960327 0.004160772239318963 0.006324373803764824 0.007260547557611591 0.010526753765476977 0.00445202629607129 0.00557543480068741 0.003058167595899438 0.005325788466328273 0.0026420903719675416 0.004431222434874696 0.0037863027377802562 0.006012315885815901 0.009465756844450642 0.03395190147284274 0.04370891237404571 0.7123866189549962
0.036071139230600395 0.03306199606483908 0.002353304270659491 0.0015045715828806581 0.0008101539292434313 0.0010416264804558404 0.0008487326877788328 0.002121831719447082 0.0018903591682346732 0.0035492457852569375 0.002893406890155112 0.003703560819398543 0.0038578758535401493 0.05752092897628362 0.0045908722657127775 0.022568573743209874 0.005401026194956209 0.040700590254848575 0.004166505921823362 0.023340148913917905 0.005786813780310224 0.025616295667506592 0.015585818448302204 0.0361868755062066 0.28552139192050646 0.37930635392006745
0.005604860127477978 0.00547621945821454 0.001516023371104606 0.002087298601274499 0.003023747344192216 0.002885424043908949 0.002124645892350981 0.004188429532577325 0.004701608976628245 0.0071360990616137435 0.004997620839234436 0.008865140315154582 0.011888887659346797 0.0332875022131682 0.005593794263455317 0.013057719546740404 0.005841392970962365 0.01885208259560646 0.003359872963880555 0.011709067368978551 0.004434645007081539 0.012815653771244686 0.0053738602160049226 0.018403915102688673 0.518251759472308 0.2845227292846632
0.05085892764158845 0.043571056741053764 0.008120770432024358 0.005049453409656172 0.003071317022368187 0.0026028110359052428 0.003591879229549235 0.00577824049970964 0.006246746486172583 0.008589276418487302 0.00931806350854077 0.013014055179526215 0.023425299323147186 0.022904737115966137 0.004685059864629438 0.0055700156168372195 0.0011972930765164118 0.00364393545026734 0.001509630400825041 0.0023945861530328236 0.0016657990629793554 0.003071317022368187 0.004320666319602704 0.02857886517423957 0.04419573138967103 0.6930244664201299
0.022753091477947292 0.01948701951728021 0.008743668057209948 0.007332948450535499 0.006307499627532043 0.007199093042311438 0.0066485399284855196 0.009379190256256357 0.01005777897794877 0.014547172973776614 0.016674891984503424 0.029249152637064534 0.041312434818231186 0.04458432657925584 0.022864831644812594 0.023077836337899577 0.015133808849819455 0.017724783969008662 0.011574418951130953 0.0159439250595929 0.012006248137662488 0.018609393623358977 0.020766211635873624 0.0319995902860511 0.07578194837603408 0.4902401948003005
0.04068775100391393 0.04229417670672115 0.003338353413646239 0.0009538152610417826 0.0009036144578290572 0.0011295180722863214 0.0012299196787117722 0.0013554216867435857 0.0019829317269026534 0.0032128514056144254 0.0030120481927635237 0.0050200803212725395 0.006375502008016126 0.021360441767014657 0.006701807228898841 0.010742971887523236 0.0050200803212725395 0.011571285140533204 0.003915662650592581 0.008433734939737867 0.004342369477900747 0.01736947791160299 0.011746987951777744 0.032931726907547865 0.13102409638521328 0.6233433734924113
0.04484911550463595 0.03962539021848114 0.013787721123814997 0.007242455775226595 0.0051612903225752745 0.0043808532778310295 0.003496357960454218 0.0035275754422439878 0.0034027055150849085 0.0037148803329826066 0.004484911550463595 0.00474505723204501 0.005827263267423697 0.007741935483862912 0.004516129032253365 0.004942767950046886 0.0032049947970830333 0.004203954214355667 0.0033090530697155993 0.0038293444328784294 0.004006243496353792 0.006409989594166067 0.010405827263256602 0.03330905306968438 0.03931321540058344 0.7305619146714563
0.04270282186939439 0.03842592592584121 0.002976190476183915 0.0018959435626060494 0.0014991181657815274 0.0014770723104023875 0.0009700176366821649 0.002865961199288214 0.0026234567901176732 0.004298941798932322 0.003549382716041558 0.004761904761894264 0.00608465608464267 0.04138007054664598 0.006591710758362893 0.016622574955871643 0.005202821869477066 0.0276455026454417 0.0052689594356144865 0.016909171075800464 0.006393298059950632 0.020899470899424826 0.012786596119901263 0.03595679012337752 0.14118165784801326 0.5490299823621053
0.03375573921016067 0.024683195592195836 0.0033057851239547994 0.00235078053259008 0.0014325068870470797 0.0014692378328687997 0.00113865932047332 0.0029384756657375995 0.00198347107437288 0.00400367309456748 0.0027915518824507195 0.005399449035792839 0.00415059687785436 0.05667584940291395 0.00503213957757564 0.022846648301109836 0.00429752066114124 0.041322314049435 0.00503213957757564 0.024903581267126156 0.007199265381057119 0.033168044077013153 0.01674931129470432 0.0337924701559824 0.2683195592276646 0.3912580348929614
0.03319458896978856 0.024817898022866994 0.0043912591050942855 0.003371488033295139 0.002164412070757373 0.00214360041623086 0.0022060353798103996 0.003548387096770501 0.0034339229968746786 0.005660770031211591 0.0064932362122721195 0.0101664932362017 0.013007284079070753 0.03418314255979794 0.012528616024960948 0.018283038501541848 0.01081165452652361 0.021300728407886264 0.007804370447442451 0.01500520291361602 0.007086368366277746 0.017585848074903657 0.016160249739837502 0.03707596253898327 0.14339229968767597 0.5441831425592673
0.047137195378904526 0.042864772184155873 0.0038508024847405606 0.002361075976045307 0.0021643196447081983 0.0022205357393759438 0.0020518874553727075 0.0030918852067259974 0.003316749585396979 0.004975124378095468 0.006998903786134303 0.008572954436831174 0.011102678696879718 0.04109396520212189 0.011243218933549081 0.01748320544166882 0.005677825561442286 0.02391994828112567 0.004806476094092232 0.013941591477600861 0.004918908283427723 0.018185906625015638 0.011046462602211973 0.038226944374066874 0.1021446440112934 0.5666020181562059
0.02452653485949581 0.018480749219543725 0.0031945889698197765 0.0018418314255964185 0.0018210197710699053 0.0019250780437024713 0.0021540062434941163 0.005140478668048761 0.0041727367325658975 0.0068574401664861 0.008949011446400677 0.01916753381891866 0.035650364203917116 0.06983350676371505 0.019854318418293597 0.026045785639931273 0.012101977107167428 0.0329448491154704 0.008563995837660184 0.01736732570237527 0.007242455775226595 0.019521331945869386 0.013017689906334009 0.02873048907385148 0.21374609781455386 0.39714880332945146
0.04917169395755728 0.04522167959387814 0.013549746241469046 0.005410322704190821 0.004596380350462998 0.004333046059551055 0.0031360720099513164 0.003638801110783207 0.0023939480991994784 0.002657282390111421 0.0029206166810233636 0.002537584985151447 0.00330364837689528 0.004716077755422972 0.002322129656223494 0.004596380350462998 0.001627884707455645 0.0035669826678072225 0.0024418270611834677 0.004045772287647118 0.003207890452927301 0.0053863832231988255 0.007900028727358278 0.033227999616888756 0.04014650962357525 0.7439433113072298
0.055648099947654094 0.05174388339379623 0.0059344091618639535 0.0034877667881130256 0.0016137428422612506 0.0017699115044155652 0.0009370119729258875 0.001093180635080202 0.0017699115044155652 0.001978136387287985 0.002498698594469033 0.002550754815187138 0.00374804789170355 0.008120770432024358 0.002342529932314719 0.00567412805827343 0.0015616866215431458 0.003227485684522501 0.0010411244143620972 0.002342529932314719 0.0008849557522077826 0.0027589796980595576 0.0038001041124216548 0.03409682457035868 0.04029151483581316 0.759083810511405
0.0031319999999999217 0.003078499999999923 0.001111499999999972 0.000881999999999978 0.0008832499999999779 0.0009112499999999772 0.0008129999999999796 0.001670749999999958 0.0020432499999999488 0.0036954999999999076 0.0034122499999999145 0.007515249999999812 0.014430749999999638 0.02048724999999949 0.005291249999999867 0.008711499999999782 0.004829749999999879 0.011899499999999702 0.0032279999999999193 0.00837424999999979 0.00439949999999989 0.010422249999999739 0.006983499999999825 0.012861999999999678 0.719296249999982 0.1396357499999965
0.03437118437111442 0.02857142857137043 0.0024420024419974725 0.0008954008953990732 0.000630850630849347 0.0007326007325992417 0.0008547008546991154 0.001994301994297936 0.001628001627998315 0.0038054538054460613 0.0034188034187964617 0.00746845746844227 0.008587708587691112 0.050284900284797956 0.00921855921854046 0.018803418803380538 0.004741554741545092 0.027635327635271396 0.004517704517695324 0.015791615791583655 0.006267806267793513 0.021164021163978097 0.012494912494887067 0.030138380138318807 0.2758241758236145 0.4277167277158573
0.04554919312834175 0.03649141072339151 0.010515356585057182 0.005882352941145849 0.004580947423193228 0.0033315981259587108 0.0038001041124216548 0.004164497657448389 0.0059344091618639535 0.007964601769870043 0.009526288391413189 0.02066631962508763 0.026652785007669686 0.028214471629212833 0.012285268089472747 0.011764705882291698 0.006194690265454478 0.00567412805827343 0.002915148360213872 0.004997397188938066 0.002915148360213872 0.00395627277457597 0.004268610098884598 0.025611660593307592 0.028266527849930938 0.6778761061911615
0.04398197811617921 0.03997711506820192 0.007318410450768031 0.004839209516305897 0.004314763164785061 0.0040525399890246425 0.003814155283787899 0.004362440105832409 0.005315978926779385 0.00698467186343659 0.010703473265129791 0.01964289971150768 0.028510810746314546 0.023647762759484974 0.010512765500940397 0.010393573148322025 0.004839209516305897 0.00529214045625571 0.00283677799231725 0.003408901284885435 0.0021454623471306934 0.004696178693163851 0.007318410450768031 0.02815323368845943 0.032992443204765326 0.679944694746764
0.0404568927189889 0.031907253513792595 0.005095584966296995 0.009643993023461427 0.014978967887503919 0.0076262781710351 0.0029752744434083126 0.0031462672275122385 0.0020861119660678974 0.002154509079709468 0.001504736500114549 0.0029752744434083126 0.006155740227741337 0.026332888752004607 0.005950548886816625 0.017680653876345948 0.007831469511959812 0.02715365411570345 0.0071474983755441075 0.01853561779686558 0.008823227659762583 0.022160664819868812 0.014602783762475282 0.03344618857072793 0.2303956773016299 0.44923224239783444
0.031019283746471022 0.034214876032963595 0.01129476584018927 0.00807162534433038 0.006005509641856734 0.00515151515150096 0.004517906336075708 0.005261707988966221 0.0072727272727072375 0.01123966942145664 0.01796143250683757 0.05754820936623265 0.07611570247912916 0.03523415977951726 0.007217630853974607 0.005564738291995689 0.002451790633602061 0.00374655647381888 0.0028374655647304754 0.004049586776848348 0.004022038567482033 0.006005509641856734 0.00878787878785458 0.02831955922857212 0.034159779614230966 0.5819283746540442
0.051737786970934556 0.04315738399845972 0.01118516816054755 0.004366812227063084 0.002094026915901596 0.0017875839525989233 0.0024515437064213806 0.0023749329655957125 0.0023749329655957125 0.002170637656727264 0.00206849000229304 0.0036517786460235147 0.0036517786460235147 0.0056181209938823305 0.00206849000229304 0.0041625169181946356 0.0015322148165133628 0.004085906177368968 0.000995939630733686 0.0025281544472470488 0.001021476544342242 0.0030899665466352817 0.006103322352444896 0.03955667917965332 0.0447406726421902 0.7514236829317618
0.056501547987324555 0.04731682146518412 0.015067079463286547 0.007017543859612912 0.00412796697624289 0.003611971104212528 0.003044375644979131 0.00412796697624289 0.003973168214633781 0.003405572755400384 0.00252837977294877 0.004179566563445925 0.005572755417927901 0.007069143446815949 0.002063983488121445 0.0037151702786186007 0.002012383900918409 0.004282765737851998 0.002063983488121445 0.004643962848273251 0.0022703818369335894 0.0028895768833700226 0.005263157894709684 0.03364293085637955 0.04045407636718032 0.7291537667661034
0.04553812871810292 0.03710113574895321 0.006003244997279601 0.0038399134667283937 0.00278528934558468 0.0028393726338484604 0.002190373174683098 0.00275824770145279 0.0031368307192992514 0.00557057869116936 0.0061384532179390525 0.010708491076228479 0.012682531097856456 0.04294213088144148 0.009545700378557204 0.018090859924234474 0.007003785830159535 0.021308815575929396 0.00562466197943314 0.012952947539175357 0.005813953488356371 0.017522985397464785 0.014115738236846632 0.03542455381277603 0.12285018929117672 0.545511087072619
0.008360360360359104 0.008923423423422084 0.002632132132131737 0.002492492492492118 0.0024354354354350696 0.0025870870870866986 0.0023738738738735173 0.0038588588588582794 0.0039519519519513584 0.0058318318318309565 0.005109609609608843 0.009124624624623254 0.01628528528528284 0.030163663663659135 0.007313813813812716 0.01324924924924726 0.00610660660660569 0.01895345345345061 0.004301801801801156 0.011641141141139393 0.005042042042041285 0.01381531531531324 0.00934234234234094 0.023369369369365862 0.42933033033026585 0.35340390390385085
0.051147959183542986 0.04556122448967969 0.011505102040786976 0.006811224489778543 0.004770408163253137 0.004642857142845298 0.0029081632652987036 0.0035204081632563256 0.003010204081624974 0.003545918367337893 0.003061224489788109 0.004081632653050812 0.004260204081621785 0.007295918367328327 0.002346938775504217 0.004030612244887677 0.0017602040816281628 0.003852040816316704 0.0011734693877521085 0.002933673469380271 0.0020663265306069736 0.0039285714285614065 0.0063010204081471914 0.03464285714276877 0.03852040816316704 0.7423214285695349
0.054390500813812144 0.04376137125336646 0.013669443646429021 0.009097002776958017 0.008187302499262215 0.005673656995102763 0.003590922148799217 0.003399406300863259 0.003950014363679139 0.0033275878578872746 0.003160011490943311 0.0039021354016951495 0.0032318299339192955 0.004644259312446988 0.0017236426314236244 0.0038542564397111598 0.00110121612563176 0.0031360720099513164 0.0012448530115837287 0.0023460691372154886 0.001986976922335567 0.0038063774777271704 0.007277602221566414 0.03499952121029637 0.04115196782523903 0.7333860001897602
0.011560874089478085 0.012289281997906047 0.004422476586884056 0.004651404786675701 0.0043912591050942855 0.004339229968778003 0.0031945889698197765 0.004849115504677576 0.004911550468257116 0.0076899063475466285 0.007023933402698206 0.013225806451599141 0.01653485952131474 0.053142559833451466 0.010031217481779363 0.021581685743994192 0.009229968782508606 0.031248699271559575 0.007023933402698206 0.01818938605617254 0.007190426638910312 0.020936524453672282 0.01197710718000835 0.02954214360038549 0.30020811654495294 0.38061394380813673
0.03787721123825403 0.03148803329861448 0.01558792924035839 0.009375650364194198 0.007075962539014489 0.007107180020804259 0.007034339229961463 0.00786680541102199 0.00734651404785916 0.008074921956287123 0.00841831425597459 0.012008324661798119 0.01573361082204398 0.022434963579581232 0.007721123829336398 0.010853277835576635 0.006389177939639553 0.011966701352745092 0.005431841831419946 0.009084287200823013 0.006680541103010738 0.010634755463048247 0.011748178980216703 0.03252861602494014 0.050603537981216855 0.6389281997912186
0.042765567765437225 0.03565323565312682 0.0054334554334388475 0.00390720390719198 0.0029304029303939853 0.003724053724042356 0.0029609279609189225 0.006288156288137094 0.007020757020735589 0.009462759462730577 0.009371184371155765 0.013888888888846493 0.01333943833939762 0.029975579975488473 0.011935286935250502 0.02011599511593371 0.010103785103754261 0.02164224664218058 0.009249084249056017 0.012576312576274187 0.009004884004856517 0.013522588522547245 0.011935286935250502 0.028113553113467298 0.051862026861868554 0.6132173382154663
0.028512532981526426 0.02455612357079698 0.010526605101141914 0.007479936235706975 0.007003078276164385 0.006450637642919079 0.005916062005276231 0.00765583773086966 0.008491369832892413 0.011458333333331759 0.013170624450306017 0.021784300791553735 0.03277677000879057 0.029613291556724163 0.016694151275283547 0.01640281442392035 0.011374505277043291 0.012251264291994798 0.008999835092347048 0.011333278364114538 0.01014182058047354 0.01418755496921529 0.0190385883904987 0.03572174582233458 0.05250384784519947 0.5759550901494371
0.03591050988549853 0.03299687825178668 0.018366285119647902 0.013735691987498714 0.011404786680529235 0.008158168574393176 0.00860561914671321 0.008699271592082518 0.00857440166492344 0.009448491155036993 0.012518210197697692 0.023621227887592487 0.044360041623262896 0.023694068678435282 0.010332986472413805 0.00802289281997084 0.005775234131107414 0.005952133194582776 0.004640998959412444 0.004443288241410569 0.005026014568152938 0.007887617065548504 0.01215400624348371 0.03185223725282846 0.037044745057193504 0.6067741935477557
0.05580426860980841 0.04846434148855562 0.007131702238380366 0.003227485684522501 0.0013534617386707264 0.001874023945851775 0.002134305049442299 0.0023945861530328236 0.002186361270160404 0.0020822488287241944 0.001509630400825041 0.0022384174908785088 0.002550754815187138 0.0052056220718104855 0.00182196772513367 0.0053617907339648 0.001093180635080202 0.003227485684522501 0.0010411244143620972 0.0019260801665698798 0.001509630400825041 0.002290473711596614 0.006090577824018268 0.03274336283168796 0.03612701717836477 0.7686100989028183
0.05101509630374276 0.037896928682780336 0.005622071837555325 0.005257678292528591 0.004424778761038913 0.004320666319602704 0.003227485684522501 0.006767308693353632 0.006454971369045002 0.010203019260748552 0.011608537220137384 0.017855283706309965 0.013170223841680529 0.02321707444027477 0.010671525247211495 0.01671004685051166 0.007808433107715729 0.008953669963514035 0.006871421134789842 0.010671525247211495 0.007704320666279519 0.012337324310190852 0.01296199895880811 0.030817282665118077 0.046121811556240906 0.6273295158738816
0.04151404151394935 0.036430236430155555 0.0054390054389933645 0.003108003107996208 0.0022200022199972917 0.0017538017537978604 0.0018870018869976979 0.003130203130196181 0.0030414030413962894 0.004129204129194962 0.004284604284594773 0.007392607392590981 0.007681207681190629 0.03338883338875927 0.006859806859791631 0.015517815517781069 0.005217005216993635 0.021955821955773214 0.005594405594393175 0.013897213897183045 0.0057720057719929585 0.015784215784180742 0.012432012431984833 0.03556443556435661 0.1560661560658096 0.5499389499377291
0.049429657794562896 0.03765410761599803 0.0038022813688125307 0.0023505012098113827 0.0018204862311284238 0.0013365595114613745 0.001359603640969329 0.0020970157852238805 0.001981795137684107 0.002742251411446613 0.0026039866343988845 0.005645811729448909 0.0056688558589568635 0.022491070399763818 0.0056688558589568635 0.01656872911621945 0.005231017398305724 0.029404309252150238 0.005599723470433 0.01753658255555355 0.006590621039275053 0.013895610093296703 0.009286784191705756 0.031409148519342296 0.09922802166125308 0.6185966125115369
0.0072703856906075484 0.00793926741080284 0.0033475269306743314 0.002804937563243187 0.0025274062201318544 0.0023512205922016265 0.002051860941205133 0.0033911835464446533 0.0035346267125471397 0.005393151212483704 0.004747656965022514 0.008268251193929195 0.016963713556467967 0.030162044002745664 0.005684715039235497 0.012100678392623887 0.004688408700762792 0.01815803383075606 0.003409893524631934 0.011690618037352649 0.004457652303119662 0.01391398711194119 0.007176835799671145 0.017351945603854044 0.5704734715895887 0.23014052752779912
0.0588755856321766 0.046486205101267636 0.00910983862566835 0.006507027589763108 0.003591879229549235 0.002498698594469033 0.0028110359187776624 0.003227485684522501 0.0024466423737509284 0.0035398230088311304 0.0038521603331397596 0.003279541905240606 0.0029672045809319768 0.006194690265454478 0.003279541905240606 0.005413846954682906 0.002290473711596614 0.003591879229549235 0.0019260801665698798 0.0028110359187776624 0.0017178552836974604 0.00374804789170355 0.006871421134789842 0.03289953149384227 0.04643414888054954 0.7336283185802518
0.050650702758716026 0.045340968245469335 0.010463300364339076 0.005309734513246696 0.0023945861530328236 0.0019260801665698798 0.0029672045809319768 0.004008328995294074 0.004268610098884598 0.004893284747501857 0.00546590317540101 0.0059344091618639535 0.01155648099941928 0.011816762103009804 0.003383654346676816 0.0052056220718104855 0.002134305049442299 0.003695991670985445 0.0022384174908785088 0.003435710567394921 0.002654867256623348 0.00364393545026734 0.0059344091618639535 0.0310775637687086 0.03774076002062602 0.7318584070758362
0.008158168574393176 0.006722164412063764 0.0032258064516095465 0.002434963579602045 0.001852237252859675 0.0021227887617043468 0.002320499479706222 0.004693028095728727 0.004953173777310142 0.007679500520283372 0.006576482830378172 0.013007284079070753 0.014973985431826249 0.05424557752335667 0.009958376690936568 0.02159209157125745 0.009458896982300251 0.031956295525461025 0.0062851196670069874 0.019677419354818232 0.007034339229961463 0.022039542143577482 0.013246618106125653 0.028449531737743547 0.3944745057227945 0.3028616024970834
0.04908901613717288 0.04273815720956409 0.010255075481466657 0.006090577824018268 0.0034877667881130256 0.0028110359187776624 0.0035398230088311304 0.003279541905240606 0.0031233732430862916 0.004737116085347542 0.004685059864629438 0.004060385216012179 0.006090577824018268 0.009838625715721819 0.0028110359187776624 0.006038521603300164 0.001978136387287985 0.005726184278991534 0.0024466423737509284 0.003695991670985445 0.0020301926080060896 0.004008328995294074 0.006142634044736374 0.030713170223681866 0.03727225403416308 0.7433107756338193
0.022289281997895642 0.017107180020793852 0.003995837669090535 0.0033818938605583953 0.0032049947970830333 0.003652445369403067 0.004266389177935206 0.007013527575434949 0.006742976066590278 0.010946930280945944 0.011768990634743216 0.02140478668051883 0.027700312174789073 0.04493236212274201 0.017773152965642275 0.021519250780414653 0.011935483870955322 0.020593132153984815 0.009687825182091896 0.013995837669080129 0.00893860561913742 0.017991675338170664 0.018636836628492574 0.04614984391254303 0.1501456815815295 0.4742247658683931
0.043833189696342444 0.039667720003735356 0.014148233266268916 0.00885760796703807 0.006176386095934654 0.005841233362046727 0.004811835679390951 0.0057215359570867525 0.006080628171966675 0.0062242650579186435 0.005769414919070743 0.006990328449662476 0.008546394714142137 0.008402757828190168 0.004261227616575072 0.004213348654591081 0.002657282390111421 0.004189409173599087 0.002968495643007353 0.004428803983519035 0.003590922148799217 0.006822752082718513 0.009839126687709856 0.033012544287960806 0.04017044910456725 0.7127741070556526
0.038624542477240655 0.025011237397980442 0.00809092660371126 0.009022025300170095 0.00728825531366054 0.004334424966273889 0.0032748988634069384 0.007256148462058511 0.006164515507589532 0.009471521222598499 0.009022025300170095 0.010338406215853276 0.009118345854976182 0.04109677005059688 0.006357156617201704 0.01756244782630976 0.00513709625632461 0.027900854042163036 0.004302318114671861 0.016053425801014404 0.004527066075886062 0.019039363000003084 0.01297116804721964 0.02645604572007174 0.17347331920576164 0.4981056957538749
0.05923392612832087 0.04642042863635923 0.013497492020002291 0.006931144550811987 0.004331965344257492 0.002462380300946364 0.0020975832193246805 0.002371181030540943 0.001960784313716549 0.0014135886912840236 0.0018239854081084177 0.0020063839489192596 0.0018239854081084177 0.006247150022771331 0.0025991792065544954 0.005517555859527964 0.00205198358412197 0.0046055631554737545 0.0023255813953382324 0.0031007751937843103 0.002918376652973468 0.004787961696284596 0.008618331053312273 0.03201094391230273 0.03611491108054667 0.7427268581817477
0.0357466494967431 0.029307960127750016 0.0034816616587888547 0.0031239566938447943 0.002766251728900734 0.0027424047312377964 0.0020746887966755505 0.0031478036915077315 0.002909333714878358 0.0036724376400923534 0.00298087470786717 0.004197071588676975 0.005675585443779092 0.05196260790754051 0.00686793532692596 0.022177707826531744 0.005556350455464405 0.03782133829341865 0.005127104497531533 0.02141460390131775 0.006224066390026651 0.02439547860918492 0.014665903562706476 0.03684361138923822 0.26684790384826906 0.3982687079687169
0.03063131313123578 0.028560606060533938 0.0038383838383741456 0.0014393939393903044 0.0010353535353509209 0.0012878787878755355 0.00136363636363292 0.0029040404040330705 0.0019191919191870728 0.003510101010092146 0.0032575757575675312 0.0056060606060464495 0.005530303030289065 0.04171717171706637 0.007070707070689216 0.016767676767634423 0.0056060606060464495 0.03030303030295378 0.004999999999987374 0.016313131313090118 0.005681818181803834 0.033181818181734386 0.013257575757542278 0.03065656565648824 0.23785353535293471 0.4657070707058947
0.053766769865563634 0.04489164086664142 0.007791537667658454 0.003560371517009492 0.002476780185745734 0.002167182662527517 0.001289989680075903 0.0019607843137153724 0.0019607843137153724 0.0019091847265123364 0.0015995872032941198 0.002579979360151806 0.0028895768833700226 0.007172342621222021 0.0024251805985426975 0.005572755417927901 0.0016511867904971558 0.004024767801836818 0.0014447884416850113 0.0023735810113396615 0.001702786377700192 0.004798761609882359 0.00851393188850096 0.029308565531324517 0.043292053663347305 0.7588751289950522
0.050442477875843605 0.0514836022902057 0.005882352941145849 0.0044768349817570175 0.002863092139495767 0.002550754815187138 0.001509630400825041 0.001874023945851775 0.00182196772513367 0.002654867256623348 0.0023945861530328236 0.003227485684522501 0.002498698594469033 0.0044768349817570175 0.001457574180106936 0.00374804789170355 0.0009890681936439924 0.003071317022368187 0.0009890681936439924 0.002342529932314719 0.002186361270160404 0.002134305049442299 0.004789172306065647 0.037011972930572554 0.03888599687642433 0.7642373763624974
0.06267568974459825 0.04882873503358236 0.007444039562688995 0.0029672045809319768 0.0026028110359052428 0.0016137428422612506 0.0017699115044155652 0.0017699115044155652 0.0026028110359052428 0.0027589796980595576 0.002915148360213872 0.0028110359187776624 0.004060385216012179 0.006611140031199317 0.002290473711596614 0.0044768349817570175 0.0028110359187776624 0.0055700156168372195 0.003071317022368187 0.004528891202475123 0.0024466423737509284 0.004060385216012179 0.006246746486172583 0.03165018219660776 0.043987506506798606 0.7374284226926734
0.037304890738774917 0.029136316337118485 0.014308012486977826 0.014588969823085756 0.011196670135264103 0.012434963579591639 0.013215400624335884 0.014027055150869898 0.01506763787719556 0.018480749219543725 0.02437044745054696 0.032580645161256416 0.037190426638879094 0.028366285119637496 0.017741935483852507 0.014745057232034604 0.011467221644108775 0.010582726326731963 0.008584807492186696 0.008355879292395051 0.00691987513006564 0.008834547346504854 0.011311134235159927 0.028647242455745424 0.037887617065517284 0.5326534859515789
0.043442721480842786 0.04149537203980888 0.00757302560402074 0.004688063469155696 0.003918740233191684 0.0034859959129619283 0.003750450775324557 0.004399567255669192 0.004543815362412444 0.006034379132092717 0.006923909123676106 0.007116239932667108 0.006803702368056728 0.009592499098426271 0.0048082702247750735 0.005986296429844966 0.003918740233191684 0.0047601875225273226 0.003918740233191684 0.004062988339934937 0.002740714028121792 0.004062988339934937 0.006010337780968842 0.030941218896427595 0.03428296670264627 0.7407380694777239
0.035085892764002674 0.034252993232513 0.012233211868754642 0.008901613742795932 0.004997397188938066 0.00577824049970964 0.004893284747501857 0.007756376886997624 0.007444039562688995 0.009942738157158027 0.011140031233674439 0.017751171264873758 0.04575741801121417 0.040707964601558 0.008172826652742464 0.008276939094178672 0.004060385216012179 0.005309734513246696 0.0020301926080060896 0.002550754815187138 0.001457574180106936 0.0033315981259587108 0.00921395106710456 0.025351379489717066 0.024934929723972227 0.6586673607461808
0.042141739324759404 0.03834115805939649 0.005775393099326002 0.003223041955430317 0.0017885088307590198 0.0016580967285161746 0.0011364483195447938 0.0024033087413324328 0.0019748118339630843 0.003297563156711943 0.0036515388627996657 0.006036217303811692 0.006632386914064699 0.03468961919659682 0.0057008718980443756 0.015127803860170043 0.00415455697145064 0.02081004545789401 0.004210447872411859 0.013134361725886551 0.004601684179140394 0.018164542812396295 0.011383113495768345 0.033031522468080644 0.17033683582947623 0.546594381100405
0.04002818886530414 0.04536058256977834 0.0029598308668006583 0.0009631195677684681 0.0002114164904857613 0.000399342259806438 0.000399342259806438 0.0011510453370891449 0.0009631195677684681 0.0019732205778671052 0.0017852948085464286 0.002795395818645066 0.0026074700493243894 0.03789053323928144 0.0033121916842769267 0.014399812074196853 0.004063894761559634 0.024383368569357803 0.003969931876899296 0.013906506929730077 0.003711533944083365 0.01735964294099751 0.009043927648557566 0.03258163025597233 0.163565891472484 0.5702137655612632
0.04943808532773211 0.032320499479675004 0.019427679500500075 0.017970863683644152 0.014151925078028978 0.012206035379799994 0.011810613943796244 0.01053069719041568 0.010020811654516107 0.009823100936514232 0.010541103017678938 0.015296566076987204 0.020905306971882514 0.019084287200812608 0.013485952133180556 0.012570239334013975 0.01105098855357851 0.01160249739853111 0.010343392299677063 0.012663891779383284 0.012018730489061375 0.012101977107167428 0.015390218522356513 0.027991675338160257 0.03926118626426716 0.5679916753375983
0.006534859521325146 0.0079604578563913 0.0032154006243462897 0.004068678459933331 0.003756503642035633 0.004360041623304516 0.0036940686784560934 0.005608740894895308 0.006576482830378172 0.011508844953161802 0.009906347554620285 0.017190426638899907 0.020072840790821986 0.050894901144588035 0.011383975026002722 0.020530697190405275 0.010416233090519858 0.02786680541100118 0.007429760665965213 0.01732570239332224 0.008595213319449953 0.02194588969820817 0.014505723204979703 0.03170655567114287 0.281352757543932 0.39159209157087244
0.04289281997914371 0.03600416233086784 0.019084287200812608 0.012320499479695816 0.008772112382925315 0.007138397502594028 0.006899063475539127 0.006108220603531625 0.0059313215400562625 0.007159209157120542 0.007190426638910312 0.011123829344421307 0.014890738813720196 0.011342351716949696 0.0066285119666944555 0.006597294484904685 0.004235171696145437 0.005400624349630176 0.004713839750255241 0.005681581685738104 0.006160249739847908 0.008740894901135545 0.013985431841816873 0.032101977107146615 0.03973985431837696 0.669157127990979
0.03980618537571334 0.027889831687235384 0.01247275930817343 0.009505262669797595 0.007696944405787321 0.008299717160457413 0.008114248620558923 0.009528446237284906 0.012519126443148051 0.017248574210559538 0.024597765104037193 0.03649093522502784 0.03857745629888585 0.03347707145167739 0.015115686001726907 0.010409421801802732 0.0066536838688583165 0.005262669819619644 0.0033384337181728138 0.003222515880736258 0.002921129503401212 0.0034079844206347477 0.007326007325990341 0.024505030834087945 0.032109240969926026 0.5995038716543805
