0.031185233160601563 0.023860103626927552 0.014831606217606975 0.01257124352330792 0.009948186528490966 0.009831606217610213 0.009831606217610213 0.013782383419680192 0.0168523316062067 0.023296632124337243 0.03111398963728555 0.04908031088079723 0.0677396373056556 0.04547279792743169 0.025194300518118398 0.01778497409325273 0.012441709844551528 0.010621761658024208 0.00810233160621237 0.008367875647662974 0.008283678756471319 0.010194300518128113 0.013620466321234702 0.024481865284958236 0.032221502590652706 0.46928756476653544
0.02719841269839111 0.02253968253966465 0.00886507936507233 0.007261904761898998 0.008222222222215697 0.0077539682539621 0.007087301587295963 0.010888888888880247 0.012015873015863479 0.019119047619032443 0.021246031746014884 0.035015873015845224 0.035444444444416315 0.048087301587263424 0.030412698412674275 0.030960317460292888 0.01915079365077845 0.01705555555554202 0.010023809523801568 0.01197619047618097 0.008682539682532792 0.01288888888887866 0.014087301587290407 0.024301587301568013 0.03784920634917631 0.5118650793646731
0.026114996114975822 0.023931623931605337 0.009782439782432182 0.008422688422681878 0.008329448329441857 0.00870240870240194 0.00726495726495162 0.008842268842261972 0.010458430458422333 0.01367521367520305 0.0152447552447434 0.023162393162375165 0.024537684537665472 0.02623154623152585 0.014926184926173328 0.015190365190353387 0.011476301476292559 0.010932400932392438 0.008679098679091935 0.009246309246302062 0.008671328671321933 0.011445221445212553 0.012206682206672722 0.025594405594385708 0.05359751359747195 0.6033333333328645
0.016708035991299483 0.01546695625192719 0.0036146447409218007 0.0029010238907827327 0.004142103630155025 0.0036146447409218007 0.001915916847655976 0.008571206950039892 0.007927396835240515 0.015397145516587498 0.00843158547936051 0.01651411728202256 0.005662426310886082 0.05468507601609162 0.006065777226182077 0.026675457648133203 0.012216878684446 0.0379537697796789 0.011906608749602927 0.035114799875864786 0.018662736580810843 0.03824852621777983 0.020601923673580047 0.031244182438697452 0.277055538318122 0.31870152032243354
0.029596977329955986 0.03359794417726789 0.006748848688390995 0.0032122229855206905 0.0022899015342325714 0.001761952013840062 0.0016347352619382523 0.0016665394499137047 0.0018382820649811475 0.002060911380809314 0.003288553036661776 0.005692949647605976 0.011315930081665957 0.01134773426964141 0.005126835101642924 0.0049868966745509336 0.0025697783884165524 0.003568429890845757 0.0018510037401713285 0.0020291071928338618 0.0016410960995333428 0.0027478818410790855 0.008797038394010128 0.04337455156092196 0.05310027224381529 0.754153626949117
0.016147592245143123 0.01674796747966432 0.00581613508442413 0.004871794871791825 0.006629143214504922 0.006885553470915019 0.0069543464665372395 0.011807379612250276 0.019143214509056195 0.03210131332080544 0.03580988117571244 0.06756097560971384 0.0578611632269807 0.0909193245778043 0.038874296435247736 0.04340212632892845 0.025165728580346988 0.025165728580346988 0.012251407129448248 0.017085678549082498 0.010343964978104851 0.016191369605993627 0.010612883051900805 0.015353345841141118 0.034258911819866004 0.3720387742336635
0.03035606060603761 0.024272727272708884 0.009545454545447314 0.005946969696965192 0.0038712121212091883 0.0035833333333306185 0.003848484848481933 0.0051742424242385045 0.0060303030302984615 0.008962121212114423 0.01353030303029278 0.02660606060604045 0.039075757575727975 0.028181818181796832 0.013575757575747291 0.01088636363635539 0.007356060606055034 0.007727272727266873 0.005242424242420271 0.006575757575752594 0.005704545454541133 0.01047727272726479 0.012810606060596355 0.03622727272724528 0.07953787878781853 0.5948939393934887
0.02296835443036521 0.0205506329113794 0.0084430379746782 0.007867088607589957 0.007664556962020465 0.008651898734171739 0.010107594936702463 0.014506329113914869 0.020234177215177066 0.027329113924033335 0.035645569620230605 0.05074683544300586 0.06139873417717633 0.048734177215159026 0.03419620253162393 0.023955696202516485 0.015943037974673453 0.011999999999992406 0.009424050632905428 0.008234177215184662 0.007050632911387943 0.0070379746835398495 0.008297468354425129 0.018025316455684795 0.02187974683542919 0.48910759493639927
0.019475555555538242 0.0171111111110959 0.010524444444435089 0.009288888888880633 0.011751111111100665 0.011582222222211927 0.011742222222211784 0.016702222222207377 0.021671111111091847 0.0322577777777491 0.041466666666629806 0.0641511111110541 0.06822222222216158 0.06985777777771568 0.04470222222218249 0.03812444444441056 0.026435555555532057 0.021084444444425702 0.014524444444431534 0.012977777777766241 0.009244444444436227 0.010168888888879849 0.01026666666665754 0.01521777777776425 0.02069333333331494 0.370755555555226
0.025749999999979883 0.02174999999998301 0.009429687499992633 0.008398437499993439 0.008328124999993494 0.009328124999992712 0.011085937499991339 0.014531249999988647 0.017437499999986377 0.024804687499980622 0.034718749999972875 0.05114843749996004 0.06006249999995308 0.053437499999958255 0.033531249999973804 0.023624999999981543 0.017117187499986627 0.013445312499989495 0.00980468749999234 0.009749999999992383 0.009710937499992413 0.009515624999992566 0.011070312499991351 0.01964843749998465 0.024796874999980626 0.46777343749963457
0.053885003884962014 0.03287490287487733 0.017342657342643866 0.01515928515927338 0.012766122766112846 0.009603729603722142 0.008500388500381895 0.008096348096341806 0.0078088578088517414 0.008484848484841892 0.010621600621592368 0.011942501942492663 0.012206682206672722 0.014063714063703136 0.010202020202012276 0.009898989898982207 0.007614607614601698 0.008492618492611894 0.008531468531461903 0.009914529914522211 0.010217560217552279 0.012160062160052712 0.01604506604505358 0.02954156954154659 0.042160062160029405 0.6118648018643265
0.011972222222213908 0.011513888888880892 0.0044791666666635565 0.003909722222219507 0.006826388888884149 0.006111111111106867 0.005534722222218379 0.014111111111101311 0.022131944444429074 0.03549999999997535 0.031354166666644895 0.057458333333293435 0.037138888888863096 0.09482638888882304 0.033111111111088116 0.0533680555555185 0.030270833333312312 0.03910416666663951 0.014673611111100921 0.028534722222202408 0.01322916666665748 0.02698611111109237 0.013062499999990929 0.01763888888887664 0.03306944444442148 0.35408333333308745
0.02434538653365066 0.018472568578542098 0.00975062344139043 0.00811720698253858 0.00846633416458325 0.01052369077306077 0.012849127182036877 0.016539900249366246 0.022337905236893805 0.031022443890254974 0.04430174563588261 0.05329800498749794 0.05694513715707173 0.04706982543637963 0.03350997506232325 0.026259351620931258 0.019569825436396775 0.01579177057355624 0.012531172069817624 0.010199501246876434 0.008578553615954752 0.007842892768074912 0.008996259351615339 0.017219451371560338 0.0219264339151983 0.45353491271792173
0.015383333333320514 0.0148416666666543 0.011024999999990813 0.008433333333326305 0.007683333333326931 0.009316666666658903 0.010558333333324534 0.018166666666651527 0.026849999999977624 0.03945833333330045 0.04578333333329518 0.07039999999994133 0.06905833333327578 0.07668333333326943 0.04172499999996523 0.039683333333300264 0.026366666666644695 0.0200833333333166 0.011624999999990313 0.011691666666656924 0.008408333333326327 0.010224999999991479 0.010233333333324806 0.014799999999987667 0.017691666666651923 0.3638249999996968
0.025992857142838575 0.022664285714269525 0.01270714285713378 0.010157142857135601 0.008664285714279525 0.00882142857142227 0.008557142857136745 0.011764285714277312 0.014399999999989714 0.018842857142843682 0.02517142857141059 0.04123571428568483 0.050985714285677865 0.047478571428537515 0.02957142857140745 0.023678571428554514 0.015192857142846291 0.014171428571418449 0.011021428571420699 0.010657142857135244 0.009321428571421913 0.010985714285706438 0.014492857142846791 0.02249999999998393 0.03098571428569215 0.4999785714282143
0.034136212624556364 0.0197342192690866 0.013156146179391067 0.013064784053145295 0.015930232558126305 0.01921926910297407 0.022151162790679278 0.02413621262456467 0.02634551495014423 0.030523255813928136 0.03595514950163126 0.04399501661125914 0.048646179401952955 0.03742524916940413 0.024127906976724147 0.018280730896994783 0.01439368770762924 0.016254152823906767 0.0160299003322126 0.01601328903653155 0.016204318936863617 0.015564784053143219 0.013189368770753164 0.020083056478388636 0.030481727574725514 0.4149584717604527
0.023610411418955826 0.021880772460099177 0.013593618807713188 0.009983207388740568 0.010789252728790269 0.01277078085641245 0.01483627204028981 0.019966414777481137 0.024273719563371727 0.034517212426503345 0.044298908480231484 0.06024349286308964 0.060797649034373805 0.04838790931985862 0.030545759865633463 0.02609571788410907 0.017464315701076857 0.015046179680927753 0.011536523929461346 0.011460957178831686 0.010209907640629547 0.011167086481938567 0.013081444164556607 0.022586062132642665 0.025969773299726304 0.4048866498737155
0.03835944674010104 0.030001721763063875 0.01726784894397292 0.012769742883370086 0.009390782828276092 0.0075255394857613594 0.007224230945816672 0.007554235537184663 0.0076761937557337035 0.008802513774098368 0.010897325527999529 0.015129993112936804 0.019391356749297383 0.017770029843880732 0.012906049127630779 0.011693640954996202 0.00829315886133473 0.009304694674006181 0.0076761937557337035 0.00913251836546636 0.009125344352610533 0.010359274563812587 0.014556072084470732 0.030633034894376555 0.03866075528004573 0.6278983011933053
0.013136842105253939 0.013515789473674726 0.008596491228064143 0.0072421052631528125 0.007340350877187831 0.007698245614029685 0.009522807017537178 0.01663157894735675 0.020954385964897577 0.034912280701729886 0.053136842105225866 0.08644912280695688 0.10111578947361326 0.09935438596484256 0.06320701754381529 0.045712280701722306 0.027319298245594863 0.02114385964910797 0.011592982456132215 0.010554385964904874 0.006940350877188112 0.008428070175432682 0.00735438596490712 0.012540350877184182 0.018877192982442892 0.28672280701734265
0.02598293303787574 0.02802727548501825 0.0073200648913812364 0.00240704836518392 0.0013848771416126663 0.0012529840805066983 0.0015959060393822156 0.0013584985293914728 0.0021036943246401933 0.0034358142418104724 0.005612049750058948 0.010558039541532756 0.018003402840964664 0.013855366069181963 0.0070892520344457925 0.005341668974791713 0.00323797465015152 0.004134847465672104 0.0020970996715848947 0.0024400216304604123 0.0018530975085388536 0.004523931995934711 0.012529840805066982 0.035545179968058435 0.04330708661414467 0.7550020443419493
0.025354624411210926 0.022774919001318592 0.010169076206805135 0.006935936181214479 0.005867298320124515 0.005411255411251728 0.0066228320945257 0.011053935582229946 0.011360233058338533 0.0167442620272695 0.02241416864056848 0.0416700699719284 0.060694546543561836 0.08129135015921936 0.034175991723138274 0.027525933186291807 0.01396035829997144 0.013756159982565713 0.007813988946059098 0.00831087151841303 0.0066908982003276085 0.009297830052540704 0.012571809741612506 0.024612703857970125 0.02824743390779204 0.4846715129730699
0.04254643962845004 0.025797213622271054 0.017716718266240158 0.018707430340542796 0.01901702786376237 0.017368421052618137 0.014055727554168687 0.01404024767800771 0.014055727554168687 0.01704334365323758 0.020085139318869905 0.02877708978325946 0.036710526315761056 0.0248916408668538 0.015804953560359283 0.013839009287914985 0.011037151702777834 0.009961300309589813 0.00852167182661879 0.0093885448916336 0.011369969040238877 0.01547987616097873 0.018831269349830627 0.025549535603695394 0.03474458204331676 0.5146594427240598
0.023326972010163278 0.01947201017810466 0.010585241730273165 0.008994910941470105 0.009109414758263925 0.011437659033071604 0.01444020356233178 0.018562340966909313 0.021437659033065243 0.027805343511432695 0.04029898218826953 0.06414758269716021 0.08085877862590277 0.05912849872769776 0.035884223918552234 0.025362595419831196 0.018346055979632094 0.014732824427471545 0.011049618320603657 0.009688295165388239 0.00835241730279367 0.009077608142487864 0.010069974554700973 0.017684478371490023 0.02256997455469302 0.40757633587760334
0.017729563883397085 0.015450361604196472 0.006479655197599182 0.005887939221268254 0.005953685440860579 0.006910658192704426 0.006852217108622359 0.011607860325800565 0.012820512820503454 0.0186573160931999 0.023339907955275522 0.03353057199208596 0.04021477098397237 0.04845496383954383 0.030805756446759584 0.030301702096551756 0.021557454890772477 0.02141135218056731 0.013463364745406192 0.013960113960103762 0.01113302651763377 0.014654101833578308 0.01707940682298409 0.029030608517766798 0.04845496383954383 0.49425816348857166
0.020619469026533468 0.017256637168128867 0.00853982300884326 0.0069985250737411514 0.006231563421824313 0.008237463126837583 0.008716814159285607 0.010840707964593774 0.01508112094394168 0.025405604719745276 0.04034660766958677 0.07070796460171777 0.08855457227132113 0.07799410029492773 0.047101769911469686 0.03426991150439951 0.02186578171089833 0.016474926253675165 0.010272861356924578 0.009793510324476553 0.007794985250731715 0.0076917404129736786 0.007610619469020936 0.017647492625355716 0.024041297935085516 0.3899041297932228
0.03525831015455562 0.03081824814188203 0.014078245406038211 0.012163148055257304 0.011473485021196324 0.010897815877062778 0.009672381560342853 0.010857918015588176 0.011348091742276146 0.012128949888279075 0.01391295426564343 0.01903127992338526 0.02037640782452899 0.020461903241974565 0.014460124937295118 0.013576672290357498 0.010829419543106317 0.011399388992743491 0.009130910583187537 0.010487437873324013 0.010020062924621528 0.011051707628464814 0.013160594592122361 0.029695408326096795 0.03891751402122628 0.5947916191688735
0.030599078340988187 0.02276497695850627 0.01760368663592995 0.015743611227469003 0.015383326351055398 0.014495182237105575 0.012601591956420107 0.014176790950972622 0.01819857561791521 0.0242061164641607 0.032542940930010436 0.05038123167151204 0.06152492668616546 0.05116045245073216 0.02919983242561441 0.021499790532030584 0.01350649350648219 0.01092584834519403 0.009124423963125995 0.009602010892325428 0.010196899874310685 0.014235441977365534 0.014788437369070139 0.02144113950563767 0.02874738165058337 0.43534981147847895
0.030244883040915934 0.026883615288203006 0.010847431077687156 0.00699665831244322 0.0053649749373398566 0.005156119465326626 0.005188753132828693 0.006663794903922134 0.007701545530487872 0.009724832915616042 0.011552318295731808 0.01461988304092613 0.015370457393473678 0.01926691729322051 0.012759763993308297 0.012322472848780595 0.008654448621548237 0.009032999164572217 0.006246083959895673 0.007355628654965959 0.006494099832911384 0.009920634920628446 0.015546679197984841 0.029207132414350193 0.03723501461985874 0.6696428571424201
0.024898305084724664 0.029652542372856226 0.004186440677962554 0.0029067796610144857 0.002025423728811843 0.0034830508474546756 0.0019491525423712295 0.001957627118642409 0.002067796610167739 0.0031186440677939673 0.004271186440674347 0.009423728813551335 0.018449152542357246 0.017754237288120547 0.008033898305077938 0.008974576271178834 0.0046271186440638755 0.007237288135587087 0.003271186440675194 0.0047118644067756675 0.004940677966097508 0.0067966101694857655 0.013288135593209079 0.035601694915224066 0.05024576271182182 0.7261271186434525
0.026840062111780402 0.021172360248430767 0.011692546583841853 0.010062111801234425 0.010559006211171926 0.00934006211179399 0.008012422360242227 0.010714285714277396 0.009891304347818408 0.014122670807442452 0.01745341614905477 0.03078416149065933 0.03882763975152265 0.04144409937884981 0.016739130434769614 0.018144409937874112 0.012158385093158261 0.017546583850918052 0.012499999999990295 0.018649068322966887 0.016428571428558674 0.0240605590061925 0.025372670807433717 0.03425465838506657 0.10854037267072318 0.4346894409934513
0.04931376780315122 0.03871385412167569 0.020768234786343747 0.012749244712979932 0.0076737160120779685 0.005671126456620051 0.005144583513159133 0.005101424255498402 0.004410876132926706 0.004126025032365882 0.004151920586962321 0.005075528700901963 0.005412170910655665 0.007708243418206553 0.004773413897276846 0.0056538627535557585 0.003556322831244233 0.005515753129041419 0.0044454035390552905 0.006491152352173939 0.00710401381095632 0.01104876996114713 0.017151488994374492 0.032593871385384034 0.04982304704354784 0.6758221838578543
0.003425499231945583 0.003824884792620853 0.0022734254992284584 0.0025192012288747785 0.0029646697388587334 0.0034562211981513727 0.004009216589855593 0.006789554531479586 0.00757296466972723 0.010829493087540968 0.011013824884775708 0.016943164362493175 0.019769585253425852 0.09926267281090743 0.010890937019952548 0.027849462365548618 0.007619047619035916 0.0355606758832019 0.007557603686624335 0.025437788018394105 0.009600614439309369 0.029124423963088904 0.011705069124405982 0.014685099846367611 0.42370199692715255 0.20161290322549674
0.03263090676879613 0.02107279693483899 0.0060280970625721225 0.004750957854400063 0.006334610472533417 0.004636015325664577 0.0031545338441849877 0.005427841634731255 0.004980842911871034 0.0073307790549076235 0.007228607918253859 0.012937420178782966 0.02010217113662822 0.0354661558109381 0.010804597701135626 0.015031928480185145 0.008825031928468934 0.01772669220942819 0.007969348658993654 0.016411238825010967 0.015261813537656115 0.022477650063828254 0.026781609195368095 0.05125159642394476 0.1432311621964965 0.4921455938691033
0.04905144694529819 0.03890675241154429 0.019935691318311948 0.013207395498381666 0.009204180064301282 0.0075080385852029675 0.006840836012856237 0.005707395498387695 0.0058279742765226464 0.005900321543403617 0.005361736334400835 0.006647909967840315 0.006905144694528211 0.008681672025716495 0.005554662379416757 0.006615755627004328 0.004686495176845107 0.006454983922824393 0.005361736334400835 0.006189710610927501 0.007395498392277013 0.012017684887450147 0.017371382636641983 0.032419614147883906 0.04640675241153826 0.6598392282952895
0.02399828767121233 0.024434931506828395 0.01124143835615476 0.010111301369854357 0.007773972602733071 0.007773972602733071 0.008142123287664262 0.011883561643825442 0.014905821917795457 0.02061643835614673 0.026892123287648208 0.0379708904109264 0.040256849315034024 0.039477739725993596 0.027217465753401355 0.022731164383542182 0.014717465753412057 0.01200342465752397 0.007063356164377514 0.007054794520541905 0.005916095890405894 0.007422945205473097 0.010821917808209913 0.023527397260253827 0.028005136986277393 0.5480393835611747
0.024263698630123138 0.02200913242007876 0.010148401826478226 0.008904109589036013 0.008316210045657354 0.009726027397254722 0.011113013698623794 0.015313926940630529 0.018270547945195052 0.0236929223744157 0.03203196347030135 0.045182648401800696 0.05273972602736716 0.041055936073035926 0.02741438356162819 0.019121004566199133 0.013824200913234119 0.010410958904103648 0.007585616438351835 0.007317351598169339 0.005970319634699788 0.006820776255703869 0.009063926940634097 0.022391552511402745 0.024326484018250955 0.5229851598170531
0.00423832969586503 0.004037213875498851 0.001824939851470883 0.00139291327438798 0.0010800664427072573 0.0015418879561407053 0.0013333234016868899 0.0028156214851265053 0.0027336854101625064 0.005147075254556654 0.005348191074922832 0.009489687227648591 0.012603258076280547 0.05558245376194175 0.007716888514791162 0.020938391520345517 0.0060930644836864585 0.035694333747952944 0.004737394879736659 0.020863904179469154 0.004886369561489384 0.02228661239020768 0.007769029653404616 0.0139291327438798 0.5687555399955541 0.17716069154034073
0.041301546391725966 0.03307345360822611 0.019780927835038802 0.015489690721639504 0.012545103092775421 0.01047680412370459 0.009239690721643531 0.009130154639169375 0.010025773195869829 0.011301546391745295 0.011701030927827512 0.014613402061846255 0.016037371134010284 0.015206185567000511 0.011372422680405043 0.010463917525766454 0.008376288659788417 0.009007731958757082 0.00784793814432484 0.008878865979375723 0.00946520618556091 0.01251932989689915 0.016868556701020058 0.030399484536062886 0.03961984536079921 0.6052577319583728
0.013388364779863689 0.011187106918230199 0.005817610062888508 0.0045283018867888925 0.006729559748422383 0.008938679245275992 0.010448113207538955 0.017617924528288035 0.022012578616334894 0.03448899371066471 0.04233490566034408 0.07958333333327076 0.09268081760999003 0.09813679245275303 0.04593553459115886 0.0418632075471369 0.023199685534572956 0.019882075471682484 0.010794025157224219 0.01213050314464455 0.007319182389931352 0.010385220125778 0.008946540880496111 0.01579402515722029 0.0263050314465202 0.32955188679219377
0.03066111881643027 0.019556171983338366 0.013610725843722967 0.012020342117418382 0.011890892279230798 0.013564493758655973 0.014359685621808267 0.015774387424858274 0.01969486823853935 0.028118354137745615 0.03923254738785092 0.062376329172388 0.0734812760054799 0.058178455848304965 0.035691169671719196 0.024909847434096247 0.017651410078578223 0.014637078132210228 0.011826167360137007 0.011280628756346481 0.010245030050845821 0.01054091539527458 0.011826167360137007 0.017253814147002076 0.0289597780859649 0.39265834489099155
0.01168275217931843 0.013823163138220872 0.005845267745948128 0.004880136986297572 0.005790784557903338 0.008561643835609775 0.009285491905347693 0.014897260273961007 0.019894146948925984 0.032043897882914035 0.04713574097132072 0.09545454545447116 0.11450809464499181 0.0836472602739075 0.04320516811951805 0.035491905354891426 0.023957036114551713 0.02354452054792688 0.016570672478193826 0.01813511830633707 0.013239414694883843 0.014430261519291384 0.009176525529258113 0.011597135740962331 0.020937110834354813 0.30226494395991416
0.029968434343415423 0.028213383838366028 0.013592171717163136 0.008863636363630767 0.006433080808076747 0.0067234848484806035 0.0071148989898944985 0.00937499999999408 0.011698232323224938 0.015574494949485117 0.019854797979785444 0.029488636363617746 0.037354797979774396 0.033478535353514215 0.01969696969695726 0.014393939393930306 0.010385101010094454 0.008699494949489458 0.006786616161611877 0.007266414141409554 0.007670454545449703 0.010852272727265876 0.013939393939385139 0.024842171717156032 0.030700757575738195 0.5870328282824577
0.03116524619576194 0.024167558055260916 0.009972050653869797 0.007018391359851614 0.006659535557774639 0.00852972637244503 0.010496532210751528 0.012553051999577272 0.017149166695409303 0.02480245678201249 0.030585556053945286 0.0378592871191209 0.03612711776678781 0.035616438356139805 0.024836962147596814 0.02108967944513917 0.013022324971524087 0.011490286739580077 0.008778165004652167 0.008157068424134325 0.006901073116864911 0.007542872916733347 0.009978951726986662 0.02518201580344006 0.03923950174249388 0.531078982781456
0.010962962962954842 0.00983703703702975 0.002962962962960768 0.0024518518518500355 0.003799999999997185 0.0034814814814789026 0.002422222222220428 0.009748148148140926 0.01088148148147342 0.019688888888874306 0.010837037037029009 0.022622222222205463 0.008733333333326864 0.06597777777772891 0.010007407407399995 0.03574814814812167 0.01937037037035602 0.042718518518486875 0.01832592592591235 0.04482222222218902 0.02626666666664721 0.04957037037033365 0.027518518518498136 0.03374074074071575 0.2844074074071967 0.22309629629613104
0.039720744680824656 0.03837101063827236 0.012918882978714814 0.00751329787233543 0.0051329787234008425 0.004188829787231257 0.003756648936167715 0.0038763297872314653 0.004361702127656675 0.005146276595741259 0.005591755319145218 0.008490691489356057 0.01132978723403502 0.010079787234035851 0.004807180851060634 0.0040957446808483405 0.0029720744680831303 0.0038031914893591734 0.0024534574468068793 0.0031117021276575057 0.003643617021274173 0.005458776595741051 0.009707446808504184 0.03519946808508298 0.038184840425506524 0.7260837765952619
0.03918565711015874 0.03455035530504877 0.010910996760045937 0.004764627406133597 0.003001715265864166 0.0023278608184252717 0.0019126575730336296 0.002035176563477065 0.002498026082930043 0.0032331400255906553 0.004240518391458901 0.006799803969610662 0.012830460943659758 0.010346048081890095 0.00415203245391642 0.004751014184973215 0.0032535598573312278 0.004369843992482528 0.0025524789675715697 0.003702796155623824 0.003784475482586114 0.007684663345035473 0.016329058781877855 0.04404557706441501 0.05394238884801251 0.7127950665681663
0.013988888888873346 0.012255555555541938 0.0070222222222144194 0.0065777777777704695 0.008599999999990445 0.00954444444443384 0.010333333333321851 0.018322222222201864 0.02366666666664037 0.03564444444440484 0.04814444444439095 0.07886666666657903 0.07859999999991267 0.09069999999989922 0.04609999999994878 0.039355555555511824 0.024977777777750024 0.02152222222219831 0.012555555555541605 0.012133333333319852 0.00801111111110221 0.008888888888879013 0.008033333333324408 0.015611111111093765 0.042244444444397504 0.3182999999996463
0.01623325453111408 0.01570527974782056 0.007604412923555867 0.006256895193060475 0.0071158392434932105 0.007107959022847039 0.008613081166265869 0.015208825847111734 0.023877068557900807 0.035358550039373236 0.03813238770682574 0.06501182033091804 0.05929078014179725 0.08156816390852516 0.038226950354579806 0.04099290780138613 0.024113475177285962 0.02063041765167799 0.010693459416855245 0.014089834515355327 0.00970843183608376 0.013498817966892436 0.009850275807714854 0.016729708431822907 0.032277383766720034 0.38210401891222845
0.021797497155834133 0.023014789533534682 0.013026166097823633 0.010944254835027367 0.011251422070521898 0.0077815699658614545 0.0062457337883887985 0.00960182025027349 0.012059158134229739 0.01582480091010714 0.020773606370852363 0.04171786120586835 0.06475540386795818 0.0530375426620557 0.022593856655264397 0.02051194539246813 0.014596131968129014 0.016370875995430748 0.010887372013639492 0.01360637087597997 0.012286689419781244 0.015540386803167758 0.015221843003395652 0.022707622298040152 0.037724687144439446 0.4861205915807894
0.025934959349575924 0.02527100271000998 0.00968834688346227 0.006212737127367064 0.004559620596202873 0.004247967479671919 0.004593495934956238 0.005711382113817269 0.005941734417340147 0.0076829268292630875 0.00876016260162008 0.01131436314362377 0.015020325203241857 0.015467479674786268 0.0094308943089367 0.010487804878041676 0.007574525745252321 0.011077235772350218 0.0074457994579895355 0.010304878048773506 0.009017615176145652 0.014925474254732436 0.020345528455270767 0.04670054200538842 0.10882113821130839 0.5934620596201942
0.02637002341918831 0.025421545667432422 0.0086299765807912 0.005199063231847073 0.004402810304447071 0.004414519906320601 0.005275175644025015 0.00747658079624855 0.010087822014045615 0.015058548009358864 0.0223887587821883 0.032283372365320674 0.03884074941449717 0.03439110070255598 0.0237822014051383 0.01707259953160593 0.010532786885239735 0.008553864168613258 0.006094847775172075 0.005644028103041192 0.0049941451990603075 0.005398126463697073 0.00854215456673973 0.024689695550336833 0.026850117096003014 0.6176053864165002
0.022095846645353294 0.017942492012768086 0.011265175718842642 0.011808306709257631 0.012575079872196438 0.013686900958457707 0.013846645367403293 0.01704153354631499 0.019348242811489235 0.025539936102220103 0.03377635782745446 0.056044728434468984 0.07968051118205771 0.06194249201273997 0.03219169329071425 0.023130990415320685 0.015150159744399264 0.015456869009574789 0.01099680511181406 0.013431309904144772 0.011776357827468513 0.016242811501587066 0.015654952076667315 0.023284345047908446 0.055067092651722 0.37102236421701534
0.016875466070084357 0.013131991051444346 0.007091722595073012 0.007293064876952056 0.011170768083511431 0.012505592841153986 0.01533929903056276 0.02227442207306318 0.029783743474996432 0.04037285607752396 0.04999999999996271 0.07788963460098591 0.08120805369121462 0.0837882177478868 0.047352721849330835 0.03869500372853192 0.025197613721084863 0.02304250559282398 0.016539895600285952 0.016271439224447223 0.010879940343019479 0.012348993288581396 0.0113646532438394 0.01357941834450889 0.020648769574928675 0.2953542132734561
0.014003009781780283 0.018276899924741703 0.007366440933026812 0.005643340857783564 0.005387509405564043 0.004635063957859567 0.004680210684721835 0.007449209932274305 0.009729119638818864 0.01922498118884934 0.020797592174551696 0.05340857787806365 0.06468773513915374 0.12799097065453124 0.04347629796836458 0.04197140707295563 0.019857035364921102 0.03127163280659799 0.012227238525197722 0.022543265613226077 0.009947328818653163 0.022964635063940583 0.012392776523692707 0.01483822422873225 0.034198645598168396 0.37103085026307675
0.014472222222212172 0.009909722222215341 0.005395833333329586 0.00624999999999566 0.011791666666658478 0.011874999999991753 0.011354166666658783 0.02036111111109697 0.029243055555535247 0.04299999999997014 0.04219444444441514 0.07394444444439309 0.05471527777773978 0.09954166666659754 0.04385416666663621 0.05685416666662718 0.03579166666664181 0.03208333333331105 0.01653472222221074 0.02553472222220449 0.01620138888887764 0.0216458333333183 0.011694444444436323 0.013277777777768557 0.03403472222219859 0.25844444444426495
0.014582450190746433 0.013717676981760307 0.006231454005929435 0.005247986434925606 0.004671470962268188 0.0067316659601469 0.008571428571421305 0.011640525646450496 0.0117931326833304 0.01822806273843304 0.030606189063136408 0.07854175498085753 0.14560406952086002 0.15018228062725716 0.05818567189482138 0.03258160237385962 0.014718100890195237 0.01248834251800552 0.006002543450609578 0.005697329376849769 0.0037897414158509623 0.0057227638829964195 0.006324713861800488 0.014073760067813417 0.01983043662567204 0.31423484527315454
0.017722222222209916 0.014736111111100878 0.007298611111106043 0.005659722222218292 0.007291666666661603 0.0074722222222170336 0.008569444444438494 0.013972222222212519 0.021409722222207356 0.034208333333309575 0.05049305555552049 0.09579861111104458 0.10164583333326274 0.09684722222215497 0.05984722222218066 0.04423611111108039 0.02481944444442721 0.016972222222210436 0.009673611111104393 0.008409722222216382 0.004618055555552348 0.005659722222218292 0.005430555555551784 0.012249999999991493 0.01639583333332195 0.30856249999978574
0.03407738095233024 0.026622023809484193 0.00562499999999163 0.00436011904761256 0.0035565476190423267 0.0028720238095195356 0.002202380952377675 0.00502976190475442 0.00436011904761256 0.007366071428560467 0.0058035714285627924 0.010997023809507445 0.008749999999986978 0.0246577380952014 0.007619047619036281 0.016264880952356748 0.006815476190466048 0.01577380952378605 0.0054166666666586065 0.009836309523794886 0.006413690476180932 0.014032738095217214 0.016711309523784655 0.035997023809470244 0.08260416666654374 0.6362351190466723
0.01969523809520058 0.013961904761878167 0.002914285714280163 0.0021523809523768525 0.003085714285708408 0.003180952380946322 0.0023999999999954284 0.0071809523809387025 0.007066666666653206 0.013619047619021678 0.008857142857125987 0.02005714285710465 0.017257142857109987 0.072723809523671 0.014857142857114558 0.03479999999993371 0.012838095238070784 0.04904761904752562 0.012647619047594956 0.035390476190408776 0.016628571428539754 0.03613333333326451 0.022685714285671073 0.0308380952380365 0.14819047619019393 0.3917904761897299
0.03253289473681535 0.024473684210506188 0.015049342105250782 0.012409539473674005 0.009662828947360475 0.010246710526307363 0.010888157894727888 0.013626644736830899 0.014564144736830128 0.017508223684196127 0.02265624999998137 0.039202302631546705 0.05460526315784983 0.0415953947368079 0.023281249999980855 0.017689144736827558 0.013092105263147129 0.012212171052621536 0.00973684210525515 0.00901315789472943 0.006694078947362916 0.007064144736836296 0.009103618421045146 0.021060855263140575 0.052368421052588515 0.4996628289469575
0.032969696969671995 0.02360606060604272 0.011121212121203696 0.00919696969696273 0.009977272727265169 0.009803030303022877 0.008674242424235853 0.01043939393938603 0.01121969696968847 0.014098484848474167 0.015522727272715513 0.02162121212119574 0.02367424242422449 0.02709848484846432 0.015803030303018332 0.016151515151502916 0.012113636363627186 0.011909090909081887 0.009045454545447694 0.01138636363635501 0.011325757575748996 0.012893939393929625 0.01694696969695686 0.027651515151494204 0.034598484848458635 0.5911515151510673
0.021004329004310818 0.020735930735912782 0.008173160173153097 0.005844155844150784 0.005004329004324672 0.00611255411254882 0.005073593073588681 0.008900432900425194 0.009852813852805321 0.015636363636350098 0.015290043290030052 0.026961038961015617 0.03083982683980014 0.03973160173156733 0.017463203463188342 0.0238268398268192 0.014554112554099953 0.020987012986994815 0.010077922077913352 0.0156536796536661 0.01095238095237147 0.018744588744572514 0.01991341991340267 0.036320346320314875 0.060943722943670176 0.5314025974021374
0.033236607142832414 0.02452380952379128 0.018802083333319345 0.017135416666653917 0.02011904761903265 0.02057291666665136 0.016555059523797207 0.01680803571427321 0.01784226190474863 0.01889880952379546 0.025267857142838343 0.04110119047615989 0.052313988095199174 0.037023809523781974 0.02366815476188715 0.02012648809522312 0.015758928571416846 0.016428571428559205 0.013958333333322947 0.012715773809514348 0.012611607142847758 0.013281249999990119 0.01659226190474956 0.02218005952379302 0.027693452380931776 0.44478422619014524
0.04925334031958587 0.0337437778359716 0.01626557880158968 0.011916613645711354 0.009311725738231736 0.008413488528756006 0.008061678955044678 0.007694898761175422 0.006953853063357944 0.007380515737858916 0.008974886784678338 0.01119802387813077 0.011729480893737243 0.012620232793134008 0.0077023840712543866 0.007627530970464742 0.005531644148354705 0.006849058722252443 0.006542161009014902 0.006781690931541763 0.007193382985884806 0.008660503761361831 0.013234028219609091 0.03294284965752241 0.04154347093825252 0.6518731988467743
0.045419276564495924 0.03240505614805005 0.016752722758297534 0.013754867106812712 0.012619208848250227 0.012061960385974225 0.011384797697638829 0.012146605722016148 0.012203035946044098 0.012076067941981211 0.01184329326786592 0.012732069296306126 0.013000112860438886 0.014925794255392666 0.012732069296306126 0.013190564866533215 0.010728796343313914 0.011525873257708702 0.00978359009084576 0.010171547881037912 0.010545398115223079 0.01232295017210349 0.016188420518018037 0.028144574233939856 0.043147960047370953 0.588193386377329
0.012243055555547054 0.011729166666658521 0.008138888888883236 0.0066597222222175975 0.008131944444438797 0.008999999999993749 0.009062499999993706 0.016465277777766345 0.020583333333319038 0.03138194444442265 0.03028472222220119 0.0548055555555175 0.04231944444441506 0.07511111111105895 0.03718749999997417 0.0478124999999668 0.029270833333313005 0.03246527777775523 0.016479166666655224 0.024840277777760527 0.015020833333322901 0.02393749999998338 0.018569444444431548 0.021423611111096235 0.05318055555551862 0.34389583333309454
0.03705791505788644 0.027729729729708316 0.015590733590721552 0.013027027027016967 0.01062548262547442 0.009737451737444218 0.010440154440146378 0.01084169884169047 0.013096525096514983 0.01633204633203372 0.020007722007706556 0.024702702702683627 0.03310424710422154 0.028509652509630494 0.019768339768324504 0.01699613899612587 0.013150579150568996 0.012409266409256827 0.008749034749027993 0.008193050193043866 0.0073204633204576675 0.009258687258680108 0.014656370656359339 0.025876447876427896 0.033683397683371676 0.5591351351347034
0.03144029850743922 0.024835820895503853 0.01390298507461649 0.011134328358200645 0.009022388059694759 0.009052238805963394 0.009134328358202139 0.009231343283575201 0.01058208955223091 0.01400746268655671 0.017253731343270705 0.026656716417890556 0.03485074626863071 0.027044776119382802 0.015253731343272198 0.011888059701483666 0.00832089552238185 0.009470149253724277 0.006701492537308432 0.007634328358203258 0.007470149253725768 0.010462686567156371 0.013492537313422768 0.026208955223861036 0.03182089552236431 0.6031268656711917
0.02979469632161694 0.02400342172795209 0.006039349871680035 0.004550898203588921 0.005235243798113571 0.0035585970915281793 0.0029512403763875526 0.0060992301112009414 0.006039349871680035 0.008725406330189285 0.008349016253200729 0.01102651839177842 0.013644140290835206 0.02810949529509999 0.009101796407177842 0.01289991445678965 0.006458511548326383 0.016142001710850177 0.007296834901619079 0.018041060735656082 0.012882805816926532 0.018160821214697895 0.015098374679200086 0.030556030795525616 0.24396920444803766 0.45126603934948567
0.03809785560504519 0.03239822794582252 0.012923954795596744 0.008081561606360496 0.0063212862443273185 0.005424789126860608 0.0057977842779234 0.006628843649589621 0.007976861213079712 0.01062708991799955 0.014088746670845463 0.019304135011144502 0.023675376430617224 0.02227500867048674 0.0144944606948085 0.012210683366371404 0.008088105380940545 0.007257046009274323 0.005634189913422175 0.006903682181951678 0.007067276546452903 0.009265984805349362 0.013604507351921839 0.026816388229040738 0.035781359403707844 0.6392547949504053
0.028467633730773607 0.022303232829534503 0.015524923419650435 0.015847700058216344 0.015670489354689964 0.01352497405128128 0.011866788182570146 0.012461709830122996 0.01309460519986007 0.017024885445927302 0.02406901091110094 0.04582795372266156 0.06386547176016819 0.04598617756509583 0.02389812916127193 0.01758183337129593 0.013069289385070588 0.012392091339451917 0.009322548796227107 0.008987114250266458 0.009328877749924478 0.011081997924096174 0.013930027087913008 0.02321460216195589 0.02746765904658903 0.4841902736636514
0.01231944444443589 0.010326388888881717 0.007006944444439578 0.006902777777772984 0.008798611111105002 0.011451388888880936 0.015069444444433979 0.02239583333331778 0.03218055555553321 0.0510902777777423 0.07479861111105916 0.10870138888881341 0.11759722222214056 0.09385416666660149 0.0598541666666251 0.040062499999972176 0.025208333333315826 0.01783333333332095 0.013361111111101833 0.011812499999991797 0.007909722222216729 0.006291666666662297 0.006027777777773592 0.009305555555549093 0.014305555555545621 0.21553472222207254
0.026052123552098405 0.02215250965248827 0.01062741312740287 0.008127413127405283 0.007374517374510256 0.008301158301150288 0.010202702702692855 0.012895752895740449 0.017345559845543104 0.025366795366770882 0.0315154440154136 0.04466216216211905 0.048996138996091704 0.04110038610034643 0.02705598455595844 0.019623552123533183 0.013416988416975466 0.010907335907325379 0.007413127413120258 0.008243243243235287 0.007113899613892747 0.008281853281845287 0.01007722007721035 0.02042471042469071 0.0230791505791283 0.5296428571423459
0.02380341880340185 0.019850427350413213 0.011695156695148366 0.01011396011395291 0.008753561253555019 0.009480056980050227 0.0118162393162309 0.016502849002837248 0.02148148148146618 0.029045584045563358 0.040519943019914156 0.062371794871750444 0.07748575498569979 0.061524216524172705 0.036339031339005456 0.02595441595439747 0.018155270655257724 0.01466524216523172 0.01004273504272789 0.008924501424495067 0.007058404558399531 0.008262108262102377 0.010754985754978094 0.016987179487167388 0.021559829059813705 0.41685185185155493
0.02710090596686771 0.02100905966883981 0.013107882953235247 0.011454753722787505 0.011793189628233499 0.01250260335311068 0.01368712902217166 0.01709101322502272 0.02161433926896438 0.029997136311549776 0.03769004477764911 0.0478691554722171 0.055893991460965395 0.042909767780873874 0.027563001145457434 0.02104810996562204 0.015574560033312783 0.01400603977922654 0.011148859731326701 0.01060215557637548 0.009398104758923385 0.01025070290533541 0.010790898677489592 0.016583359366853727 0.029541549515757094 0.4597716859311805
0.02204310344825686 0.017362068965502273 0.007189655172407595 0.005999999999994827 0.010344827586197978 0.010103448275853359 0.008517241379303002 0.01456896551722882 0.020965517241361236 0.029818965517215672 0.027387931034459148 0.04546551724134012 0.027586206896527944 0.05827586206891528 0.021310344827567836 0.03246551724135132 0.022991379310325008 0.01843103448274273 0.00898275862068191 0.013982758620677601 0.010818965517232052 0.01699137931033018 0.01584482758619324 0.022224137931015325 0.050241379310301516 0.4600862068961551
0.03973333333326711 0.023499999999960833 0.017133333333304777 0.01796666666663672 0.018649999999968917 0.021183333333298027 0.02233333333329611 0.022183333333296362 0.021999999999963334 0.02366666666662722 0.025866666666623555 0.03541666666660764 0.03786666666660356 0.035783333333273694 0.022866666666628555 0.019199999999968 0.014116666666643138 0.012533333333312444 0.009349999999984416 0.011366666666647722 0.010866666666648555 0.01274999999997875 0.01593333333330678 0.021783333333297027 0.02806666666661989 0.4578833333325702
0.0257358490565899 0.022948787061982237 0.010824797843659932 0.00826415094339177 0.006420485175198695 0.0058867924528270155 0.004900269541776334 0.0068894878706162324 0.0068355795148211124 0.010075471698107775 0.011622641509427697 0.01947708894877656 0.0235202156334105 0.031487870619929116 0.017256064690017652 0.01755795148247032 0.010673854447433599 0.0161024258760021 0.011051212937999433 0.014377358490558287 0.013115902964952499 0.021789757412387176 0.028366576819391715 0.03587061994607231 0.08804312668458865 0.5309056603770723
0.018958789378497536 0.019257003267650608 0.009898163129336062 0.007785285999804711 0.006611465372287293 0.007525141968841392 0.008940071698227251 0.01204911011705717 0.01674439262712684 0.027181878747484418 0.037581295009652245 0.05758066051200306 0.06362107801144404 0.06148282097645285 0.03754322515146249 0.027670441927586262 0.01603375527425143 0.01294375178451639 0.008337298943556145 0.007112718505119056 0.0061355921449153675 0.008140604676242415 0.0113321277878168 0.02105263157893401 0.025417975318025813 0.46306272009107385
0.016722222222198997 0.018083333333308218 0.005388888888881404 0.00413888888888314 0.007027777777768017 0.006027777777769406 0.0059444444444361885 0.013972222222202816 0.017236111111087173 0.028569444444404766 0.023708333333300406 0.05441666666659109 0.05122222222215108 0.10222222222208024 0.0301527777777359 0.04058333333327697 0.01901388888886248 0.033055555555509646 0.013083333333315163 0.025013888888854148 0.013736111111092034 0.025722222222186498 0.0124722222222049 0.019513888888861786 0.053361111111036995 0.35961111111061167
0.017232704402497658 0.014088050314450642 0.002201257861632913 0.0008805031446531651 0.0006394129979028937 0.001037735849055516 0.0012578616352188073 0.0020335429769370718 0.0019287211740021712 0.0029035639412967468 0.0043501048217983755 0.006488469601670347 0.010911949685523153 0.042075471698069106 0.006394129979028937 0.017232704402497658 0.004811320754711938 0.02936058700206566 0.0051677148846906 0.019601677148826414 0.007683438155128214 0.02438155136265788 0.012767295597470894 0.023469601677124245 0.42851153039787365 0.3125890985321671
0.034881789137357906 0.019629392971233464 0.013246006389767894 0.012683706070279435 0.013252396166125717 0.017015974440883697 0.019910543130977693 0.02252396166132746 0.026115015974424206 0.027539936102218825 0.03093929712458087 0.03621086261978517 0.03491373801914702 0.03399361022362045 0.028274760383368513 0.028389776357809336 0.023603833865799614 0.02444089456867448 0.01978913738017905 0.01725239616612316 0.01564856230030949 0.013290734824272657 0.011980830670918862 0.01674121405749729 0.02798083067090864 0.42975079872177013
0.022371794871778938 0.020705128205113457 0.006374643874639334 0.003988603988601147 0.00288461538461333 0.0032621082621059386 0.003169515669513412 0.0038105413105385963 0.004180911680908703 0.005655270655266627 0.006745014245009441 0.01289173789172871 0.018019943019930186 0.045847578347545694 0.009700854700847791 0.017286324786312476 0.006474358974354363 0.024608262108244582 0.005790598290594166 0.014522792022781679 0.008803418803412533 0.021837606837591284 0.015313390313379407 0.033326210826187086 0.22190170940155135 0.4605270655267375
0.012642521797442895 0.010154258886646443 0.0037894030851751913 0.0028504359490255865 0.004909456740439363 0.004292421193826766 0.0031187122736397593 0.010308517773299592 0.012387659289059431 0.021649899396363748 0.012622401073096833 0.024815560026810988 0.01191817572098463 0.0785244802145684 0.012313883299790534 0.038504359490249156 0.018886653252837768 0.05054325955731016 0.018001341381610997 0.046693494299096784 0.025432595573423585 0.04863849765254954 0.02664654594230272 0.03443326626422909 0.18336686787378714 0.2825553319917622
0.04133016627075317 0.022832541567679013 0.018029988123502056 0.018119061757706265 0.01599614014250594 0.015387470308777176 0.017050178147255752 0.018282363420413984 0.018891033254142747 0.02063539192397518 0.023448634204258127 0.03082690023750681 0.03528058194771728 0.03234857482182872 0.02438390736340233 0.021206947743452192 0.01690914489309909 0.016330166270771725 0.014333432304027366 0.013962292161509826 0.012284738717330549 0.015083135391912795 0.015632422802838754 0.02232036817100481 0.035250890736315876 0.46384352731557016
0.02872206703908609 0.024078212290485977 0.010118715083791816 0.007430167597760174 0.006508379888263611 0.008156424580999891 0.009727653631278123 0.012667597765354283 0.015817039106134207 0.02095670391059989 0.02549581005584812 0.03362430167595417 0.036124301675952424 0.03800977653628631 0.026326815642439716 0.022451117318420075 0.016955307262557992 0.01508379888267103 0.010789106145243862 0.009706703910607746 0.008135474860329514 0.008554469273737044 0.011871508379879978 0.022164804469258264 0.02947625698321964 0.5410474860331417
0.019157427937901584 0.017073170731694697 0.0054545454545414235 0.004212860310418173 0.004212860310418173 0.00555062823355096 0.0065262379896478 0.01181079083517235 0.015195861049508355 0.021322985957116538 0.024878048780469418 0.03390983000736592 0.037169253510689455 0.04470805617143776 0.027937915742773142 0.02718403547669831 0.019342202512919925 0.016237989652611796 0.010458240946038094 0.008706577974864222 0.006407982261636062 0.009918699186984539 0.009999999999992609 0.020643015521049045 0.048684405025832454 0.5432963784179281
0.053415629249884286 0.03653799211909437 0.018948983505932316 0.012518743243705744 0.008787530076361693 0.006123374132575846 0.005558461484809737 0.004972626146385624 0.005105136520552983 0.004868012693095604 0.005823482233144455 0.007030024061089353 0.007315967500082075 0.008571328939562316 0.005356208808449031 0.006416291801787902 0.004365868117303507 0.006513931024858588 0.005439899571081048 0.007176482895695382 0.008787530076361693 0.011730655228920925 0.016236007950611128 0.03233253129683556 0.047508456254107816 0.6625588450670136
0.028391472868198712 0.02209302325579968 0.011059431524540659 0.010213178294567046 0.010484496124024235 0.011350129198959075 0.012487080103351107 0.015691214470274103 0.018720930232546045 0.025381136950887995 0.033042635658893385 0.04566537467697308 0.05290051679583146 0.04320413436689716 0.02771963824287615 0.021033591731252563 0.014689922480610665 0.011421188630483577 0.008785529715756598 0.008824289405679054 0.008223514211880993 0.00868217054263005 0.011001291989656976 0.023979328165359186 0.028959948320394727 0.4859948320410297
0.0494625407165721 0.03283387622147163 0.021302931596073858 0.015863192182397505 0.012247557003247355 0.008599348534194952 0.00684853420194882 0.006563517915304101 0.0073127035830559345 0.007060260586313469 0.009242671009764461 0.009845276872956152 0.011840390879469186 0.011726384364811297 0.006954397394131145 0.007842019543967555 0.006514657980450721 0.007719869706834104 0.006091205211721424 0.007532573289896146 0.008615635179146078 0.01237785016285637 0.0182899022801154 0.030236156351766907 0.044324104234491596 0.6327524429962273
0.024031665253023856 0.023601151463731717 0.011707404837168306 0.008558871154285502 0.008668105996344702 0.009529133574928978 0.010653609890244267 0.012394941784246797 0.015627007993410165 0.02395455830568795 0.03392063124885373 0.05532423471351214 0.07385560438990808 0.041836944508673354 0.025785848304915704 0.019598015781209295 0.014721001362213278 0.013326650731222321 0.009407047574980463 0.008854447785739806 0.007691417996756566 0.008558871154285502 0.010223096100952128 0.020349808517734373 0.022765826200926077 0.48505410337440236
0.019512195121928557 0.022195121951193733 0.008548199767702035 0.00617886178861071 0.006364692218343362 0.005516840882688134 0.0055865272938378785 0.009291521486632646 0.011823461091740043 0.02188153310101988 0.0352497096399126 0.06530778164916921 0.07547038327517366 0.07409988385589536 0.03945412311261388 0.031103368176502784 0.017131242740978943 0.016585365853639275 0.009849012775830605 0.010720092915202416 0.0065389082462177246 0.008490127758410581 0.009024390243891957 0.020627177700324476 0.027526132404149216 0.4359233449472289
0.03439080459768139 0.026425287356306653 0.017086206896541903 0.012379310344820472 0.011856321839073645 0.011287356321832594 0.011350574712637155 0.012787356321831731 0.014206896551715973 0.019045977011483306 0.022982758620676447 0.030551724137913475 0.03151149425285545 0.032603448275843334 0.023833333333319637 0.02144252873561986 0.0165574712643583 0.016229885057461937 0.01279310344826851 0.011936781609188542 0.010683908045970872 0.01214367816091256 0.015206896551715398 0.024448275862054916 0.033678160919520875 0.5125804597698204
0.03962504219571056 0.02947859053255597 0.016131754563620697 0.013210511282482141 0.013067694944293145 0.012600296019310975 0.013963542883842302 0.014865882475127323 0.01626807925007383 0.017754667497586564 0.021383500817934237 0.02831658487183641 0.03167276881927782 0.02279218924461661 0.014638674664372102 0.012911895302632422 0.009179195554510933 0.008627405156962538 0.007887356859074103 0.008413180649679044 0.008588455246547357 0.011710939731497682 0.016722494871584274 0.027096154345494082 0.03593129235800425 0.5471618498607235
0.013126984126973709 0.011634920634911401 0.006277777777772795 0.005984126984122234 0.008309523809517215 0.006904761904756425 0.006142857142852267 0.013015873015862685 0.015611111111098721 0.02461111111109158 0.02534920634918623 0.0508730158729755 0.04834126984123147 0.07376190476184621 0.029849206349182658 0.03417460317457605 0.01769047619046215 0.02903174603172299 0.011880952380942951 0.024539682539663064 0.015523809523797203 0.027269841269819628 0.018888888888873898 0.02384920634918742 0.17150793650780038 0.2858492063489795
0.023142076502700625 0.02334699453548723 0.012131147540967033 0.00956284153004158 0.01196721311473775 0.012827868852441492 0.01633879781418533 0.020669398907075587 0.023019125683028663 0.03079234972673389 0.04176229508191016 0.06262295081958658 0.07233606557367167 0.046120218579171965 0.026625683060072916 0.02023224043713083 0.016803278688501636 0.013196721311457382 0.01263661202184066 0.010368852459002228 0.009713114754085091 0.01066939890708925 0.012158469945338582 0.01886612021855346 0.028592896174824325 0.413497267758998
0.02294999999996175 0.01799999999997 0.00494999999999175 0.004783333333325361 0.0056499999999905836 0.006033333333323278 0.004933333333325111 0.010899999999981834 0.012233333333312944 0.019699999999967167 0.017866666666636888 0.0344999999999425 0.03924999999993458 0.06054999999989908 0.019299999999967832 0.029483333333284192 0.015599999999974 0.028383333333286027 0.009499999999984167 0.01888333333330186 0.009366666666651055 0.021066666666631557 0.014116666666643138 0.02221666666662964 0.14753333333308744 0.4022499999993296
0.03879765395891584 0.023357771260979942 0.021539589442799458 0.01965542521992694 0.017580645161277435 0.01714076246333054 0.01593108504397659 0.015542521994123502 0.017580645161277435 0.020461876832829573 0.025439882697928563 0.03672287390026633 0.049706744867998746 0.03704545454542739 0.021759530791772903 0.015593841642217306 0.01173753665688289 0.01071114369500681 0.010373900293247527 0.011341642228730688 0.01043988269793956 0.012661290322571362 0.016268328445735874 0.025623167155406433 0.030960410557162053 0.4660263929615352
0.015270833333322728 0.01320833333332416 0.007652777777772463 0.006993055555550699 0.006479166666662167 0.007930555555550048 0.009243055555549136 0.014256944444434544 0.016229166666655397 0.02404166666664997 0.04128472222219355 0.1047569444443717 0.15438888888878166 0.1077013888888141 0.04793749999996671 0.024486111111094108 0.012270833333324812 0.00936805555554905 0.005854166666662601 0.005347222222218509 0.0044791666666635565 0.005583333333329456 0.006013888888884713 0.013861111111101485 0.018027777777765257 0.317333333333113
0.02506382978719849 0.018992907801391498 0.01012765957445372 0.007248226950344328 0.007163120567365726 0.009404255319135597 0.009900709219844112 0.01296453900707381 0.012283687943244987 0.01490780141841857 0.015673758865225994 0.019148936170185604 0.018425531914867482 0.03958865248221335 0.01425531914891595 0.02153191489358648 0.013021276595726211 0.028709219858115306 0.012567375886506997 0.02123404255316137 0.012907801418421407 0.0222695035460677 0.014368794326220753 0.027446808510599364 0.15428368794304356 0.4365106382972532
0.04688148148144675 0.03155555555553218 0.01719999999998726 0.01377037037036017 0.011355555555547145 0.009740740740733526 0.00837037037036417 0.008399999999993777 0.009214814814807988 0.010096296296288818 0.011792592592583858 0.014548148148137372 0.01599999999998815 0.016785185185172753 0.011755555555546847 0.010748148148140187 0.00844444444443819 0.008718518518512061 0.007622222222216576 0.009133333333326568 0.009540740740733673 0.012637037037027676 0.017651851851838776 0.029074074074052537 0.03971111111108169 0.6092518518514005
0.01678030303029032 0.020727272727257023 0.008196969696963487 0.00656060606060109 0.006409090909086054 0.005840909090904666 0.005946969696965192 0.01051515151514355 0.015265151515139951 0.021749999999983522 0.021803030303013785 0.0364924242423966 0.030469696969673887 0.04698484848481289 0.02260606060604348 0.030219696969674074 0.021189393939377885 0.02218939393937713 0.014204545454534694 0.02364393939392148 0.014537878787867775 0.02157575757574123 0.01762121212119877 0.023787878787860768 0.04862121212117529 0.4860606060602378
0.006909722222217423 0.0044791666666635565 0.002534722222220462 0.003618055555553043 0.007986111111105565 0.008298611111105348 0.007326388888883801 0.017548611111098924 0.02312499999998394 0.037326388888862964 0.03179861111108903 0.06934027777772962 0.04206249999997079 0.1340277777776847 0.03584722222219733 0.06586111111106538 0.03510416666664229 0.048937499999966015 0.02147222222220731 0.03634722222219698 0.01783333333332095 0.03609027777775271 0.016986111111099315 0.015805555555544578 0.09340972222215735 0.17992361111098618
0.0237700964630034 0.01772508038583784 0.011133440514460503 0.011028938906743545 0.01141479099677539 0.014155948553043283 0.0170819935691181 0.020827974276510588 0.026430868167181324 0.036985530546594064 0.054155948553011125 0.07664790996778405 0.08305466237935445 0.061229903536928275 0.040305466237909725 0.030651125401904622 0.021607717041783273 0.018376205787766577 0.015329581993556808 0.010530546623785747 0.009003215434076364 0.008143086816713711 0.008030546623787757 0.01723472668808904 0.020844051446928583 0.334300643086548
0.036622570886506806 0.027200943444580832 0.018401015228414603 0.015074603907081555 0.013779931292612816 0.014138850433257615 0.014799005281229299 0.014433676870215843 0.01586935343279504 0.018791980720902688 0.02246449264214322 0.028803261036745114 0.04157693688147876 0.030540173306651194 0.020317387068643084 0.01673460493256375 0.015382248884777096 0.014183715325838215 0.013363328718650104 0.013465877044548618 0.013497923396391902 0.015670666051366668 0.016587191714084636 0.022881095216105932 0.034571604368536527 0.49084756191323714
0.028691796008853274 0.026485587583133876 0.011679600886911485 0.007599778270505765 0.0059922394678459025 0.00562638580930952 0.006031042128599761 0.006829268292679141 0.008215077605316954 0.011097560975603604 0.015831485587574374 0.023736141906860457 0.031990022172931266 0.025410199556526934 0.016147450110855794 0.011729490022166446 0.00748891352549474 0.0073115299334771 0.005376940133034714 0.0051662971175137655 0.005243902439021483 0.0068957871396857565 0.01006097560975052 0.02441796008867826 0.027222838137457194 0.6577217294896576
0.023421245421228264 0.019604395604381243 0.009194139194132459 0.00830036630036022 0.009714285714278598 0.007435897435891989 0.006007326007321606 0.011978021978013204 0.01663736263735045 0.024673992673974597 0.02299633699632015 0.041091575091544985 0.026586080586061107 0.06326739926735292 0.020322344322329433 0.03651282051279376 0.020395604395589455 0.027435897435877335 0.01174358974358114 0.02258608058606404 0.013831501831491698 0.023545787545770296 0.01652747252746042 0.02405128205126443 0.05898901098896777 0.4331501831498658
0.04604791080197739 0.035615720041924974 0.0189462935364444 0.01280565214990561 0.007996632996627479 0.006527018822096286 0.005416183694868483 0.005271292156534421 0.006064745818839995 0.006837500689954989 0.007161781751940745 0.008900480211949481 0.010963459733943973 0.01052878511894179 0.006547717613286866 0.006858199481145569 0.0047745211679604965 0.005540376442011964 0.004077661864544297 0.005367886515423795 0.005912954683442407 0.009493845559412779 0.016310647458177188 0.03484296517080998 0.038893028647100175 0.6722967378700445
0.026265743073031318 0.02558564231736424 0.009389168765737161 0.00518891687657104 0.003759445843826348 0.003904282115866559 0.0034760705289650653 0.00470403022669729 0.005680100755663929 0.007222921914353134 0.00792821158689677 0.012443324937019872 0.019357682619635164 0.016926952141047277 0.0100314861460894 0.009263224181354368 0.007254408060448832 0.007437027707803881 0.005957178841306072 0.006379093198988426 0.006278337531482193 0.009143576826190715 0.014534005037774222 0.032109571788392875 0.038350125944560234 0.7014294710323039
0.02141387137117504 0.017311090082507388 0.0035601553762954793 0.002091094979385449 0.001753608131446658 0.0020381558659832858 0.0019587471958800408 0.0028322425670157347 0.0028653295128920867 0.004824076708772128 0.005611546020629306 0.010131222827338995 0.021645479992309504 0.02558944394077067 0.00745118021135448 0.009694475141771148 0.004486589860833337 0.012136291747445929 0.003394720646913719 0.009204788342801138 0.003957198726811704 0.01313551751291176 0.0064321022783628366 0.02398141837117996 0.10916706922443592 0.6733325833621145
0.042702020201984256 0.02452861952859888 0.01679292929291516 0.015387205387192435 0.015067340067327383 0.015151515151502398 0.015900673400660016 0.017146464646450213 0.016237373737360068 0.017617845117830287 0.019175084175068035 0.01939393939392307 0.020824915824898295 0.024107744107723816 0.021010101010083326 0.02129629629627837 0.019057239057223015 0.01902356902355301 0.014696969696957326 0.014191919191907246 0.011969696969686893 0.01257575757574699 0.014225589225577252 0.02268518518516609 0.03696969696966585 0.5122643097638786
0.010948948948942373 0.01174174174173469 0.005723723723720286 0.005447447447444176 0.005417417417414164 0.007645645645641054 0.010408408408402157 0.01768168168167106 0.021069069069056416 0.03627627627625449 0.05055255255252219 0.08520120120115003 0.09672672672666863 0.10507507507501197 0.06720120120116084 0.05164564564561463 0.03161561561559663 0.026720720720704673 0.014930930930921963 0.01364564564563745 0.009471471471465783 0.010054054054048016 0.0097657657657599 0.011099099099092433 0.020444444444432164 0.26348948948933126
0.014634317862155672 0.011082981715885315 0.007292545710262101 0.007721518987336342 0.010914205344577417 0.012904360056249715 0.011849507735575351 0.017939521800268678 0.020450070323473665 0.02910689170180794 0.026933895921218753 0.046835443037941744 0.03706751054849714 0.06664556962020629 0.030288326300963227 0.039268635724304314 0.02526722925455326 0.026272855133596153 0.015196905766515332 0.024177215189856414 0.016174402250340243 0.023459915611797846 0.018199718706035022 0.020358649789015217 0.07548523206745747 0.3644725738394061
0.010581469648555539 0.009316293929706508 0.005610223642168939 0.004319488817888613 0.004779552715651898 0.006485623003190744 0.009047923322677925 0.017616613418519094 0.023367412140560147 0.03743769968048726 0.05189137380188377 0.09077316293923912 0.10779552715648064 0.10866453674114462 0.063424920127755 0.04964856230028777 0.027674121405733117 0.02472204472841871 0.013712460063889001 0.014932907348233269 0.008817891373796282 0.010127795527150077 0.007955271565490125 0.010006389776351434 0.024191693290719365 0.25709904153338203
0.01620138888887764 0.012986111111102093 0.005951388888884756 0.005374999999996267 0.007833333333327893 0.008743055555549484 0.00881944444443832 0.01636805555554419 0.02018749999998598 0.031131944444422827 0.028749999999980035 0.0536666666666294 0.03607638888886384 0.07477777777772585 0.0341597222221985 0.04780555555552236 0.03049305555553438 0.03178472222220015 0.018340277777765042 0.024923611111093803 0.016798611111099444 0.024736111111093934 0.01835416666665392 0.02117361111109641 0.04256249999997044 0.36199999999974863
0.016905982905954006 0.019401709401676237 0.0091623931623775 0.007333333333320797 0.010581196581178494 0.008615384615369889 0.007247863247850858 0.01044444444442659 0.010923076923058252 0.014991452991427364 0.013555555555532383 0.026905982905936914 0.05177777777768927 0.08051282051268288 0.013760683760660237 0.022307692307654173 0.011367521367501935 0.023829059829019096 0.012683760683739002 0.02618803418798942 0.019965811965777836 0.029230769230719263 0.02162393162389466 0.028837606837557542 0.12229059829038924 0.3795555555549067
0.023947655398010963 0.017742639040329616 0.012420937840771624 0.013413304252984282 0.01618320610685258 0.01721919302070096 0.018571428571408317 0.02173391493999811 0.027088331515782892 0.035278080697889555 0.04221374045796923 0.0568811341329805 0.061035986913782946 0.057022900763296594 0.0365539803707344 0.027426390403459733 0.019890948745888887 0.016401308615031186 0.013271537622668188 0.011810250817871527 0.011799345692462595 0.012486368593225206 0.012519083969451996 0.018309705561593993 0.022682660850575045 0.37609596510318855
0.029950166112931935 0.026760797342170465 0.014244186046499798 0.012242524916933353 0.01136212624583774 0.011171096345505671 0.012159468438528106 0.01587209302324263 0.01738372093021812 0.023571428571408995 0.028455149501637494 0.03897009966774172 0.04297342192687461 0.03990863787372101 0.023264119601309582 0.020207641195996506 0.015622923588026891 0.015382059800651675 0.011495016611286133 0.01083056478404416 0.009235880398663425 0.01106312292357885 0.013164451827231591 0.024750830564763494 0.03215116279067097 0.4878073089696945
0.024974999999979187 0.01608333333331993 0.013516666666655403 0.01490833333332091 0.019699999999983585 0.019849999999983457 0.02127499999998227 0.02524999999997896 0.02863333333330947 0.034416666666637986 0.04493333333329589 0.06459166666661284 0.07720833333326899 0.0602833333332831 0.037924999999968394 0.027316666666643903 0.017766666666651863 0.014808333333320992 0.012641666666656132 0.011624999999990313 0.010099999999991583 0.009883333333325098 0.011958333333323369 0.016949999999985876 0.025516666666645402 0.33788333333305176
0.04457142857139673 0.029764285714264455 0.015035714285703546 0.010521428571421056 0.009457142857136102 0.009314285714279062 0.009057142857136389 0.009878571428564372 0.011278571428563372 0.014149999999989893 0.01815714285712989 0.023471428571411806 0.02799999999998 0.025721428571410198 0.015142857142846326 0.012285714285705511 0.008671428571422378 0.008571428571422448 0.007257142857137674 0.007328571428566194 0.006735714285709475 0.008249999999994108 0.011999999999991429 0.02775714285712303 0.037499999999973214 0.590121428571007
0.022481432940128894 0.021852337265162208 0.010703363914363736 0.009130624726947024 0.008571428571421081 0.010974224552196614 0.009855832241144731 0.011157710790728565 0.013962429008288368 0.018042813455641727 0.024936653560484984 0.04747051114019443 0.06517256443856254 0.06309305373520044 0.028798602009586022 0.023372651812998364 0.012878986456956855 0.014731323722136539 0.009637396242892409 0.012852774137166578 0.011480996068142 0.014722586282206445 0.015307994757522666 0.024298820445588204 0.045600698995154565 0.44891218872831024
0.03587579790108848 0.03313498503369531 0.008583071874204923 0.0049046124995456705 0.0031952107901451945 0.0025893468931424937 0.0019906956615803016 0.002185437628474027 0.002524432904177919 0.0026614735475475773 0.0039020520033150115 0.00442857658047212 0.00582062101049023 0.006541887554541064 0.003635183382016203 0.004060730643006195 0.0027119622056311354 0.0037866493562668784 0.0026109848894640187 0.0038515633452314534 0.004846911176021604 0.009347614410898809 0.019668938656266243 0.04764686789999809 0.07009268275086004 0.7094017094011977
0.04137071651087121 0.027990654205585677 0.019042056074751526 0.01573208722740208 0.013652647975067248 0.01308411214952252 0.012422118380052631 0.0131308411214851 0.013341121495316712 0.014306853582543374 0.014922118380050683 0.01720404984422336 0.017975077881605937 0.018356697819300345 0.01335669781930424 0.012710280373821877 0.009322429906534795 0.009618380062297805 0.008193146417439102 0.008559190031145981 0.008823987538933938 0.011401869158869624 0.014929906542044447 0.03053738317754631 0.041316199376914865 0.5786993769465898
0.04251612903222378 0.035435483870939165 0.021016129032241117 0.012556451612893099 0.00919354838708936 0.007798387096767905 0.0069999999999943545 0.006887096774187995 0.00662903225805917 0.0074919354838649255 0.008201612903219193 0.010548387096765687 0.011637096774184164 0.011838709677409808 0.007032258064510458 0.0077016129032195955 0.005499999999995565 0.007475806451606874 0.006290322580640088 0.007620967741929338 0.008653225806444634 0.012153225806441811 0.01732258064514732 0.03150806451610362 0.04179838709674048 0.6481935483865741
0.050624999999954796 0.04016964285710699 0.012982142857131266 0.007678571428564573 0.005633928571423541 0.004348214285710404 0.0038392857142822865 0.003928571428567921 0.004258928571424769 0.0050178571428526626 0.005723214285709176 0.0073482142857077245 0.008464285714278158 0.010491071428562062 0.005741071428566303 0.007196428571422146 0.004633928571424434 0.006080357142851714 0.0037053571428538345 0.004696428571424378 0.0051607142857096775 0.008339285714278269 0.01327678571427386 0.03938392857139341 0.05050892857138348 0.6807678571422493
0.03381381381378843 0.0369144144143867 0.01589339339338146 0.009902402402394967 0.00621621621621155 0.0046996996996961716 0.003956456456453486 0.004617117117113651 0.005878378378373965 0.006644144144139156 0.008138138138132028 0.011944444444435477 0.031111111111087754 0.01312312312311327 0.006651651651646658 0.006163663663659036 0.003213213213210801 0.0035585585585558867 0.0022372372372355576 0.0028078078078056998 0.003033033033030756 0.004399399399396097 0.00891141141140472 0.037860360360331934 0.030720720720697658 0.6975900900895664
0.014260789715322075 0.01225895316803282 0.0071625344352551305 0.00651974288337326 0.00837465564737523 0.009476584022029865 0.008962350780524368 0.018393021120276958 0.02318640955002462 0.03674931129473209 0.03960514233237869 0.07089072543611488 0.06081726354448042 0.0957851239668542 0.03904499540859592 0.04871441689619035 0.02562901744717573 0.029421487603278767 0.015325987144154889 0.02344352617077737 0.013985307621658416 0.02053259871439804 0.012268135904488275 0.01489439853074849 0.03977961432503234 0.3045179063358085
0.022478991596622915 0.01873249299718576 0.009782913165259255 0.00852941176469991 0.012345938375341495 0.012268907563016618 0.014705882352930879 0.01924369747897812 0.02313725490194458 0.030280112044796723 0.03313025210081714 0.046554621848706894 0.04539215686271331 0.05385854341732923 0.030203081232471847 0.029621848739475053 0.020322128851526386 0.01973389355740915 0.01313025210083114 0.01441176470587226 0.01246498599438903 0.01313025210083114 0.013137254901951584 0.02080532212883697 0.032738095238072314 0.42985994397729
0.026317365269441378 0.02039670658681108 0.01159431137723683 0.010860778443105642 0.011025449101788154 0.012215568862266305 0.014139221556875645 0.01827095808381866 0.01852544910178254 0.020778443113756904 0.026399700598782636 0.03931886227541967 0.05695359281432863 0.040726047904161136 0.027095808383213252 0.02099550898202021 0.015351796407174137 0.014251497005977356 0.00972305389220829 0.009004491017957332 0.008023952095802377 0.008959580838316647 0.01054640718562085 0.021407185628726493 0.03369011976045382 0.4934281437122055
0.038901838901813715 0.03438228438226212 0.012101787101779267 0.007239057239052551 0.004888629888626723 0.003995078995076408 0.0035418285418262483 0.0032893032893011593 0.003736078736076317 0.004636104636101634 0.006080031080027143 0.007757057757052734 0.00913623413622822 0.010055685055678545 0.006539756539752305 0.006552706552702309 0.004144004144001461 0.004610204610201625 0.0038655788655763625 0.004875679875676719 0.004927479927476737 0.007025382025377476 0.011350686350679002 0.030257705257685667 0.04522792022789094 0.7208818958814291
0.023949999999960083 0.021066666666631557 0.01453333333330911 0.010499999999982499 0.008966666666651722 0.010016666666649972 0.012599999999979 0.014466666666642555 0.020449999999965916 0.026483333333289193 0.031249999999947917 0.04278333333326203 0.05034999999991608 0.04633333333325611 0.03344999999994425 0.027049999999954916 0.016833333333305278 0.01303333333331161 0.007816666666653638 0.006416666666655972 0.005066666666658222 0.0062333333333229445 0.007483333333320861 0.015033333333308278 0.06429999999989283 0.46353333333256075
0.026261486997407008 0.026037194160679518 0.008247568024807911 0.005120285044150366 0.005639362752005409 0.005447111749096133 0.0051715519782595054 0.009766350947791186 0.010554580059719215 0.015636414903287724 0.017193648026852856 0.027453443215444514 0.026383245965916215 0.04051369467974795 0.02175640516256632 0.022025556566639307 0.012810325160521378 0.014726426822850488 0.008907629801463089 0.012951309229321513 0.008728195532081099 0.014098406880013523 0.014341924817031938 0.03027312459144722 0.051856503851395196 0.5580982530788626
0.03403546099288366 0.02779432624111504 0.010127659574460903 0.007907801418434108 0.008028368794320548 0.005695035460988869 0.004354609929074926 0.0047375886524789095 0.005836879432619974 0.007226950354604803 0.00882978723403629 0.012482269503537247 0.013787234042543414 0.02023404255317714 0.010865248226942648 0.010950354609921312 0.006886524822690151 0.009865248226943358 0.006212765957442403 0.009304964539000492 0.008794326241128515 0.012957446808501449 0.019191489361688515 0.0361702127659318 0.06507801418435101 0.6326453900704733
0.012412280701745312 0.0116739766081786 0.007039473684205381 0.006067251461983869 0.010036549707595002 0.0116739766081786 0.01287280701753445 0.021798245614019152 0.030687134502901545 0.04346491228066998 0.044583333333300744 0.07682017543854033 0.06573099415199873 0.08505847953210156 0.038596491228041964 0.04166666666663621 0.026220760233898962 0.0256286549707415 0.013179824561393874 0.016769005847940957 0.009875730994144828 0.01513157894735736 0.010906432748530039 0.015855263157883145 0.024729532163724612 0.3215204678360223
0.02370231394620156 0.01812382739210874 0.008130081300807923 0.006979362101308956 0.007260787992490769 0.007535959974979653 0.00868042526578569 0.014077548467783566 0.01713570981862593 0.02592245153219142 0.030462789243257998 0.0538961851156636 0.05532207629765146 0.06567854909314216 0.02914321450904994 0.02937460913068832 0.018155096935573385 0.021969981238260182 0.01193245778610886 0.017041901188231994 0.010988117573476555 0.017104440275161285 0.014602876797989616 0.024646654158833867 0.05859912445274634 0.4035334584112548
0.043259259259195174 0.03519999999994785 0.006637037037027204 0.003318518518513602 0.003199999999995259 0.003525925925920702 0.003362962962957981 0.005081481481473953 0.003999999999994074 0.005318518518510639 0.005540740740732532 0.00770370370369229 0.009807407407392877 0.01736296296293724 0.00656296296295324 0.008859259259246135 0.005955555555546732 0.007822222222210634 0.00444444444443786 0.006207407407398211 0.004799999999992889 0.008133333333321283 0.010637037037021279 0.038948148148090445 0.05142222222214604 0.6928888888878624
0.04181741335583954 0.03638207945897178 0.010574809805570098 0.004530853761619162 0.0028148774302596664 0.0025190194420942357 0.0024936601859657705 0.003026204564663545 0.003245984784443579 0.004860524091289214 0.007032967032961088 0.012087912087901869 0.015198647506326966 0.014454775993225312 0.006458157227382537 0.006677937447162572 0.00383770076077444 0.0046914623837661104 0.0023837700760757532 0.003085376162296631 0.0027218934911219595 0.005917159763308607 0.011225697379534045 0.03823330515634976 0.04939983093825072 0.7043279797119997
0.01648627450979099 0.013749019607832353 0.006776470588229979 0.005552941176466233 0.00722352941175904 0.007764705882346851 0.007929411764699664 0.013615686274499125 0.01810196078429953 0.02779607843135075 0.0305019607842898 0.06919215686269083 0.073545098039158 0.10419607843129082 0.037952941176440824 0.04243137254898633 0.026125490196057942 0.024705882352921798 0.014219607843126102 0.017733333333319425 0.011639215686265381 0.01669803921567318 0.012964705882342773 0.017254901960770782 0.03495686274507062 0.34088627450953657
0.01634027777776643 0.012624999999991232 0.0032361111111088637 0.0018472222222209395 0.0017569444444432243 0.0018333333333320602 0.0019444444444430941 0.002895833333331322 0.0031111111111089508 0.0048402777777744165 0.005749999999996007 0.009479166666660084 0.017166666666654746 0.04079166666663834 0.007097222222217293 0.015354166666656004 0.00422222222221929 0.02256249999998433 0.004090277777774937 0.013861111111101485 0.005034722222218726 0.01707638888887703 0.008513888888882977 0.021819444444429292 0.4391319444441395 0.317618055555335
0.033492981007404214 0.027803468208069525 0.01874483897603737 0.012815854665555066 0.010834021469850673 0.011345995045407642 0.009892650701891088 0.011023947151105678 0.01036333608587088 0.01279108175060876 0.013559042113944212 0.019727497935574132 0.02220478943020462 0.02639141205613015 0.013542526837313343 0.01543352601154795 0.01039636663913262 0.013402146985950948 0.009421965317911295 0.011164327002468073 0.009983484723360872 0.014467382328642059 0.01819157720890323 0.03143682906686091 0.03838976052845715 0.5731791907509718
0.016488673139145236 0.013487055016170318 0.008729773462776109 0.00632686084141883 0.008567961165041611 0.009724919093843265 0.011933656957919148 0.020355987054999712 0.023689320388330347 0.03686893203880512 0.04803398058248541 0.08025889967631047 0.08025080906142375 0.08155339805818644 0.04682847896436341 0.03860841423945097 0.023268608414220657 0.02075242718444923 0.013333333333322546 0.01207119741099347 0.008576051779928337 0.010113268608406056 0.008948220064717679 0.01207119741099347 0.03338187702262671 0.32577669902886264
0.03544494720962636 0.016877828054285914 0.009223227752632561 0.006719457013569593 0.007134238310703519 0.007760180995469261 0.008778280542979805 0.012390648567109811 0.014675716440411254 0.02082202111612306 0.023725490196060538 0.036726998491676675 0.03702111613873528 0.044585218702832136 0.029781297134215852 0.027564102564081778 0.01846153846152454 0.01708898944191773 0.012684766214168412 0.012375565610850396 0.010444947209645216 0.01142533936650722 0.011500754147804298 0.020196078431357317 0.028944193061818294 0.517647058823139
0.02512396694209685 0.01894628099169639 0.012768595041295933 0.009772727272707081 0.009710743801632829 0.012231404958652414 0.012747933884271182 0.019421487603265657 0.022293388429706004 0.027871900826388695 0.03574380165281871 0.05231404958666877 0.049855371900723436 0.05351239669410431 0.028739669421428225 0.025020661156973097 0.018657024793349884 0.018202479338805366 0.01212809917352866 0.013409090909063203 0.008904958677667552 0.009504132231385323 0.010020661157004089 0.01944214876029041 0.02450413223135433 0.44915289256105545
0.03721719457010768 0.025113122171926763 0.016485671191541113 0.01634992458520637 0.013831070889883989 0.013567119155344217 0.0130618401206538 0.013936651583699897 0.01379336349923545 0.01669683257917293 0.017805429864239965 0.028408748114609042 0.031538461538437756 0.025271493212650625 0.017714932126683472 0.01679487179485913 0.016613876319746142 0.01555806938158706 0.015173453996971965 0.017232277526382178 0.017941176470574704 0.018371040723968047 0.018355957767708632 0.021116138763181663 0.05927601809950281 0.48277526395137044
0.01881349911189385 0.014358792184719589 0.011847246891647656 0.0125186500888055 0.012273534635874859 0.013168738898751982 0.014373001776193828 0.01845825932503785 0.024287744227344834 0.03347424511544104 0.045271758436928856 0.07195737122555171 0.09787921847243415 0.06424511545290791 0.033520426287732316 0.023850799289511955 0.016369449378324557 0.015399644760207673 0.013204262877437582 0.013715808170510225 0.0124831261101199 0.014085257548840466 0.01472468916518127 0.017442273534629682 0.02303374777974315 0.3492433392538724
0.029963782696152946 0.02758148893357941 0.012217303822927792 0.01070422535210406 0.009295774647879843 0.007943661971824592 0.00846680080482216 0.011420523138823807 0.014028169014073217 0.018736418511051317 0.023452716297767844 0.033175050301784165 0.036563380281660715 0.03668410462773707 0.025625754527142355 0.021215291750485945 0.015356136820913194 0.015058350100591502 0.011340040241439565 0.009561368209247838 0.007678068410456597 0.009384305835002507 0.012394366197173124 0.02350100603619839 0.028233400402391765 0.5404185110659634
0.011588946459392764 0.01796200345420041 0.006891191709832658 0.005043177892910115 0.004196891191702596 0.004110535405865094 0.003367875647662577 0.007789291882542678 0.011105354058702754 0.017547495682180402 0.01176165803106777 0.02307426597578053 0.010708117443850244 0.05069084628661366 0.011226252158875258 0.026459412780610606 0.015025906735725344 0.03013816925728819 0.014196891191685325 0.031865284974038226 0.016303972366120374 0.042452504317715974 0.015233160621735348 0.025544041450733083 0.1313471502588405 0.4543696027626004
0.03273236941098082 0.031813403677164155 0.009387995266328575 0.004416324533737667 0.00336513351447975 0.003107294207869317 0.003424634892928311 0.0038080882207079288 0.003966758563237426 0.004932003146958533 0.006320368644091632 0.008528530910960466 0.01009540054343925 0.01195977706816084 0.006968272542753745 0.0059964166947605755 0.004079150055862487 0.004125428905766923 0.002882511222619196 0.003054404093692818 0.0030610153579648802 0.0048196116543334725 0.009057432052725455 0.0307688239221783 0.03558182431223971 0.7517470265833966
0.037077551020377894 0.03337142857140133 0.009289795918359763 0.005404081632648649 0.0039183673469355765 0.0036571428571398716 0.003804081632649956 0.004824489795914429 0.0061387755101990705 0.00759183673468768 0.00983673469386952 0.012555102040806078 0.01336326530611154 0.012326530612234836 0.0071999999999941226 0.005779591836729976 0.0037306122448949137 0.004228571428567977 0.0028244897959160617 0.0031755102040790404 0.0030285714285689562 0.005004081632648976 0.008530612244890995 0.030669387755077004 0.036995918367316735 0.7256734693871627
0.01628062360800573 0.014305864884918851 0.006495916852259469 0.005857461024494538 0.007824795842607405 0.008782479584254802 0.010452858203407236 0.01571640682998091 0.02170749814400764 0.03570155902001804 0.05293244246469715 0.08266518188561049 0.08342984409793361 0.08284335560498675 0.05118782479580461 0.037824795842585135 0.02386043058647078 0.016213808463239634 0.009888641425382413 0.00932442464735759 0.0070898292501803345 0.007498144023750929 0.006755753526349847 0.014097995545646549 0.021306607275411057 0.3499554565698961
0.012130660727533682 0.00848552338529437 0.004625092798808741 0.003912397921303702 0.005887156644390581 0.007951002227165589 0.010504825538225312 0.01824053452114459 0.027438752783943993 0.044610244988831024 0.059799554565657165 0.09708982925011352 0.10095768374157316 0.10419450631024188 0.059866369710423264 0.04874536005935505 0.027988121752020794 0.02069042316256816 0.011440237564950675 0.011588715664430892 0.008151447661463881 0.009985152190044554 0.007008166295466215 0.009740163325902197 0.01608760207868145 0.2628804751297232
0.039981012658202544 0.032449367088587054 0.00999999999999367 0.004987341772148742 0.0033734177215168524 0.002822784810124796 0.002734177215188143 0.0035189873417699248 0.003632911392402764 0.005272151898730841 0.007405063291134554 0.014734177215180548 0.02127848101264476 0.016322784810116252 0.007791139240501398 0.006917721518982963 0.0034367088607573184 0.004468354430376919 0.0027911392405045627 0.004170886075946728 0.004291139240503613 0.007367088607590274 0.015727848101255867 0.04037974683541748 0.0521645569619923 0.6819810126577962
0.011585185185176603 0.011318518518510134 0.007177777777772461 0.008866666666660099 0.010392592592584893 0.010325925925918278 0.011303703703695331 0.01599999999998815 0.02117037037035469 0.03262222222219806 0.046162962962928766 0.09422222222215243 0.12285185185176085 0.08890370370363784 0.034844444444418636 0.029414814814793026 0.018251851851838332 0.018807407407393475 0.00906666666665995 0.013192592592582821 0.00979999999999274 0.01599999999998815 0.01237777777776861 0.016207407407395402 0.06837777777772713 0.2607555555553624
0.026107282384428852 0.023841139546099906 0.005865633642066928 0.0037421535490080866 0.0033196523418620124 0.0030068917080006328 0.002359422325620934 0.0034678021157963502 0.0037695886923292603 0.004614591106621409 0.0049218647118185535 0.008120802423067402 0.012005618717345592 0.02488916202096874 0.008631096088841233 0.013157894736834885 0.006924630174264231 0.015566700320433932 0.008131776480395871 0.016203195645485162 0.014990562310689286 0.028302093850122743 0.03512795750843075 0.05035994908034636 0.18472630701012646 0.4878462315084457
0.02830597014923261 0.025477611940279494 0.009216417910440883 0.006776119402980018 0.0058656716417866675 0.0060895522388014255 0.00682089552238297 0.010902985074618728 0.014835820895511316 0.021350746268640784 0.028276119402963974 0.038679104477583076 0.04161940298504357 0.04139552238802881 0.031470149253707856 0.02512686567162304 0.01792537313431498 0.013820895522377745 0.00939552238805269 0.008999999999993284 0.006776119402980018 0.008014925373128347 0.009529850746261545 0.021537313432819748 0.02614179104475661 0.5356492537309435
0.010833333333325873 0.014249311294756026 0.005475206611566477 0.0052961432506850575 0.004938016528922219 0.006377410468315167 0.00663223140495411 0.011604683195584295 0.014938016528915332 0.021577134986211034 0.022410468319543794 0.0448071625344044 0.04466942148757254 0.05768595041318341 0.029738292010998802 0.03312672176306258 0.023230027548193366 0.02569559228648368 0.016115702479327743 0.02050275482092252 0.015034435261697635 0.021680440771334932 0.017692837465552554 0.023767217630837625 0.05811294765836218 0.4438085399445979
