0.04235789609046689 0.03784079218100913 0.012988683127551137 0.007764274691345543 0.005754886831266469 0.005176183127563696 0.006140689300401651 0.006510416666656201 0.007699974279823013 0.00991833847735031 0.012168852880638875 0.015592849794213617 0.0188882458847433 0.022344393004079307 0.013631687242776441 0.01294045781890924 0.00842335390945148 0.009628986625498924 0.008214377572003256 0.009757587448543985 0.009259259259244375 0.010770318930023838 0.013840663580224665 0.026170267489669864 0.03192515432093634 0.634291409464001
0.03974532124245973 0.03579008296347709 0.01794327609489687 0.009534375200962225 0.007412052221995929 0.00578815357899899 0.007283426586907062 0.005820309987771207 0.006656376615848838 0.0069940189079571126 0.008521448324637401 0.01091710077816754 0.017187600488749778 0.0149044954659224 0.007524599652698687 0.007428130426382037 0.005209338221099091 0.006865393272868246 0.005000321564079683 0.00664029841146273 0.005032477972851899 0.008875168821131785 0.014084507042230876 0.027831371792353475 0.035983021416110386 0.6750273329463711
0.048693333333307366 0.043573333333310094 0.010453333333327758 0.0038559999999979435 0.0022346666666654747 0.001178666666666038 0.001013333333332793 0.0010826666666660892 0.0012906666666659783 0.0015146666666658588 0.0017706666666657224 0.002042666666665577 0.0025066666666653296 0.0035839999999980887 0.001669333333332443 0.002714666666665219 0.001231999999999343 0.0024906666666653383 0.0012959999999993088 0.0024586666666653553 0.002485333333332008 0.005466666666663751 0.0108106666666609 0.03895466666664589 0.04635199999997528 0.7592746666662618
0.038777219430420805 0.039463986599598884 0.01772194304854653 0.009798994974857958 0.005762144053591688 0.005360134003341105 0.004757118927965231 0.0056448911222686015 0.007185929648229169 0.007420435510875342 0.009179229480721642 0.013149078726946149 0.015192629815719946 0.01403685092124952 0.01016750418758766 0.008525963149064446 0.006013400334998302 0.008140703517574304 0.004773869346725672 0.006415410385248886 0.0066666666666555 0.01072026800668221 0.012981574539341739 0.029380234505813434 0.03624790619759422 0.666515912896706
0.0425702811244638 0.03685943775097441 0.009421686746980384 0.004401606425699276 0.0033574297188728053 0.002626506024094276 0.0027469879518050226 0.004216867469876131 0.004554216867466221 0.006184738955818325 0.01064257028111595 0.019373493975888053 0.03380722891563549 0.0353253012047909 0.01204819277107466 0.006554216867464615 0.0039839357429686875 0.003823293172687692 0.0025622489959818777 0.0031726907630496605 0.0029236947791141175 0.005020080321281108 0.009341365461839887 0.030208835341341198 0.03538152610438925 0.668891566264523
0.03989221556883839 0.03165269461075949 0.014059880239512539 0.008928143712569505 0.007287425149696235 0.006880239520953964 0.006999999999995808 0.008041916167659854 0.009005988023946703 0.010844311377239015 0.012718562874243881 0.01885628742513841 0.01880239520956958 0.02586227544908631 0.014916167664661726 0.01677844311376241 0.01128742514969384 0.012401197604782994 0.008574850299396064 0.01056287425149068 0.009155688622749009 0.01241916167663927 0.015838323353283928 0.02955688622752721 0.0524311377245195 0.5862455089816849
0.024522522522507795 0.020192192192180065 0.01024024024023409 0.007351351351346936 0.006852852852848737 0.006096096096092435 0.006462462462458581 0.01041441441440816 0.011147147147140452 0.016162162162152455 0.018180180180169262 0.030954954954936362 0.036048048048026395 0.04598198198195436 0.021345345345332525 0.02486486486484993 0.01371771771770948 0.018912912912901553 0.010198198198192072 0.015483483483474184 0.011297297297290513 0.01787387387386314 0.015567567567558218 0.025177177177162054 0.05349549549546337 0.5214594594591463
0.04002243050542334 0.03396619402381804 0.015701353841198907 0.011615797484560417 0.009869422414467885 0.00769045902426069 0.007386045021217038 0.007978851237670465 0.007081631018173385 0.008475526716320635 0.008251221661446364 0.010013618521172774 0.010382119682751932 0.02023552030758594 0.007145718176708891 0.006729151646228103 0.00463029720419029 0.006232476167577934 0.004486101097485403 0.006344628695015069 0.007610350076091308 0.011087078426642494 0.015140591204013234 0.030281182408026467 0.03548826403903631 0.6661539693973145
0.045380015432025814 0.033870241769492875 0.012458204732490262 0.008744855967064131 0.006671167695462527 0.005915637860072795 0.005835262345669632 0.005738811728385837 0.005819187242789 0.006606867283939996 0.00861625514401907 0.012908307613147974 0.015383873456765394 0.015046296296272108 0.00929140946500564 0.009902263374469679 0.006124614197521019 0.0078124999999874415 0.006944444444433281 0.007957175925913135 0.007330246913568463 0.009628986625498924 0.012249228395042038 0.02819573045262957 0.03173225308636874 0.6738361625503572
0.04644097222214757 0.036394032921752195 0.012731481481461015 0.006044238683117856 0.004758230452667248 0.004436728395054596 0.004002700617277516 0.003729423868306762 0.004452803497935229 0.00501543209875737 0.005754886831266469 0.006671167695462527 0.007892875514390604 0.009194958847721844 0.005963863168714693 0.006124614197521019 0.004018775720158149 0.005658436213982674 0.004275977366248271 0.005819187242789 0.0060924639917597535 0.009211033950602477 0.012618955761296588 0.03073559670776952 0.03661908436208105 0.7153420781881504
0.042518647119273216 0.03787294238677039 0.012217078189280773 0.007314171810687831 0.0049511316872348395 0.003986625514396883 0.004259902263367638 0.004661779835383453 0.004661779835383453 0.005706661522624571 0.007539223251016687 0.0115901491769361 0.016669881687216 0.016316229423842084 0.00972543724278272 0.009323559670766906 0.005481610082295715 0.006060313785998488 0.004356352880651434 0.005706661522624571 0.0058513374485502645 0.00705697016459771 0.01028806584360486 0.02943351337443828 0.03533307613163044 0.6911168981470371
0.044605654761871574 0.033340773809499 0.01889136904760499 0.012239583333324226 0.008876488095231491 0.007864583333327482 0.006175595238090643 0.005610119047614873 0.006421130952376175 0.0073288690476135945 0.008749999999993489 0.011919642857133988 0.012782738095228584 0.012886904761895173 0.00795386904761313 0.007938988095232188 0.006004464285709818 0.007418154761899242 0.0055952380952339325 0.0066369047618998235 0.0075967261904705385 0.012604166666657288 0.019315476190461818 0.02957589285712085 0.03862351190473317 0.6530431547614188
0.039338666666645684 0.034639999999981526 0.013759999999992662 0.008783999999995315 0.006821333333329695 0.005909333333330181 0.005930666666663503 0.0068693333333296695 0.007621333333329269 0.009407999999994983 0.010714666666660952 0.014437333333325633 0.01809599999999035 0.015685333333324968 0.01113599999999406 0.010111999999994606 0.007242666666662804 0.007407999999996049 0.006570666666663162 0.007050666666662906 0.00665599999999645 0.00827733333332892 0.013157333333326316 0.0276906666666519 0.03487466666664807 0.661807999999647
0.0393278226322579 0.028034089452729664 0.01988017429190715 0.01635588876070685 0.014385492759172136 0.012078687684204666 0.010460720235789983 0.012142765602953763 0.013424323977935691 0.015779187491964983 0.02066512879658358 0.025294758426205793 0.03521081635262846 0.031942842496424546 0.021386005382510915 0.016532103037266866 0.012639369473259261 0.014577726515419425 0.013039856465441112 0.013552479815433883 0.011950531846706474 0.014625784954481249 0.01646802511851777 0.022667563757492844 0.027793797257420552 0.5197840574129825
0.04185956790116728 0.03240740740735531 0.014805169753062621 0.01046489197529182 0.007973251028793767 0.007892875514390604 0.008262602880645153 0.008760931069944765 0.010802469135785104 0.011847350823026223 0.01461226851849503 0.01906507201643026 0.019692001028774928 0.01856674382713065 0.01139724794236851 0.010979295267472062 0.007458847736613524 0.009146733539079946 0.008535879629615908 0.009870113168708413 0.01033629115224676 0.010754243827143206 0.012683256172819117 0.025446887860041397 0.033291538065790105 0.6230870627562001
0.045749235473978134 0.03458103975533053 0.017113149847084334 0.009626911314978821 0.006397553516815659 0.005217125382259806 0.004513761467887147 0.004415902140670082 0.005333333333330071 0.006281345565745394 0.007663608562686444 0.010171253822623749 0.012140672782867193 0.013070336391429314 0.007425076452594847 0.0068134556574881875 0.0046299694189574124 0.005675840978589801 0.0047339449541255445 0.005535168195715269 0.0057675840978558 0.008807339449535897 0.015694189602436886 0.03196330275227403 0.03832415902138329 0.6823547400607447
0.03412266666664847 0.03159999999998315 0.008069333333329029 0.0036053333333314103 0.0024053333333320503 0.0021226666666655345 0.0022879999999987797 0.0034719999999981484 0.004709333333330822 0.007727999999995879 0.01211733333332687 0.02315199999998765 0.03226133333331613 0.03985599999997874 0.015541333333325044 0.014549333333325573 0.006917333333329644 0.013343999999992882 0.0045759999999975595 0.008661333333328714 0.005333333333330489 0.011007999999994128 0.01069333333332763 0.030074666666650627 0.05346666666663815 0.6183253333330035
0.04257370069878291 0.037127480118825405 0.017784561008887808 0.013302273274940473 0.011117358823984068 0.007727528315514937 0.0063458912362336795 0.006876054301539278 0.006811792111805266 0.007341955177110865 0.007823921600115954 0.01042654028434344 0.011551128604688647 0.011856374005925204 0.008402281307722062 0.009109165394796193 0.006747529922071255 0.007341955177110865 0.005944252550396105 0.007165234155342332 0.0069403164912732905 0.010956703349649037 0.01651538276164107 0.030797654430025228 0.038203871796870105 0.6532090930987979
0.030216867469861314 0.025596385542153256 0.00804819277107949 0.005433734939755763 0.0041385542168649765 0.003686746987949586 0.0034759036144557374 0.006759036144574242 0.007969879518067487 0.013102409638546324 0.012692771084329703 0.022831325301191065 0.021313253012035353 0.03613253012046016 0.013259036144570326 0.019168674698783632 0.01010843373493367 0.01678313253011037 0.006975903614453629 0.014650602409629728 0.008885542168669346 0.016530120481917755 0.014343373493967262 0.029506024096367767 0.08343975903609431 0.5649518072285753
0.03504216867467769 0.0291204819276933 0.017066265060230682 0.012759036144570628 0.01003012048192167 0.009337349397584736 0.008650602409633343 0.009463855421681046 0.011168674698788452 0.014512048192762342 0.02021686746986734 0.027373493975887123 0.03368072289154597 0.032572289156606885 0.02257228915661291 0.018096385542157773 0.013102409638546324 0.012054216867462619 0.010114457831319208 0.010246987951801055 0.008554216867464727 0.00965060240963274 0.011650602409631537 0.024572289156611703 0.034909638554195835 0.55348192771051
0.04104761904759605 0.036974789915945674 0.014218487394950017 0.007518207282908953 0.005495798319324652 0.004459383753498902 0.003910364145656073 0.004750700280109384 0.005333333333330345 0.007030812324926033 0.007238095238091183 0.009742296918762048 0.011042016806716503 0.012016806722682344 0.007921568627446543 0.007372549019603713 0.005075630252097997 0.006005602240892994 0.0038935574229670062 0.0054453781512574535 0.006420168067223294 0.009282913165260906 0.014089635854333843 0.03179831932771328 0.038106442577009465 0.6938095238091351
0.010926315789470398 0.009094736842102527 0.005233082706765343 0.004306766917291938 0.0038827067669161253 0.004147368421051384 0.004381954887216728 0.005831578947366667 0.006478195488719856 0.00911879699247846 0.01077593984962082 0.01607518796991998 0.02071879699247497 0.03914586466164236 0.013311278195484718 0.018336842105257642 0.007921804511275813 0.022141353383451988 0.006493233082704814 0.014857142857138388 0.008024060150373527 0.01781353383458111 0.01148270676691384 0.01590676691728845 0.4381654135337028 0.2754285714284886
0.04813333333329768 0.04030370370367385 0.01315555555554581 0.006592592592587709 0.004229629629626496 0.003459259259256697 0.002874074074071945 0.003266666666664247 0.003362962962960472 0.0043555555555523295 0.005096296296292521 0.00651851851851369 0.006859259259254178 0.007822222222216428 0.004933333333329679 0.005814814814810508 0.003140740740738414 0.003955555555552625 0.0027851851851831222 0.003237037037034639 0.0035851851851825293 0.006311111111106436 0.012007407407398514 0.035903703703677105 0.04208148148145031 0.7202148148142813
0.029615615615597828 0.02547147147145617 0.009477477477471786 0.007027027027022807 0.005441441441438173 0.005075075075072027 0.005303303303300118 0.007129129129124848 0.008030030030025207 0.012378378378370945 0.015579579579570223 0.02661261261259663 0.03440840840838774 0.048984984984955564 0.019393393393381746 0.020696696696684266 0.010384384384378147 0.015027027027018003 0.007321321321316924 0.009603603603597835 0.0070570570570528185 0.010762762762756298 0.012336336336328926 0.025027027027011997 0.03253453453451499 0.5893213213209674
0.008790960451972434 0.008355932203385109 0.00446327683615567 0.003988700564969498 0.0035141242937833253 0.0036214689265516263 0.0037457627118622906 0.006062146892651942 0.0067288135593182325 0.009265536723158607 0.010322033898299252 0.01527683615818346 0.01737853107343651 0.04041807909602236 0.010570621468920582 0.018028248587560435 0.007502824858752823 0.024728813559308064 0.006491525423725146 0.016384180790951195 0.0077740112994306365 0.01974576271185325 0.011497175141236443 0.0161977401129852 0.43307344632743894 0.286073446327522
0.04942933333330697 0.041146666666644724 0.009439999999994965 0.004010666666664528 0.002671999999998575 0.0023839999999987287 0.0022506666666654664 0.0024693333333320163 0.0029599999999984214 0.0037333333333313423 0.0044266666666643055 0.00566399999999698 0.006463999999996552 0.007471999999996015 0.004837333333330754 0.004991999999997338 0.00305599999999837 0.003829333333331291 0.003098666666665014 0.003882666666664596 0.003829333333331291 0.005690666666663632 0.009258666666661728 0.03693866666664697 0.04585066666664221 0.7302133333329439
0.017376171352051707 0.01696117804549269 0.008915662650590473 0.007925033467191533 0.006157965194101529 0.0053012048192700115 0.005140562248989102 0.006693440428371227 0.006104417670674559 0.008661311914312367 0.011606425702795707 0.015689424364102155 0.019049531459144512 0.032302543507319544 0.010361445783118659 0.013828647925014955 0.006117804551531302 0.020642570281096864 0.006706827309227969 0.018460508701447845 0.009076305220871383 0.023038821954453764 0.016224899598371853 0.028500669344004685 0.2547121820612387 0.42444444444387625
0.041698816872360954 0.03473829732504704 0.010689943415620675 0.005963863168714693 0.005963863168714693 0.004806455761309146 0.005336934156370022 0.005722736625505204 0.007362397119329729 0.009837962962947148 0.013358410493805687 0.01803626543206977 0.022537294238646897 0.021508487654286413 0.014660493827136927 0.014564043209853132 0.00953253600821513 0.010995370370352696 0.00818222736624199 0.008760931069944765 0.008198302469122624 0.009243184156363743 0.01083461934154637 0.02658822016456631 0.029899691357976627 0.6409786522623441
0.040718235596642366 0.034095293209821735 0.014821244855943253 0.009998713991753474 0.007153420781881505 0.007201646090523403 0.006076388888879121 0.005835262345669632 0.007233796296284668 0.00718557098764277 0.009018132716034886 0.009484310699573232 0.010706018518501309 0.01041666666664992 0.0061728395061629165 0.007089120370358974 0.004565329218099657 0.006719393004104425 0.004420653292173964 0.005738811728385837 0.005867412551430897 0.009034207818915518 0.012715406378580383 0.03054269547320193 0.037985468106934824 0.6892039609042419
0.03556113902841614 0.03475711892791498 0.010318257956431627 0.006716917922936823 0.0055611390284663964 0.004656616415402585 0.004589614740360821 0.005577889447226838 0.006197654941363153 0.011189279731974557 0.015946398659939787 0.025912897822402154 0.03015075376879372 0.047520938023370984 0.019128978224423568 0.017604690117223442 0.010921273031807502 0.00983249581237884 0.005293132328299342 0.0066666666666555 0.006197654941363153 0.007671691792281957 0.010787269681723975 0.022713567839157935 0.02932998324953211 0.6091959798984771
0.04777108433732062 0.04007228915660237 0.013596385542160484 0.0064457831325262374 0.004108433734937284 0.0032771084337329657 0.002825301204817575 0.00272289156626342 0.002933734939757269 0.0032891566265040428 0.004072289156624053 0.005638554216864073 0.008590361445777957 0.007746987951802562 0.005036144578310219 0.004590361445780367 0.002933734939757269 0.004162650602407131 0.003192771084335426 0.004066265060238514 0.00437349397590098 0.007277108433730556 0.01257831325300447 0.034795180722870606 0.042096385542143316 0.7218072289152279
0.047854889589880205 0.042260778128263794 0.009395373291267405 0.003832807570975903 0.0021398527865393586 0.0017034700315448456 0.0016614090431116397 0.0016719242902199412 0.0017455310199780518 0.002281808622501429 0.002954784437432726 0.004327024185066074 0.007386961093581815 0.0068559411146125885 0.004290220820187019 0.004516298633015501 0.0026498422712919823 0.00415878023133325 0.0033123028391149776 0.004121976866454194 0.004221871713983059 0.00714511041009088 0.010904311251308673 0.03598843322816194 0.03835962145108393 0.7442586750784731
0.04612426035500229 0.04072189349110016 0.011597633136087812 0.005508875739641711 0.0031656804733709077 0.002627218934909688 0.002337278106507493 0.0027100591715960294 0.002615384615383068 0.002828402366862232 0.0038579881656781905 0.004520710059168923 0.005053254437866832 0.004994082840233731 0.003023668639051465 0.0031893491124241483 0.0023846153846139736 0.00328402366863711 0.0025443786982233467 0.0031775147928975282 0.003721893491122058 0.006118343195262652 0.012088757396442551 0.035745562130156366 0.06349704142008077 0.7225621301770873
0.04415629322265273 0.0406708160442319 0.015207468879657533 0.00909405255877656 0.005809128630701377 0.004612724757949784 0.004349930843703769 0.003561549100965725 0.003520055325032144 0.0040525587828464365 0.004571230982016203 0.006210235131392662 0.007939142461958548 0.006701244813273374 0.004253112033192079 0.00470262793913921 0.0032157676348525477 0.004218533886580762 0.0033540802212978188 0.0039349930843679565 0.004218533886580762 0.006127247579525499 0.01006915629321572 0.03941217150757994 0.03921161825723429 0.7168257261405832
0.04975517890762758 0.03937853107337217 0.014802259886977774 0.007664783427480857 0.004350282485867513 0.003145009416189934 0.0026741996233471295 0.0030885122410487975 0.002862523540484251 0.003935969868165846 0.005141242937843425 0.008926553672299574 0.010244821092259425 0.01052730696796511 0.007401129943488887 0.007457627118630023 0.004369114877581226 0.004952919020706303 0.0034839924670367534 0.0034839924670367534 0.0035216572504641777 0.00561205273068623 0.010207156308832002 0.03291902071556889 0.037683615819138074 0.712410546138018
0.04395795795793156 0.036486486486464575 0.013327327327319323 0.006606606606602639 0.004522522522519806 0.0037897897897875136 0.004030030030027609 0.004450450450447777 0.005231231231228089 0.005819819819816325 0.008522522522517404 0.010714714714708279 0.012150150150142853 0.012600600600593032 0.00781381381380912 0.007453453453448977 0.005141141141138054 0.005879879879876348 0.004366366366363744 0.005627627627624247 0.006426426426422566 0.009477477477471786 0.014684684684675865 0.03138138138136253 0.039795795795771895 0.6897417417413275
0.03884420772302561 0.03125965379493176 0.015621837549929261 0.010940079893472452 0.008644474034618203 0.007768308921436014 0.008093209054591719 0.008830892143805905 0.010239680426095809 0.012370173102526666 0.016274300932086212 0.024521970705719168 0.03350732356856631 0.02560319573900783 0.016444740346200682 0.013597869507319947 0.010202396804258268 0.010439414114511202 0.009464713715044084 0.010396804260982584 0.01075898801597583 0.012596537949397444 0.016569906790940992 0.025366178428754896 0.032245006657781024 0.5793981358187538
0.03813014403286052 0.03531700102874981 0.014338991769524275 0.01052919238681435 0.007137345679000872 0.007282021604926566 0.007635673868300483 0.008375128600809582 0.009500385802453864 0.01028806584360486 0.012442129629609628 0.01596257716046817 0.02092978395058364 0.021347736625480087 0.013631687242776441 0.010866769547307635 0.007474922839494157 0.007667824074061748 0.006301440329207977 0.006558641975298099 0.006928369341552648 0.008326903292167684 0.011252572016442816 0.029610339506125242 0.03687628600817117 0.6352880658426001
0.029399399399381743 0.021339339339326524 0.014954954954945972 0.01429429429428571 0.014612612612603836 0.014654654654645853 0.014486486486477787 0.0165285285285186 0.018048048048037207 0.02193393393392076 0.026504504504488584 0.03690690690688474 0.04597597597594836 0.041819819819794705 0.025507507507492186 0.02245645645644297 0.017411411411400953 0.018534534534523403 0.014444444444435768 0.01635435435434453 0.014360360360351735 0.01564564564563625 0.014510510510501796 0.019513513513501793 0.03362162162160143 0.4561801801799062
0.03261861861859903 0.028480480480463376 0.013867867867859538 0.008948948948943575 0.006162162162158461 0.006144144144140454 0.007273273273268905 0.00943543543542977 0.012120120120112841 0.015129129129120043 0.019867867867855934 0.03553753753751619 0.05723723723720286 0.04311111111108522 0.022030030030016797 0.016480480480470582 0.010888888888882349 0.011279279279272504 0.008726726726721486 0.008714714714709481 0.008018018018013202 0.010804804804798316 0.013447447447439372 0.024348348348333725 0.032414414414394944 0.5369129129125905
0.035243243243222075 0.02624624624623048 0.014402402402393752 0.009933933933927967 0.007303303303298917 0.008390390390385352 0.008372372372367345 0.011303303303296515 0.013741741741733489 0.017837837837827126 0.022750750750737087 0.03125525525523648 0.03864864864862544 0.039747747747723876 0.02511711711710203 0.02048048048046818 0.014612612612603836 0.013651651651643452 0.010198198198192072 0.009477477477471786 0.008402402402397357 0.010600600600594234 0.012678678678671064 0.023867867867853533 0.03528528528526409 0.5304504504501318
0.005202072538857409 0.004720207253883565 0.0030207253885994713 0.0027046632124338318 0.0024196891191697305 0.0026632124352317806 0.0027927461139881904 0.004735751295334334 0.0058031088082871485 0.008844559585487645 0.010834196891186096 0.016020725388592734 0.020290155440403995 0.050751295336761267 0.011735751295330707 0.021108808290144502 0.007502590673571242 0.030347150259051634 0.005979274611395866 0.01840414507771067 0.006974093264245091 0.02161658031086963 0.010067357512948152 0.014191709844552232 0.5149119170981789 0.19635751295326614
0.021958823529398847 0.016876470588225365 0.009952941176464733 0.007458823529407377 0.0058235294117612805 0.006305882352937467 0.007788235294113066 0.010029411764699982 0.014294117647050415 0.023005882352927644 0.03929999999997688 0.07758823529407201 0.09874705882347133 0.09197647058818119 0.04687058823526655 0.0286823529411596 0.014388235294109184 0.010441176470582094 0.006547058823525561 0.00685882352940773 0.006952941176466498 0.008570588235289077 0.009052941176465263 0.015029411764697041 0.01993529411763533 0.3955647058821202
0.03500624219723158 0.02795880149810989 0.01742197253432121 0.012740324594249225 0.010486891385761244 0.009937578027459464 0.009999999999993757 0.009900124843938889 0.01089263420723415 0.01187890137327598 0.014275905118592837 0.02096754057426906 0.028970037453165436 0.025873907615464497 0.01694756554306058 0.013058676654174121 0.009856429463164883 0.00933208489387682 0.007515605493128892 0.008146067415725253 0.008121098626711535 0.010149812734076061 0.013096129837694696 0.026429463171019706 0.034600499375758674 0.5964357053679173
0.008969404186781047 0.009114331723012698 0.006489533011261692 0.00484702093396965 0.0041545893719739865 0.004041867954904924 0.0035104669887222055 0.006666666666655931 0.007745571658602664 0.012318840579690307 0.015829307568412512 0.027198067632806446 0.030692431561947356 0.07214170692419945 0.017520128824448436 0.03157809983891855 0.013526570048287397 0.046199677938733974 0.012286634460527718 0.03123993558771137 0.013800322061169403 0.033510466988673895 0.017938808373562095 0.01962962962959802 0.23636070853424096 0.31268921094957697
0.045711711711684255 0.03790390390388114 0.012084084084076826 0.00578378378378031 0.004138138138135653 0.0038918918918895546 0.004012012012009602 0.004300300300297717 0.004198198198195677 0.005351351351348137 0.0061741741741704655 0.009207207207201678 0.010024024024018004 0.011123123123116443 0.0068708708708667444 0.0060900900900864325 0.003687687687685473 0.004618618618615845 0.003489489489487394 0.004240240240237694 0.004810810810807921 0.008138138138133251 0.014054054054045613 0.03388588588586553 0.042558558558533 0.703651651651229
0.032103448275846255 0.02752216748767117 0.008842364532015349 0.006433497536942644 0.0049901477832487735 0.0048522167487660825 0.005098522167485173 0.007108374384232952 0.008325123152705258 0.01178325123152129 0.01747783251230666 0.027423645320183536 0.03248768472904803 0.038645320197025296 0.024275862068953557 0.021068965517231 0.011773399014772526 0.013517241379303687 0.007556650246301696 0.009068965517236911 0.006955665024627115 0.010502463054182018 0.011231527093590526 0.02708866995072557 0.05587684729061287 0.5679901477829714
0.033945277457333806 0.032807894399537345 0.02058503139814721 0.012254901960764682 0.008169934640509788 0.006984493143651505 0.006776239907716941 0.008634499551440737 0.01060489555297545 0.012959759067004742 0.017188901704445102 0.022411252082496457 0.02989234909645346 0.025422914263703987 0.01440151223885941 0.012799564270132001 0.009691785210800826 0.008890811226437123 0.005702934768669577 0.007705369729578839 0.007977700884262499 0.012415096757637422 0.017861719851310614 0.026896706394933204 0.0354350890682503 0.591583365371345
0.04137614678895919 0.03850917431189716 0.01289755351680971 0.00733180428133996 0.004984709480118513 0.004434250764522604 0.003967889908253847 0.004220183486235305 0.004831804281341872 0.005596330275225079 0.006452599388374272 0.008463302752287108 0.00917431192659849 0.010474006116199943 0.008096330275223168 0.00836391437308229 0.005221712538222308 0.006498470948007264 0.0059174311926560265 0.006475535168190768 0.006452599388374272 0.008119266055039664 0.013119266055035841 0.03138379204890567 0.03510703363911689 0.7025305810392183
0.0414331723026708 0.03974235104663487 0.014895330112697431 0.008711755233480336 0.00602254428340415 0.004911433172294828 0.004975845410620006 0.006135265700473212 0.007922705313996904 0.00787439613525302 0.00834138486311056 0.012190016103039951 0.013929146537819759 0.013526570048287397 0.007906602254415609 0.008293075684366678 0.005152979066014246 0.005813204508847322 0.004380032206112109 0.005974235104660267 0.006392914653773924 0.00855072463766739 0.011545893719788172 0.028969404186748843 0.03634460547498173 0.6800644122372301
0.04107188786001628 0.03425604423862806 0.01642875514400651 0.013358410493805687 0.010239840534962963 0.008680555555541602 0.008021476337435666 0.00898598251027362 0.008712705761302867 0.01052919238681435 0.012490354938251527 0.016589506172812837 0.021154835390912494 0.018743569958817607 0.012088477366235712 0.011011445473233327 0.007201646090523403 0.008503729423854642 0.007314171810687831 0.009066358024676783 0.009580761316857027 0.011815200617264958 0.014338991769524275 0.027022247942343394 0.03293788580241619 0.6198559670771928
0.04463255098107504 0.03855649608817725 0.012681159420269525 0.007214313197372043 0.004937796588423532 0.0044087469539495815 0.004969860202634074 0.004601128639212837 0.004296524304212683 0.005595100679739651 0.007374631268424755 0.011094010516847675 0.01356290881105944 0.013627036039480525 0.008753366679478078 0.008977811978951877 0.004889701167107718 0.0054508144157922106 0.0036231884057912928 0.005498909837108024 0.004905732974212989 0.006829549826845534 0.01074131076053171 0.030348210850278393 0.03510965756054394 0.6973194818508764
0.030947603121493163 0.02886659234483176 0.008985507246370133 0.005440356744700527 0.004578223708655089 0.004228911185429782 0.00456335934596465 0.004793756967666448 0.005826830174651931 0.006778149386840002 0.009565217391297239 0.0140170940170836 0.018721664808607416 0.02153102935710031 0.011869193608315221 0.011646228167958643 0.006889632107018291 0.009498327759190265 0.005707915273128422 0.007595689334814124 0.005849126718687589 0.009201040505381492 0.010003716090665178 0.02726124117426439 0.05956150130058747 0.6660720921585537
0.042911999999977114 0.036047999999980776 0.014634666666658861 0.009002666666661866 0.007173333333329508 0.0056586666666636485 0.0051519999999972525 0.004741333333330804 0.005375999999997133 0.006714666666663085 0.008437333333328833 0.009370666666661668 0.01003733333332798 0.010394666666661122 0.007413333333329379 0.007717333333329217 0.005605333333330344 0.006143999999996723 0.0046613333333308474 0.005445333333330429 0.006650666666663119 0.009679999999994837 0.014469333333325616 0.03204266666664958 0.03833599999997955 0.6861813333329674
0.03688543465743415 0.035647668393761864 0.009050086355780628 0.004795624640181465 0.004490500863555273 0.0047322970639005575 0.0052849740932612065 0.0063845710995933305 0.0075647668393738834 0.009493379389746981 0.010829015544035217 0.014553828439830423 0.014991364421407605 0.016067933218183034 0.010788716177311003 0.010794473229700176 0.007685664939546525 0.008606793321814273 0.005590097869887398 0.0071963154864667835 0.006223373632696475 0.009383995394352687 0.011951640759924035 0.031427748992497735 0.0390846286700984 0.6704951065050831
0.03271257485027981 0.03057485029938289 0.015041916167655664 0.010544910179634404 0.008341317365264465 0.008035928143707762 0.007916167664665918 0.009005988023946703 0.009341317365263868 0.01238922155687881 0.01748502994010929 0.0320299401197413 0.05147305389218475 0.0480419161676359 0.022215568862262145 0.01592215568861322 0.009263473053886669 0.010287425149694438 0.006820359281433042 0.008443113772450035 0.007317365269456696 0.010682634730532525 0.012790419161668988 0.02842514970058178 0.03649101796405001 0.5384071856284202
0.04619630622094287 0.037836363344558276 0.01452158983325922 0.007862518252261898 0.0048779705075257486 0.003883121259280366 0.004155902504767003 0.004829832640675166 0.005118659841778664 0.004476821617104223 0.005824681888920549 0.00710835833826943 0.008247621187066562 0.012804672582255091 0.00741323149498979 0.00900178110105903 0.00600118740070602 0.008327850965150867 0.005888865711387993 0.007076266427035708 0.007429277450606651 0.009611527414499749 0.01359092440748128 0.02873830650979808 0.03791659312264258 0.6912597679743726
0.03403200360598533 0.029476158279356263 0.012991403457913983 0.009304871373821912 0.00903119868635656 0.006729128432971555 0.005570044109588895 0.009256576193680968 0.008741427605510896 0.011252776972839993 0.014633439582706086 0.023696835055823276 0.03184262210626253 0.034965710422043585 0.018175086126375327 0.019157088122574523 0.012202582182278562 0.011429859300023456 0.007147686660859738 0.007856015969593587 0.006938407546915647 0.010125889436217962 0.013474355259323426 0.02548375672103821 0.03201970443344599 0.5944653723548818
0.03255999999998264 0.029482666666650944 0.013893333333325923 0.009973333333328014 0.008485333333328808 0.007679999999995904 0.007663999999995913 0.0090613333333285 0.009754666666661464 0.013482666666659477 0.01810133333332368 0.030362666666650474 0.04030933333331183 0.04167999999997777 0.022730666666654544 0.017285333333324115 0.01102399999999412 0.010298666666661174 0.007994666666662403 0.008261333333328928 0.008879999999995263 0.01132799999999396 0.014655999999992184 0.02497066666665335 0.03394666666664856 0.5561333333330367
0.03987499999997626 0.0363095238095022 0.013505952380944342 0.008059523809519012 0.005702380952377558 0.005553571428568123 0.005654761904758538 0.006178571428567751 0.006601190476186547 0.00654761904761515 0.008244047619042712 0.010714285714279338 0.012148809523802291 0.010464285714279485 0.007791666666662029 0.006583333333329415 0.005339285714282536 0.005922619047615522 0.005666666666663294 0.006285714285710544 0.006035714285710693 0.009226190476184984 0.014220238095229631 0.030565476190457998 0.03754166666664432 0.6892619047614945
0.04736936936934092 0.03971771771769386 0.013951951951943571 0.0066846846846806696 0.0038018018017995183 0.0027807807807791107 0.002336336336334933 0.0023903903903889547 0.002786786786785113 0.003117117117115245 0.0037117117117094825 0.004762762762759902 0.006216216216212483 0.007393393393388953 0.005285285285282111 0.005693693693690274 0.004294294294291715 0.0051891891891860725 0.004198198198195677 0.005561561561558221 0.0068888888888847515 0.011147147147140452 0.016042042042032408 0.03242642642640695 0.042774774774749086 0.7134774774770489
0.031778435028560766 0.02909406545356347 0.015993698964804227 0.00980518227993023 0.008342441972596376 0.007988812447746433 0.007570886645651046 0.010335626567205144 0.012055551983520775 0.013309329389806935 0.015495402816152035 0.02504339998710049 0.03525043399981474 0.03065325017676549 0.015607921301331562 0.013662958914656877 0.010544589468252838 0.009869478557175675 0.00761910885358513 0.00826207162603957 0.007377997813914714 0.008503182665709987 0.012200218607323024 0.025814955314045818 0.03713110010924399 0.5906898990538952
0.04335417668744051 0.0362353695686448 0.013099246432558763 0.007102773769429048 0.005323071989730122 0.004617604617597214 0.0054192720859300636 0.006493506493496082 0.006990540323862449 0.00848164181496155 0.009555876222527567 0.0152477152476908 0.019015552348855193 0.018903318903288596 0.012233445566759286 0.01146384479715975 0.006782106782095908 0.007712041045362014 0.00586820586819646 0.006894340227662507 0.006942440275762478 0.009587942921260882 0.013932980599624927 0.02858746192074942 0.03419913419907936 0.655956389288671
0.036842105263137484 0.033878116343471536 0.015108033240988859 0.010060941828249273 0.0071966759002730215 0.006083102493071422 0.005955678670356812 0.0060055401662016585 0.006221606648195999 0.007013850415508579 0.008742382271463301 0.011540166204979756 0.014930747922429401 0.013567867036003564 0.007684210526311532 0.0072077562326829875 0.005174515235454197 0.005457063711908334 0.004332409972296769 0.005518005540163148 0.005279778393348876 0.00796675900276567 0.013108033240989967 0.030498614958431855 0.036858725761752434 0.6877673130190095
0.04248979591834257 0.03946938775507903 0.011632653061217706 0.005836734693874148 0.0033469387755082525 0.002664723032068417 0.0024198250728848865 0.0028046647230304347 0.0029912536443131247 0.0032244897959164873 0.0040174927113679195 0.006909620991249615 0.009352769679294838 0.009335276967924586 0.004594752186586242 0.005131195335273976 0.0031020408163247217 0.004495626822154813 0.0029037900874618635 0.003924198250726575 0.0046938775510176715 0.007300291545185247 0.013212827988330489 0.03334693877549076 0.040408163265282564 0.7303906705535099
0.036965333333313616 0.031029333333316783 0.012245333333326803 0.007583999999995955 0.005738666666663606 0.005439999999997099 0.005493333333330404 0.005983999999996809 0.006687999999996433 0.008575999999995426 0.010847999999994215 0.017498666666657333 0.02388266666665393 0.01909866666665648 0.011269333333327324 0.008938666666661899 0.006175999999996706 0.007349333333329414 0.005541333333330378 0.0062986666666633075 0.006586666666663154 0.008474666666662146 0.012490666666660004 0.02947199999998428 0.03804799999997971 0.6622826666663134
0.005365269461074631 0.005071856287422113 0.0036946107784409012 0.0032694610778423536 0.003065868263471218 0.0036167664670637024 0.0035149700598781346 0.005269461077841156 0.005880239520954563 0.00934730538921596 0.011568862275442173 0.01985029940118572 0.02521556886226035 0.0552814371257154 0.01317365269460289 0.024371257485015348 0.009281437125742946 0.033419161676626695 0.008077844311372408 0.02182634730537615 0.00907784431137181 0.024425149700584178 0.013508982035920054 0.01667664670657684 0.4477185628739834 0.2184311377244201
0.043018018017948814 0.03899613899607626 0.012757400257379734 0.007094594594583181 0.004279279279272395 0.0035392535392478456 0.002944015444010708 0.0034588159588103944 0.0032175032174980413 0.003587516087510316 0.0033783783783729432 0.00548584298583416 0.006032818532808827 0.009202059202044399 0.002734877734873335 0.005148005147996866 0.0026866151866108646 0.00461711711710969 0.0021396396396361973 0.0032657657657605118 0.0030244530244481586 0.006435006434996083 0.0116634491634304 0.034089446589391746 0.040299227799162965 0.7369047619035763
0.03946778711482383 0.030616246498582286 0.012380952380945444 0.009563025210078676 0.007703081232488682 0.007366946778707357 0.007658263305317838 0.008554621848734702 0.009568627450975031 0.012005602240889634 0.0139943977590958 0.01756862745097055 0.019613445378140273 0.01945658263304232 0.012246498599432915 0.010957983193271173 0.00753501400559802 0.008873949579826962 0.006296918767503475 0.007932773109239254 0.007350140056018291 0.009708683473383916 0.013361344537807641 0.031507002801102794 0.06087955182069418 0.6078319327727687
0.04435435435432771 0.035543543543522196 0.014234234234225686 0.008696696696691474 0.0065105105105066 0.0053093093093061206 0.004420420420417765 0.004636636636633852 0.0050210210210180056 0.006186186186182471 0.007873873873869145 0.011345345345338532 0.013849849849841531 0.013303303303295313 0.008492492492487392 0.008558558558553418 0.0065825825825786295 0.006942942942938773 0.006048048048044416 0.006672672672668665 0.0070090090090048 0.009519519519513802 0.013939939939931567 0.03169969969968066 0.03898498498496157 0.6742642642638593
0.03591177983533322 0.02819573045262957 0.0188882458847433 0.015287422839481597 0.013052983539073667 0.0115901491769361 0.011541923868294203 0.01200810185183255 0.013149434156357463 0.016637731481454737 0.01822916666663736 0.02131558641971882 0.02631494341559556 0.030655221193366358 0.022199717078153613 0.021444187242763882 0.014837319958823885 0.013117283950596198 0.009982638888872842 0.010127314814798534 0.0079893261316744 0.010239840534962963 0.014274691358001744 0.024546682098725972 0.031491126543159255 0.5469714506164047
0.049111111111081615 0.041951951951926754 0.011129129129122445 0.0047807807807779094 0.002396396396394957 0.001837837837836734 0.0015555555555546213 0.0016096096096086428 0.001549549549548619 0.00235435435435294 0.002708708708707082 0.004210210210207682 0.005669669669666265 0.007867867867863143 0.0030630630630612233 0.004174174174171667 0.002666666666665065 0.0031111111111092426 0.0021921921921908756 0.0030870870870852328 0.003597597597595437 0.006018018018014403 0.010972972972966382 0.03596996996994837 0.04384984984982351 0.7425645645641186
0.033852407754825606 0.028305190744197434 0.014978111319565368 0.011713570981856339 0.010318949343333134 0.010087554721694755 0.009312070043771537 0.009424640400244263 0.011094434021256351 0.013358348968096711 0.015972482801741104 0.019443402126316796 0.021338336460274335 0.020075046904302642 0.014127579737327 0.01247029393370077 0.010343964978104851 0.010450281425884646 0.009449656035015979 0.009036898061282654 0.009268292682921033 0.012070043777353302 0.01525328330205425 0.025797373358332834 0.03220137585989231 0.6102564102560286
0.03200088829665556 0.02760381967574106 0.012336220297565694 0.009304907839207966 0.0074283810792722315 0.006884299355977255 0.0062069731290182025 0.007383966244717539 0.007594936708852326 0.008605374194971569 0.008283366644450051 0.012669331556725883 0.014268265600694795 0.035387519431450826 0.008627581612248915 0.015078836331317923 0.006595602931371757 0.014046191427921335 0.0051188096824282495 0.006995336442363984 0.005984898956244742 0.01135909393736247 0.011125916055950338 0.02775927159668248 0.08074616922043 0.6106040417492665
0.04296696696694116 0.03282282282280311 0.015909909909900353 0.010618618618612241 0.007915915915911162 0.006834834834830729 0.006126126126122447 0.006714714714710682 0.007195195195190874 0.008336336336331329 0.009321321321315723 0.014810810810801916 0.018372372372361338 0.017861861861851135 0.010018018018012002 0.009027027027021605 0.005981981981978389 0.006780780780776708 0.0051231231231200465 0.006612612612608641 0.006978978978974788 0.010852852852846335 0.016564564564554615 0.03127927927926049 0.04674474474471667 0.6382282282278449
0.034858625162118066 0.02185732814526022 0.01864850843060476 0.016936446173795867 0.015577172503238501 0.01452140077820635 0.013989623865106618 0.014734111543446242 0.01615823605706455 0.01907911802852942 0.024588845654987136 0.03585214007781171 0.04333592736704453 0.038619974059652756 0.023535667963677422 0.01858365758754382 0.01448767833981466 0.013966277561604679 0.011914396887156443 0.013146562905314359 0.014920881971461759 0.01671595330738866 0.018915693904015846 0.020319066147854652 0.05182619974058318 0.45291050583645837
0.030703446502008257 0.02719907407403035 0.012233153292161405 0.007233796296284668 0.005996013374475958 0.006976594650194547 0.008150077160480726 0.011638374485578 0.01393711419750846 0.021267361111076924 0.031491126543159255 0.05426954732501564 0.05060442386823141 0.06325552983528926 0.04036458333326844 0.030446244855918136 0.014708719135778824 0.008326903292167684 0.00501543209875737 0.004661779835383453 0.004083076131680679 0.00638181584361114 0.010754243827143206 0.022714120370333858 0.02768132716044933 0.4799061213984055
0.0029129129129111635 0.002474474474472988 0.0014954954954945973 0.0012132132132124847 0.001267267267266506 0.0019159159159147653 0.0017237237237226885 0.0031651651651632643 0.003273273273271307 0.0054114114114081615 0.005543543543540214 0.009573573573567824 0.010894894894888351 0.04538138138135413 0.007375375375370946 0.019711711711699872 0.006396396396392555 0.030912912912894348 0.005321321321318125 0.017963963963953174 0.004960960960957981 0.018318318318307315 0.007003003002998797 0.00933933933933373 0.65602402402363 0.1204264264263541
0.04060740740734725 0.035866666666613534 0.014103703703682809 0.01002962962961477 0.007525925925914776 0.005955555555546732 0.005422222222214189 0.006799999999989926 0.007525925925914776 0.008918518518505305 0.009674074074059742 0.011466666666649679 0.015748148148124818 0.01933333333330469 0.011437037037020092 0.011199999999983407 0.006103703703694661 0.009229629629615956 0.004311111111104725 0.00645925925924969 0.00697777777776744 0.011274074074057372 0.01499259259257038 0.03154074074069401 0.03805925925920287 0.6494370370360749
0.0140611111111033 0.013133333333326037 0.0036555555555535246 0.0026722222222207376 0.0030333333333316483 0.002972222222220571 0.002666666666665185 0.004594444444441892 0.00458888888888634 0.006894444444440614 0.006522222222218599 0.011738888888882366 0.015472222222213627 0.03821111111108988 0.00882222222221732 0.017038888888879423 0.007516666666662491 0.024555555555541914 0.005811111111107882 0.015694444444435726 0.006949999999996139 0.022011111111098883 0.018916666666656156 0.04300555555553166 0.33606666666647994 0.36339444444424257
0.04101081081078864 0.036751351351331486 0.013383783783776549 0.008124324324319932 0.006010810810807562 0.005513513513510533 0.005751351351348242 0.006389189189185736 0.0066432432432396524 0.007427027027023012 0.009421621621616529 0.013491891891884598 0.016118918918910204 0.015291891891883626 0.00865945945945478 0.007016216216212423 0.004459459459457049 0.005221621621618799 0.0045027027027002686 0.005313513513510642 0.006172972972969636 0.008556756756752132 0.012654054054047214 0.03258378378376617 0.04014054054051884 0.6733891891888252
0.028863448275854107 0.02307586206895915 0.013602758620685903 0.009365517241376726 0.007343448275860043 0.007139310344825617 0.006780689655170543 0.008948965517238911 0.00946206896551463 0.01305103448275502 0.01574068965516807 0.023655172413786577 0.029001379310336826 0.035420689655162645 0.019073103448270602 0.017547586206891713 0.01068137931034188 0.013533793103444542 0.00862344827585969 0.01162482758620369 0.01059310344827294 0.01499586206896138 0.017801379310339916 0.030491034482750208 0.05091586206895147 0.5626675862067413
0.048340306833996975 0.04199442119941284 0.014644351464424934 0.007064156206410694 0.003605299860527472 0.0024128312412814417 0.002015341701532765 0.0020432357043221458 0.0019037656903752415 0.002050209205019491 0.0023152022315186087 0.0024825662482548935 0.00253138075313631 0.0047350069734973955 0.002538354253833655 0.00439330543932748 0.0023430962343079895 0.003751743375171721 0.002656903765688524 0.0039748953974867674 0.004811715481168192 0.008165969316591236 0.014428172942807233 0.03556485355646055 0.04283821478379161 0.7363947001389565
0.0295015576323528 0.03143302180680462 0.011791277258548612 0.006604361370706224 0.0075545171339446195 0.006152647975068298 0.0063862928348810185 0.009174454828646145 0.009719626168209159 0.0130529595015373 0.016355140186890414 0.024018691588747636 0.02549844236756153 0.03169781931459237 0.017834890965704307 0.019299065420530687 0.011370716510885715 0.01777258566975425 0.010280373831759688 0.012507788161974287 0.008099688473507633 0.01381619937692552 0.014688473520226342 0.02613707165104963 0.0525233644858995 0.5667289719617341
0.006538666666663179 0.00523733333333054 0.0029493333333317604 0.0025386666666653126 0.001999999999998933 0.002085333333332221 0.0021013333333322125 0.0037173333333313506 0.003951999999997892 0.006159999999996715 0.00566399999999698 0.009413333333328312 0.011242666666660671 0.04676799999997506 0.006618666666663137 0.018458666666656822 0.005290666666663845 0.03023466666665054 0.0045973333333308814 0.017589333333323954 0.005391999999997124 0.02095466666665549 0.008197333333328961 0.01167999999999377 0.5793226666663577 0.1812959999999033
0.03545945945943816 0.033807807807787506 0.01169369369368667 0.007609609609605039 0.0060900900900864325 0.006138138138134451 0.00713513513513085 0.007615615615611041 0.009153153153147655 0.010006006005999997 0.01291891891891116 0.017603603603593032 0.021147147147134445 0.020012012011999994 0.0127687687687611 0.00993993993993397 0.00790990990990516 0.007387387387382951 0.006114114114110442 0.006366366366362543 0.00595795795795438 0.008480480480475387 0.01409609609608763 0.032504504504484985 0.04176576576574068 0.6403183183179337
0.01084307692307025 0.009446153846148032 0.0066153846153805445 0.00439384615384345 0.003956923076920642 0.004178461538458967 0.004190769230766652 0.0062646153846115295 0.00761846153845685 0.010510769230762763 0.012781538461530595 0.02051692307691045 0.028190769230751884 0.05061538461535347 0.013895384615376065 0.021095384615371634 0.009298461538455816 0.028923076923059125 0.00715076923076483 0.01840615384614252 0.0080615384615335 0.0218892307692173 0.012898461538453601 0.01921846153844971 0.3256984615382611 0.33334153846133335
0.043579603909394964 0.03907857510281784 0.014017489711911623 0.00935570987652817 0.006928369341552648 0.006430041152253038 0.005369084362131286 0.006413966049372406 0.006060313785998488 0.007490997942374789 0.00805362654319693 0.010223765432082331 0.010545267489694983 0.011799125514384326 0.006542566872417466 0.007378472222210361 0.00514403292180243 0.006655092592581895 0.004661779835383453 0.006928369341552648 0.006204989711924182 0.00848765432097401 0.012876157407386709 0.031587577160443046 0.0413773148147483 0.6768100565832742
0.04442211055268941 0.037671691792231704 0.012763819095456007 0.006415410385248886 0.005410385259622428 0.0038693467336618605 0.003601340033494805 0.003618090452255246 0.00420435510887068 0.004405360133995971 0.0052763819095389 0.0069849246231038775 0.008542713567824886 0.011658291457266904 0.007252931323270933 0.008911222780554588 0.005159128978215814 0.007855946398646807 0.004154103852589357 0.005075376884413609 0.004304857621433325 0.00753768844219843 0.011892797319913077 0.02998324958118931 0.035209380234446884 0.7138190954761913
0.028114186851166036 0.027361271305864153 0.009964116365484487 0.006471869793658734 0.004677688068684035 0.004100986799942168 0.003924772523382153 0.00716070742021152 0.007176726899898794 0.008298090478007981 0.008474304754567995 0.014850057670103086 0.015570934256030419 0.03843073176977055 0.012495194156073794 0.019303473023165284 0.009083044982684411 0.02308407022936197 0.009595668332677183 0.016227732923208657 0.009515570934240812 0.018598615916925222 0.014337434320110315 0.02218697936687462 0.1309111880044039 0.5300845828518997
0.0391311612363917 0.0310442773600409 0.013943191311600716 0.010233918128646421 0.007986633249784473 0.007736006683368641 0.007518796992474922 0.008078529657470277 0.008788638262315131 0.010618212197150695 0.012088554720123568 0.016541353383444826 0.019924812030058543 0.01776106934000187 0.011737677527141405 0.01052631578946489 0.007134502923970647 0.007527151211355449 0.005321637426896139 0.005939849624055188 0.005647451963236719 0.007685881370085476 0.011487050960725574 0.030551378446089766 0.03715956558058717 0.6478863826226835
0.041154043316607145 0.03900743303851242 0.014529668076357603 0.01044470075610271 0.007208765859273342 0.006055363321789607 0.005254389337425903 0.006247597078036897 0.008362168396757077 0.009131103421746233 0.012399077277950149 0.013808791490430268 0.013840830449804817 0.01353646033574661 0.0075772138920806465 0.007352941176458809 0.005446623093673192 0.0060713828014768816 0.005030116621804065 0.006135460720225978 0.006167499679600526 0.008522363193629819 0.013472382416997513 0.030741381519878985 0.03591567345886852 0.6665865692671623
0.043354666666643546 0.03543466666664777 0.012165333333326846 0.007258666666662796 0.004773333333330788 0.004079999999997824 0.0035946666666647493 0.004282666666664383 0.004399999999997653 0.005605333333330344 0.005519999999997056 0.008213333333328953 0.008597333333328749 0.010645333333327655 0.0061706666666633755 0.007013333333329593 0.004522666666664255 0.0064053333333299175 0.004085333333331154 0.005311999999997167 0.004863999999997406 0.007354666666662744 0.011370666666660601 0.03502399999998132 0.045434666666642434 0.7045173333329576
0.03340740740735791 0.03296296296291413 0.015940740740717125 0.010266666666651457 0.008859259259246135 0.008414814814802348 0.008385185185172762 0.009111111111097614 0.009111111111097614 0.010755555555539621 0.012592592592573938 0.017644444444418303 0.02108148148145025 0.02062222222219167 0.013199999999980444 0.01260740740738873 0.006992592592582233 0.010459259259243764 0.006266666666657383 0.008118518518506491 0.007466666666655605 0.010474074074058556 0.012844444444425415 0.028651851851809403 0.04170370370364192 0.6220592592583377
0.0039216867469855895 0.002879518072287422 0.002120481927709566 0.0019819277108421795 0.0018132530120471004 0.002265060240962491 0.0025180722891551097 0.004078313253009592 0.004759036144575447 0.0069036144578271666 0.00874698795180196 0.013831325301196486 0.01713253012047161 0.04808433734936862 0.010265060240957672 0.019753012048180873 0.007018072289152398 0.029807228915644694 0.005975903614454232 0.017837349397579617 0.00548795180722561 0.019602409638542408 0.008265060240958877 0.010753012048186293 0.5985602409634948 0.14563855421677974
0.03807106598978656 0.0275011244618205 0.017316712716029498 0.013991518344769659 0.01315620381672371 0.014473430572488477 0.014794705390967689 0.016176187110428297 0.016979374156626325 0.018135963503151487 0.02181456017473846 0.02713165842056941 0.029942813082262508 0.030890573796776184 0.016882991711082564 0.014698322945423925 0.010184411745791003 0.009365160958669015 0.007630276938881272 0.00954186210883258 0.010200475486714964 0.01206386943389439 0.015212362654990663 0.022906894557567777 0.03381417464493701 0.5371233052744697
0.03822222222216914 0.03697222222217087 0.01143055555553968 0.0061666666666581015 0.005472222222214622 0.004888888888882099 0.004180555555549749 0.0053055555555481864 0.004958333333326447 0.006902777777768191 0.0072638888888788 0.010791666666651678 0.013291666666648206 0.018111111111085956 0.005055555555548534 0.007861111111100192 0.0030972222222179204 0.009944444444430633 0.0028611111111071373 0.006180555555546971 0.00345833333332853 0.007624999999989409 0.010819444444429418 0.03291666666662095 0.036249999999949656 0.69997222222125
0.03339733333331552 0.029850666666650746 0.01678399999999105 0.01133866666666062 0.008522666666662121 0.00817599999999564 0.007983999999995741 0.009450666666661627 0.010666666666660978 0.0146239999999922 0.019055999999989838 0.03331733333331557 0.04258666666664395 0.03411199999998181 0.01733866666665742 0.014031999999992516 0.010303999999994505 0.010490666666661071 0.00916799999999511 0.009770666666661456 0.009546666666661575 0.011141333333327392 0.013375999999992866 0.026639999999985793 0.031722666666649746 0.5566026666663698
0.042359307359261515 0.035670995670957065 0.015248917748901246 0.009686147186136702 0.007716450216441865 0.006114718614711997 0.006277056277049484 0.006331168831161979 0.007012987012979423 0.007597402597394375 0.009448051948041722 0.010151515151504165 0.012121212121199003 0.012932900432886436 0.00958874458873421 0.008463203463194303 0.0068831168831094336 0.007597402597394375 0.005443722943717052 0.007380952380944393 0.006893939393931933 0.009220779220769242 0.014188311688296333 0.029978354978322533 0.03652597402593449 0.6691666666659425
0.05708079621118018 0.0434248477726352 0.010237510237501125 0.00502083110778316 0.0031958836306633944 0.0023768828116633046 0.002421393725739396 0.0024391980913698328 0.002608339564858982 0.0029377203290220618 0.0036855036855004044 0.004353167396641783 0.005643983904848445 0.00627603888472895 0.0034273403838590718 0.004397678310717874 0.002830894135239441 0.003908058255880864 0.0033739272869677617 0.003979275718402611 0.003409536018228635 0.005278994409424493 0.009917031656153262 0.03430011038703638 0.04172453085492849 0.7317505252281347
0.042820069204083655 0.03431372549014111 0.014417531718546685 0.00802575932332432 0.004373317954625828 0.004181084198378538 0.0043412789952512795 0.0068563373061533124 0.006696142509280571 0.008634499551440737 0.010829168268597287 0.022010765090314605 0.024621940279340282 0.058439061899175894 0.0199122132512817 0.01646802511851777 0.005927207484291415 0.010044213763920857 0.003604382929636671 0.0043412789952512795 0.004229142637440361 0.007240804818647891 0.009723824170175374 0.029539920543333428 0.03274381648078825 0.6056644880164589
0.013488775411867732 0.014355910974059229 0.008655297555948462 0.007033432893331032 0.00565243922021124 0.005026174647517381 0.004945884317684835 0.0069531425634984855 0.007097665157197068 0.011256704242522952 0.014018691588762535 0.01934996948964359 0.024841828050189738 0.05554485017815534 0.015415743327848836 0.023043324661940708 0.009056749205111191 0.032389119054449064 0.009361852458474866 0.022128014901849683 0.01087131065932673 0.02643157658087415 0.018065324212322854 0.024360086071194463 0.22142467161219542 0.3892314609622166
0.04282496782489893 0.03516731016725359 0.016956241956214677 0.010279922779906242 0.007255469755458083 0.005920205920196396 0.00620978120977122 0.006161518661508749 0.005871943371933926 0.008059845559832593 0.009555984555969182 0.011438223938205537 0.011132561132543222 0.013803088803066597 0.00934684684683181 0.008381595881582398 0.005646718146709063 0.007207207207195612 0.005035392535384434 0.007158944658933142 0.007850707850695221 0.01167953667951789 0.016087516087490206 0.028635778635732568 0.03944658944652599 0.6628861003850339
0.008496583143504101 0.007125284738037756 0.003416856492025778 0.0027334851936206225 0.0024236902050102853 0.0025876993166275225 0.0030250569476068224 0.004437357630977477 0.0053758542141205574 0.007840546697035152 0.008892938496579092 0.015726651480630648 0.018742596810925403 0.05074715261956686 0.013189066059219504 0.021895216400901186 0.007111617312069653 0.02761275626422432 0.005462414578585211 0.017129840546689236 0.005890660592252441 0.019767653758533135 0.009758542141225622 0.015266514806371177 0.46732574031869367 0.24801822323451114
0.04674474474471667 0.037117117117094825 0.013807807807799515 0.007357357357352938 0.004516516516513804 0.003627627627625449 0.0030870870870852328 0.003267267267265305 0.003585585585583432 0.004948948948945976 0.006828828828824727 0.007759759759755099 0.008930930930925568 0.009879879879873946 0.006348348348344536 0.007531531531527008 0.004942942942939974 0.005831831831828329 0.00458258258257983 0.005273273273270106 0.005561561561558221 0.00810810810810324 0.013507507507499395 0.033333333333313314 0.038792792792769495 0.7047267267263034
0.0348668981480921 0.023453575102842957 0.010625643004098146 0.007876800411509972 0.006558641975298099 0.005578060699579511 0.006221064814804814 0.011188271604920285 0.01109182098763649 0.0159304269547069 0.018631044238653176 0.040284207818865284 0.046698173868237686 0.08378343621385709 0.036201131687184605 0.03575102880652689 0.014258616255121112 0.014322916666643643 0.006333590534969243 0.007796424897106809 0.006140689300401651 0.008069701646077563 0.00885738168722856 0.020511831275687193 0.023855452674858772 0.49511316872348393
0.043096257576576154 0.03782461213366078 0.01147194572651311 0.0053995440137878 0.003397653339262972 0.0028304509814809373 0.0032641939609613165 0.0037535450147340526 0.00460990935883634 0.005849969415555886 0.007690596674632881 0.012539620752926353 0.01496413279207309 0.01747205694265836 0.01067118945670318 0.008819440582767714 0.004910192960015064 0.005827726185838943 0.0032530723461028452 0.004621030973694811 0.004209531223931374 0.007128955124280082 0.011444141689366933 0.03226936551185438 0.041617082800399476 0.6910637824608291
0.04415830761309774 0.038789223250966454 0.013888888888866562 0.008246527777764521 0.00588348765431153 0.0051118827160411655 0.004902906378592941 0.005658436213982674 0.006028163580237223 0.007282021604926566 0.008198302469122624 0.011284722222204082 0.015126671810675271 0.015898276748945638 0.010304140946485494 0.01096322016459143 0.006896219135791384 0.00811792695471946 0.007507073045255422 0.00823045267488389 0.008198302469122624 0.01096322016459143 0.01517489711931717 0.02789030349789755 0.03885352366248898 0.6564429012335127
0.038346045764691535 0.0307988759533829 0.015543958249673955 0.00973103171415539 0.007659574468072807 0.006005620232828574 0.007627458851854472 0.00876756322760535 0.010228823765539576 0.012990766760316354 0.01676435166597067 0.024696908871899324 0.03055800883174539 0.029016459253265327 0.0158651144118573 0.012380570052167996 0.008494580489749506 0.009441991168190379 0.0076114010437453045 0.008510638297858674 0.009265355278989537 0.011690084303473802 0.014933761541525597 0.025564030509794358 0.033384183058958836 0.5941228422310812
0.04540799999997578 0.040634666666644996 0.010527999999994386 0.0047253333333308134 0.0033226666666648945 0.0025813333333319565 0.002421333333332042 0.0023413333333320847 0.0029546666666650906 0.003589333333331419 0.003914666666664579 0.004751999999997466 0.005653333333330318 0.006735999999996407 0.004922666666664041 0.005642666666663658 0.0037493333333313335 0.0049386666666640325 0.003909333333331248 0.0048959999999973886 0.0051733333333305745 0.006810666666663035 0.011690666666660432 0.0348639999999814 0.04167466666664444 0.7321653333329429
0.03961158192087598 0.03572740112991827 0.011271186440670006 0.006475988700560398 0.005557909604515849 0.006052259887001375 0.005833333333329214 0.00687146892654882 0.007761299435022767 0.008389830508468652 0.01059322033897557 0.012994350282476698 0.014286723163831718 0.015586158192079388 0.010261299435021002 0.009774011299428126 0.007683615819203613 0.007740112994344816 0.006370056497170643 0.007153954802254834 0.007238700564966639 0.008877118644061528 0.01097457627117869 0.030169491525402423 0.03494350282483408 0.6718008474571526
0.034282666666648386 0.029935999999984034 0.012517333333326658 0.008666666666662045 0.006725333333329747 0.005685333333330301 0.0055946666666636825 0.006618666666663137 0.007877333333329132 0.010677333333327639 0.012351999999993412 0.020138666666655924 0.02911999999998447 0.02943466666665097 0.014469333333325616 0.013839999999992619 0.008693333333328697 0.010821333333327562 0.006154666666663384 0.007354666666662744 0.005578666666663692 0.008581333333328757 0.012047999999993574 0.030895999999983523 0.03819733333331296 0.623738666666334
0.04183236994217235 0.036560693641597364 0.015104046242765836 0.007393063583810755 0.005092485549130004 0.004260115606933954 0.00408092485548897 0.00452023121387022 0.005063583815025975 0.006184971098262321 0.006849710982655 0.008849710982653844 0.009849710982653265 0.009682080924849895 0.00636994219652811 0.006664739884389211 0.005023121387280334 0.0054739884393031945 0.004369942196529266 0.004878612716760186 0.005393063583811911 0.008959537572249156 0.014572254335251692 0.030341040462410207 0.038398843930613644 0.7042312138724253
0.0340480480480276 0.02939339339337574 0.013903903903895553 0.010276276276270105 0.007675675675671066 0.006426426426422566 0.006078078078074428 0.007891891891887153 0.008552552552547416 0.010852852852846335 0.012726726726719083 0.020798798798786308 0.027879879879863134 0.028558558558541405 0.015237237237228085 0.013009009009001196 0.007657657657653059 0.010780780780774307 0.006558558558554619 0.008372372372367345 0.008360360360355338 0.014078078078069623 0.01567567567566626 0.03505105105103 0.07195195195190873 0.568204204203863
0.03876296296293425 0.03574074074071427 0.011037037037028862 0.005318518518514579 0.0036740740740713526 0.003503703703701108 0.004148148148145075 0.004837037037033454 0.004918518518514875 0.00597777777777335 0.007377777777772313 0.009029629629622941 0.011044444444436263 0.0119555555555467 0.006377777777773054 0.005511111111107029 0.004599999999996593 0.005466666666662617 0.004296296296293114 0.004533333333329975 0.00505185185184811 0.007118518518513245 0.01165185185184322 0.029488888888867044 0.03506666666664069 0.7235111111105752
0.027169037549616862 0.021305907984074546 0.014978213507601278 0.015506856337281322 0.015667051134154064 0.012575291554510164 0.014145200563863024 0.017108804306008734 0.01980007689347078 0.027024862232431397 0.0326476996026646 0.05302447776487725 0.06734589260530029 0.06298859413036174 0.03333653722921739 0.02598359605275858 0.017028706907572362 0.015474817377906775 0.01166218121233554 0.013087914904502935 0.014097142124801202 0.014385492759172136 0.014193259002924848 0.018470460079427032 0.02707292067149322 0.39391900551007
0.030538666666658523 0.025882666666659764 0.00895999999999761 0.005957333333331745 0.005591999999998509 0.005551999999998519 0.005773333333331794 0.007637333333331297 0.008231999999997805 0.011045333333330389 0.01291733333332989 0.019778666666661393 0.022266666666660728 0.03108799999999171 0.016303999999995652 0.01700266666666213 0.010541333333330523 0.014493333333329469 0.009141333333330896 0.01331199999999645 0.010869333333330435 0.017039999999995455 0.019575999999994778 0.03179733333332485 0.06731999999998205 0.571381333333181
0.04296482412053105 0.037169179229418474 0.011105527638172352 0.006381909547728003 0.004891122278048759 0.003634840871015687 0.003567839195973923 0.004271356783912443 0.005460636515903751 0.006046901172519184 0.007621440536000634 0.013366834170831881 0.017437185929619032 0.01757118927970256 0.009731993299816194 0.00984924623113928 0.006348408710207121 0.008542713567824886 0.005594639865987279 0.006566164154092854 0.0062479061976444756 0.008760469011710618 0.011005025125609707 0.029112227805646377 0.036549413735282164 0.6802010050239863
0.04186307519634141 0.037421837421777425 0.01412538079202481 0.00869007535672809 0.007808241141561955 0.007583774250428757 0.006301106301096198 0.006990540323862449 0.007663940997262043 0.00873817540482806 0.011239377906026552 0.014959114959090974 0.023440756774052524 0.020346320346287725 0.01423761423759141 0.012538079204725768 0.009571909571894225 0.0105499438832603 0.00836940836939495 0.008497675164328207 0.009042809042794545 0.01199294532625943 0.013051146384458793 0.0257976591309511 0.030479397146014945 0.628699695365354
0.040449077786623176 0.03711307137123158 0.01379310344825374 0.010809943865259327 0.007121090617470536 0.006575781876493062 0.00609462710504235 0.005741780272645162 0.005404971932629663 0.007473937449867724 0.00769847634321139 0.009671210906159309 0.011146752205274824 0.014306335204467833 0.008356054530860696 0.008436246992769148 0.0048436246992704995 0.005805934242171923 0.003464314354445125 0.004923817161178952 0.004651162790690214 0.007522052927012795 0.011820368885305821 0.03076182838808218 0.040272654370424585 0.6857417802715545
0.044177777777712327 0.039288888888830684 0.01219259259257453 0.006237037037027797 0.0042666666666603455 0.003999999999994074 0.004148148148142003 0.004222222222215967 0.004503703703697032 0.004148148148142003 0.00527407407406626 0.00465185185184496 0.005599999999991704 0.007140740740730162 0.006192592592583418 0.007614814814803534 0.004799999999992889 0.006577777777768033 0.005214814814807089 0.006711111111101169 0.006533333333323654 0.00884444444443134 0.01348148148146151 0.03130370370365733 0.03767407407401826 0.7151999999989405
0.0438625525946581 0.03844319775594995 0.010356241234218693 0.005363253856940992 0.0036297335203355876 0.0028302945301534837 0.002748948106591094 0.0031220196353427426 0.0035736325385684227 0.004667601683028144 0.006479663394107579 0.009242636746140466 0.011840112201960212 0.010855539971946463 0.006437587657782205 0.005711079943897416 0.003601683029452005 0.003929873772789922 0.0030883590462824437 0.0036072931276287215 0.003632538569423946 0.0056718092566604 0.01045722300139959 0.03575035063112602 0.0440308555399596 0.7170659186533753
0.03574999999994041 0.03056666666661572 0.013216666666644639 0.008149999999986416 0.004883333333325194 0.003966666666660056 0.004433333333325944 0.0062333333333229445 0.006583333333322361 0.009399999999984332 0.010633333333315611 0.015499999999974166 0.017016666666638307 0.030383333333282695 0.010433333333315944 0.014633333333308945 0.006416666666655972 0.016133333333306445 0.005683333333323861 0.01201666666664664 0.006933333333321778 0.014516666666642471 0.013733333333310444 0.027666666666620557 0.04543333333325761 0.6296833333322839
0.03134399999998328 0.02976533333331746 0.014490666666658937 0.010511999999994394 0.008469333333328817 0.007109333333329542 0.007829333333329158 0.009450666666661627 0.010986666666660807 0.013141333333326325 0.01658666666665782 0.022645333333321256 0.02705599999998557 0.022207999999988157 0.015562666666658367 0.013450666666659493 0.00928533333332838 0.008874666666661934 0.007327999999996092 0.008037333333329047 0.008255999999995597 0.01035733333332781 0.013919999999992575 0.02632533333331929 0.03359466666664875 0.6134133333330062
0.043893939393872886 0.04033333333327222 0.008666666666653534 0.003954545454539463 0.002075757575754431 0.002030303030299954 0.0021969696969663683 0.0031666666666618688 0.00248484848484472 0.003818181818176033 0.004378787878781244 0.0062121212121118 0.007469696969685652 0.017924242424215267 0.004393939393932737 0.007848484848472956 0.0026666666666626264 0.004545454545447658 0.003060606060601423 0.004318181818175276 0.003803030303024541 0.00634848484847523 0.010045454545439324 0.034484848484796236 0.03906060606054688 0.7308181818170745
0.037358720780828795 0.02960441818644104 0.011767916773677485 0.007802465964539233 0.007465322373478896 0.006502054970449361 0.0065502183406008375 0.007031852042115605 0.008958386848174675 0.012089005908020664 0.016054456717158917 0.02310236321599168 0.023921140508566783 0.03708579501663709 0.01835024402771264 0.01851078859488423 0.010451451322870455 0.01260274852296975 0.007625866940650485 0.009086822501911946 0.00916709478549774 0.012265604931909412 0.01391921397377678 0.025992165425080285 0.03784035448234357 0.5888935268421062
0.03717514124291685 0.025920903954787616 0.01553672316383303 0.01379661016948373 0.013135593220331561 0.013570621468918886 0.014197740112986329 0.01492090395479383 0.016124293785301624 0.018576271186430182 0.021384180790948372 0.025056497175127087 0.027423728813543827 0.026225988700550155 0.019045197740102233 0.016785310734453794 0.012310734463269881 0.012694915254230115 0.010536723163835854 0.011372881355925778 0.011706214689258924 0.012327683615812244 0.013723163841800156 0.024163841807895953 0.03383050847455716 0.5384576271183399
0.010016759776530717 0.009340782122899809 0.003519553072623732 0.002586592178769505 0.0020837988826804 0.0021843575418982212 0.0018659217877084549 0.0034189944134059114 0.004145251396645729 0.007329608938543391 0.009351955307257345 0.017927374301665962 0.027625698324006912 0.06565921787705829 0.015586592178762243 0.024581005586578445 0.008754189944129187 0.03587150837986823 0.008910614525134686 0.02338547486032213 0.00867039106144767 0.02438547486032157 0.01196648044692069 0.01950279329607849 0.36458659217856726 0.28674301675961633
0.04183132530117962 0.03724698795178479 0.012108433734932464 0.006108433734936079 0.004608433734936983 0.004036144578310821 0.004349397590358826 0.0049518072289126795 0.005259036144575145 0.0060662650602373094 0.007777108433730254 0.010957831325294603 0.01262048192770324 0.011969879518065078 0.00750602409638102 0.007325301204814864 0.005018072289153603 0.005216867469876376 0.0035662650602388156 0.004939759036141603 0.005355421686743762 0.007566265060236406 0.01286746987951032 0.03671084337347186 0.043969879518045804 0.6900662650598253
0.007351351351346936 0.006402402402398557 0.002636636636635053 0.0016636636636626644 0.0013153153153145254 0.0014114114114105636 0.0013333333333325325 0.0027147147147130843 0.0029849849849831922 0.0054114114114081615 0.005135135135132051 0.008024024024019204 0.010546546546540213 0.04183783783781271 0.0064444444444405734 0.01772972972971908 0.006150150150146456 0.027579579579563016 0.00458258258257983 0.016858858858848733 0.005747747747744295 0.019909909909897952 0.010762762762756298 0.021255255255242488 0.5181141141138029 0.2460960960959483
0.042427710843347934 0.037548192771061716 0.012114457831318003 0.00672289156626101 0.004753012048189908 0.0036325301204797396 0.0035783132530098926 0.00395783132529882 0.004186746987949285 0.005469879518068994 0.007499999999995482 0.009638554216861663 0.01146385542167984 0.010584337349391215 0.007415662650597943 0.0070120481927668605 0.005421686746984686 0.0051686746987920675 0.0038192771084314342 0.0044638554216840575 0.004283132530117902 0.006999999999995783 0.01113855421686076 0.032265060240944415 0.03792771084335064 0.7105060240959575
0.036311111111057316 0.031762962962915905 0.013659259259239023 0.008148148148136077 0.006059259259250283 0.005437037037028982 0.00444444444443786 0.00506666666665916 0.0042518518518455525 0.005807407407398804 0.006414814814805311 0.008103703703691699 0.009851851851837257 0.024770370370333673 0.005377777777769811 0.010799999999984 0.0035555555555502882 0.01628148148145736 0.00444444444443786 0.01106666666665027 0.006207407407398211 0.016162962962939016 0.01499259259257038 0.03558518518513246 0.04565925925919161 0.6597777777768004
0.028941666666642548 0.028008333333309994 0.014508333333321242 0.009799999999991833 0.008508333333326243 0.00906666666665911 0.010966666666657528 0.012466666666656278 0.013283333333322263 0.016674999999986104 0.019516666666650404 0.0281999999999765 0.03551666666663707 0.02679166666664434 0.015933333333320056 0.013824999999988478 0.011458333333323785 0.011749999999990208 0.008866666666659277 0.00876666666665936 0.008649999999992792 0.010774999999991021 0.013633333333321972 0.025583333333312013 0.031133333333307388 0.5773749999995188
0.02980266666665077 0.02486399999998674 0.010202666666661225 0.006378666666663264 0.005258666666663862 0.0045973333333308814 0.0045973333333308814 0.005733333333330276 0.006575999999996493 0.009615999999994872 0.011439999999993898 0.021087999999988755 0.01921599999998975 0.03190399999998299 0.015658666666658317 0.020277333333322517 0.011322666666660628 0.01582933333332489 0.0072533333333294646 0.012805333333326504 0.007701333333329226 0.017146666666657522 0.02257599999998796 0.03874133333331267 0.0846826666666215 0.5547306666663708
0.04059199999998918 0.03478133333332406 0.010946666666663748 0.006146666666665027 0.004429333333332152 0.0035733333333323805 0.0032933333333324552 0.003906666666665625 0.004255999999998865 0.005351999999998573 0.005858666666665104 0.009077333333330913 0.009525333333330794 0.014797333333329388 0.006431999999998285 0.008522666666664394 0.005519999999998528 0.008629333333331032 0.004909333333332024 0.008151999999997826 0.006773333333331527 0.011922666666663487 0.015010666666662663 0.035482666666657205 0.0606186666666505 0.6714906666664876
0.02581661522629595 0.02162101337445084 0.0115901491769361 0.00755529835389732 0.006076388888879121 0.00588348765431153 0.005996013374475958 0.010384516460888657 0.009757587448543985 0.01331018518516379 0.019000771604907728 0.05325681584353579 0.08838091563771801 0.13257137345657702 0.03313078703698378 0.01808449074071167 0.006365740740730507 0.005288708847728123 0.0033596965020522124 0.004034850823038782 0.003536522633739171 0.005401234567892552 0.008600180041138439 0.019595550411491133 0.02433770576127775 0.45706340020502656
0.04811286794225894 0.030446099742453932 0.015437654030393877 0.012897017694450131 0.010446376651060251 0.010155622628963147 0.009622573588451788 0.009947941184608072 0.010086395480844789 0.010834048680523057 0.012696258964906892 0.014786918838081309 0.018158280951445352 0.01993741865808716 0.013900811342166324 0.0123501232243151 0.010024091047538266 0.010224849777081504 0.00904106554425758 0.009629496303263624 0.008501093788934386 0.009705646166193817 0.013734666186682265 0.02665937474037974 0.040241741201201615 0.6024215656407648
0.04083076131680679 0.03227880658431025 0.017682613168695856 0.011943801440310018 0.009452160493811966 0.008712705761302867 0.008696630658422234 0.00786072530862934 0.009452160493811966 0.009982638888872842 0.013020833333312403 0.01673418209873853 0.019048996913549627 0.018373842592563056 0.013760288065821502 0.01176697530862306 0.008760931069944765 0.009548611111095761 0.0077321244855842785 0.007892875514390604 0.007892875514390604 0.01139724794236851 0.01517489711931717 0.026250643004073027 0.032873585390893655 0.6228780864187518
0.0406378600822392 0.034095293209821735 0.011686599794219897 0.00879308127570603 0.006606867283939996 0.006462191358014303 0.00631751543208861 0.006430041152253038 0.007442772633732892 0.008471579218093378 0.010352366255127391 0.013840663580224665 0.02033500514400023 0.015190972222197802 0.008551954732496541 0.007748199588464911 0.005224408436205593 0.005626286008221408 0.00520833333332496 0.0060924639917597535 0.005835262345669632 0.007764274691345543 0.011059670781875225 0.02842078189295843 0.035284850822988545 0.6765207047314228
0.038904435652419016 0.029737206085705976 0.014008170092293082 0.012448132780062968 0.01133841551672402 0.010550355431164478 0.010067869664495372 0.011467078387835783 0.013204027147844568 0.015600373122301135 0.015021390202298207 0.016919167551196695 0.01860786773453857 0.023062819646783327 0.015809450287857747 0.015005307343409236 0.010405609701163747 0.011531409823391663 0.008974235260045395 0.009842709640049787 0.008797323812266722 0.009697963910049056 0.01202997844894974 0.02592556852902003 0.030814757631266985 0.6002283765952584
0.04482222222217242 0.03811111111106877 0.014288888888873013 0.0090111111111011 0.005477777777771691 0.005477777777771691 0.00585555555554905 0.006344444444437395 0.006555555555548272 0.007255555555547494 0.008199999999990888 0.010311111111099655 0.01106666666665437 0.011911111111097876 0.007955555555546716 0.008322222222212976 0.007199999999992 0.008122222222213198 0.006044444444437728 0.006799999999992444 0.0074333333333250744 0.008688888888879235 0.011611111111098209 0.03169999999996478 0.036099999999959886 0.6753333333325829
0.03570658682632592 0.03161676646704693 0.009838323353287522 0.004664670658679842 0.003335329341315368 0.0034071856287404747 0.002580838323351748 0.004131736526943633 0.003928143712572498 0.00555089820358949 0.005796407185625271 0.01115568862274781 0.01713173652693585 0.01861077844310263 0.0077485029940073365 0.009766467065862415 0.005628742514966689 0.009137724550892732 0.005221556886224418 0.007485029940115278 0.006994011976043716 0.011706586826340296 0.015916167664661127 0.03446107784429074 0.04933532934128782 0.6791437125744436
0.03764625850335014 0.03481632653056488 0.013346938775492045 0.007278911564615947 0.005918367346930724 0.005020408163258476 0.0045034013605380905 0.005020408163258476 0.0053197278911492245 0.006829931972779823 0.007999999999989115 0.009836734693864167 0.011224489795903096 0.015442176870727289 0.0067755102040724146 0.008680272108831728 0.004204081632647342 0.008979591836722476 0.004312925170062159 0.006421768707474256 0.005401360544210338 0.00906122448978359 0.011972789115629968 0.03076190476186291 0.0370884353740992 0.6961360544208216
0.04586377034466573 0.03461809560419932 0.01611559656539774 0.01052479815453908 0.008474304754567995 0.007769447648327935 0.0075772138920806465 0.008586441112378914 0.01036460335766634 0.012351018838888327 0.016804434191950525 0.02370882993716566 0.030308855568322586 0.026368063565253157 0.017044726387259637 0.012927720107630193 0.010733051390473643 0.009563629373302634 0.007913622965513402 0.008442265795193447 0.0077854671280152095 0.010396642317040888 0.01283160322950655 0.025599128540264002 0.03303216711515918 0.5842945021136353
0.03824999999996812 0.03287499999997261 0.012099999999989917 0.007941666666660048 0.006308333333328076 0.005733333333328556 0.005366666666662194 0.006558333333327868 0.008233333333326473 0.011383333333323847 0.013524999999988728 0.017316666666652235 0.0196416666666503 0.01834999999998471 0.01269166666665609 0.009424999999992146 0.007524999999993729 0.008024999999993312 0.005816666666661819 0.0063916666666613406 0.005558333333328701 0.007941666666660048 0.010949999999990875 0.02625833333331145 0.031716666666640234 0.6641166666661132
0.04326126126123528 0.03603603603601439 0.014102102102093632 0.007873873873869145 0.005213213213210082 0.004426426426423768 0.004600600600597838 0.005171171171168065 0.0062102102102064806 0.00756156156155702 0.009885885885879948 0.012702702702695074 0.015885885885876343 0.013915915915907557 0.010348348348342133 0.009405405405399756 0.006180180180176469 0.006924924924920766 0.005237237237234091 0.005939939939936373 0.006492492492488593 0.009909909909903957 0.01580180180179231 0.03049249249247418 0.037093093093070816 0.6693273273269253
0.0069515151515109385 0.006212121212117447 0.003763636363634083 0.0033575757575737227 0.0026666666666650507 0.0028545454545437247 0.002781818181816496 0.0047818181818152835 0.005624242424239015 0.008824242424237076 0.010109090909084783 0.016393939393929458 0.02129696969695679 0.05522424242420895 0.011872727272720077 0.022969696969683047 0.008145454545449609 0.03526060606058469 0.0076424242424196105 0.02223636363635016 0.008036363636358766 0.02495151515150003 0.01163030303029598 0.01729090909089861 0.43393939393913095 0.2451818181816696
0.04147443291035263 0.03919966679475971 0.018102012046619726 0.010172369601419049 0.006904395745215134 0.005542739971796836 0.004149045239003991 0.004901960784305872 0.006263616557724171 0.007320902217084261 0.009371395617055345 0.012735486351382904 0.012815583749819275 0.013744713571681173 0.009179161860808055 0.00857042163269164 0.006055363321789607 0.007961681404575224 0.005286428296800451 0.00645585031397146 0.008442265795193447 0.013296168140437497 0.01882288863254706 0.02821030372928968 0.03937588107131972 0.6556452646407541
0.04176744186040036 0.040527131782882905 0.012542635658895282 0.006294573643401094 0.0038139534883661797 0.003736434108521339 0.0037984496123972117 0.003922480620148957 0.004558139534876654 0.005209302325573319 0.007271317829446091 0.008248062015491088 0.009162790697660213 0.010542635658898384 0.007457364341073709 0.007751937984484106 0.005147286821697446 0.006217054263556253 0.0039999999999937984 0.006294573643401094 0.005937984496114825 0.007689922480608233 0.011193798449595048 0.028775193798405 0.03258914728677118 0.7155503875957898
0.007243243243238893 0.006528528528524607 0.00282882882882713 0.0025405405405390146 0.0018318318318307316 0.002048048048046818 0.0019639639639627846 0.0029909909909891946 0.003387387387385353 0.005399399399396157 0.0059879879879843915 0.010132132132126047 0.012432432432424966 0.045699699699672254 0.007393393393388953 0.01863063063061944 0.005693693693690274 0.029657657657639846 0.0052912912912881135 0.01807807807806722 0.005639639639636252 0.02057657657656422 0.010378378378372145 0.017015015015004797 0.5391831831828593 0.21144744744732044
0.0027966101694899452 0.002169491525422503 0.0011412429378524626 0.0013785310734455488 0.0012090395480219157 0.0016779661016939672 0.0015367231638409398 0.0025762711864392223 0.003271186440676118 0.005248587570618504 0.005870056497171825 0.009045197740107884 0.011700564971744801 0.04316384180788522 0.008581920903949953 0.01784180790959444 0.006435028248583935 0.027050847457611837 0.005005649717511296 0.016338983050838227 0.005531073446324559 0.01850282485874661 0.007237288135589132 0.009118644067791459 0.6631186440674219 0.12245197740106076
0.03935515984514948 0.03265948393514241 0.013230784052388075 0.007851763836914768 0.004800976252019459 0.005298736331660273 0.004206875511803004 0.0050739414569837766 0.005009714349933349 0.006920470784683568 0.008108672265116478 0.011817787697278669 0.013423465373539358 0.017453716340953686 0.0074342876410869885 0.010035485476629304 0.004720692368206425 0.009393214406125028 0.003837569646263046 0.006840186900870534 0.003853626423025653 0.008301353586267761 0.012315547776919481 0.03654522391169327 0.059522471458983726 0.6619887923687567
0.037399399399376934 0.0315555555555366 0.012750750750743093 0.008030030030025207 0.006732732732728689 0.0066006006005966365 0.006708708708704679 0.007741741741737092 0.00893693693693157 0.01041441441440816 0.013003003002995193 0.014618618618609839 0.014414414414405757 0.015141141141132047 0.01196996996996278 0.011303303303296515 0.008768768768763502 0.008534534534529408 0.006678678678674667 0.0070750750750708255 0.007129129129124848 0.008606606606601437 0.011597597597590633 0.026372372372356533 0.030990990990972377 0.6669249249245244
0.0438827838827303 0.039706959706911224 0.012808302808287169 0.0074603174603083515 0.005225885225878845 0.003772893772889166 0.0032600732600692795 0.004334554334549042 0.0048107448107389365 0.006129426129418645 0.007448107448098354 0.010305250305237722 0.010940170940157583 0.010659340659327644 0.00782661782660827 0.007704517704508297 0.005543345543338775 0.005628815628808756 0.004261294261289059 0.0051159951159888695 0.005921855921848691 0.009047619047608 0.013870573870556934 0.032246642246602876 0.03633699633695197 0.6957509157500662
0.039762229897919894 0.03677403807528834 0.01436259940555167 0.010924572254782031 0.010073098240806372 0.007952445979583979 0.006554743352869219 0.007229496345076344 0.007566872841179907 0.008305888023121044 0.008161298096219518 0.01145473532008763 0.013189814442905953 0.011920636195659216 0.00774359386294844 0.009848180576737331 0.007502610651445895 0.008048839264184997 0.0069885131335738 0.00849867459232308 0.00849867459232308 0.011326210940619606 0.015085549040059305 0.027937986986861695 0.03589043296644567 0.6583982649198195
0.04497213622288237 0.03923219814239057 0.012260061919497052 0.005999999999996285 0.0042476780185732215 0.00373993808049304 0.0034674922600597723 0.0038637770897808894 0.0033126934984499612 0.00414241486067855 0.00437151702786107 0.006068111455104602 0.007436532507735333 0.009095975232192511 0.0046873065015450854 0.005801857585135726 0.004359133126932285 0.005510835913309281 0.004328173374610323 0.005777089783278157 0.00626625386996516 0.00982662538699082 0.01424767801856703 0.0347801857584924 0.04374613003093267 0.7084582043339267
0.04940587867414046 0.044221388367702175 0.010181363352088692 0.004127579737333254 0.0023514696685413687 0.0017010631644767348 0.0014759224515312845 0.0013696060037514887 0.0016447779862403722 0.0017260787992484515 0.0023452157598484397 0.002682926829266615 0.004383989993743349 0.005053158223886771 0.0023514696685413687 0.0033646028767958945 0.001744840525327239 0.003214509068165594 0.0019512195121939016 0.0029393370856767107 0.0028830519074403483 0.00529080675421808 0.011688555347084623 0.038649155722302285 0.04333333333330623 0.7499186991865229
0.03344470860368591 0.028207929062474768 0.019388935295220414 0.013011630148408065 0.010425367859650413 0.010120156782095161 0.009750690740844068 0.00925271477220129 0.010505686564270216 0.012786737775472616 0.01929255284967665 0.0319025894749857 0.040528818351152525 0.04639208378839814 0.025043372100454535 0.01738096767972534 0.010296857932258728 0.011405256056012007 0.007983679239208405 0.009156332326657527 0.010039838077475358 0.012449399216069445 0.013814817194606093 0.02155754031995509 0.02941270963177181 0.5364486281556633
0.010223367697576936 0.009725085910636212 0.005704467353942089 0.005721649484526251 0.005670103092773763 0.007164948453595937 0.009725085910636212 0.012989690721627166 0.012852233676953862 0.016615120274885542 0.01938144329893577 0.027955326460433066 0.02769759450167062 0.07029209621981049 0.02209621993123351 0.03403780068722674 0.015532646048083278 0.042714776632229015 0.011529209621973317 0.027371134020571525 0.010841924398606801 0.029312714776581938 0.014329896907191874 0.019587628865945724 0.1918728522333473 0.33905498281728685
0.012879999999979392 0.019215999999969254 0.005903999999990554 0.0042079999999932675 0.002959999999995264 0.0032479999999948032 0.003119999999995008 0.00945599999998487 0.010383999999983386 0.02374399999996201 0.031839999999949055 0.06561599999989501 0.0613759999999018 0.07643199999987771 0.03967999999993651 0.03539199999994337 0.013807999999977907 0.01571199999997486 0.008447999999986484 0.011967999999980852 0.008879999999985792 0.015807999999974707 0.015423999999975322 0.02636799999995781 0.1825599999997079 0.2955679999995271
