0.025610766045495628 0.02461697722562191 0.008778467908884516 0.004968944099368594 0.0032919254658316938 0.0029192546583790492 0.0037060041407790765 0.005527950310547561 0.005362318840568608 0.006252587991705481 0.006397515527937065 0.009979296066231927 0.013850931676989956 0.04414078674939101 0.007163561076589723 0.019130434782569088 0.006935817805368663 0.030020703933685257 0.00652173913042128 0.017991718426463785 0.007018633540358139 0.021801242235979706 0.013561076604526788 0.026169772256674596 0.1902898550720698 0.4879917184254907
0.026151288445541914 0.02352867830422962 0.007830423940146372 0.005423940149623681 0.004725685785534195 0.005644222776390007 0.00637988362427 0.009334995843720143 0.010178719866994939 0.013628428927675134 0.01517871986699286 0.024850374064827575 0.029114713216945504 0.03457605985035969 0.01855361596009204 0.019289276807972034 0.011870324189521251 0.016753948462170924 0.010843724023270638 0.01724854530340098 0.014559434746461115 0.025656691604311863 0.028067331670811276 0.035698254364074936 0.11004156275972152 0.4748711554445242
0.02559006211174826 0.025755693581727215 0.007639751552779214 0.00629399585920022 0.0036645962732843383 0.004120082815726459 0.002774327122147465 0.0045755693581685805 0.004409937888189628 0.007619047619031844 0.01136645962730566 0.020621118012379668 0.03865424430633819 0.06445134575556014 0.018985507246337505 0.02708074534155884 0.009917184264989819 0.03142857142850636 0.007805383022758167 0.02461697722562191 0.007867494824000273 0.0292546583850326 0.012443064182168855 0.028530020703874677 0.05623188405785459 0.5183022774316391
0.047203656998724086 0.042317150063038364 0.009918032786882119 0.004000630517022699 0.0024716267339210366 0.0017969735182844272 0.001532156368221459 0.001715006305169699 0.0018757881462793582 0.0022225725094570546 0.0031778058007556186 0.00412358133669479 0.005138713745269502 0.005665195460275642 0.0031084489281200793 0.0031368221941982543 0.0018474148802011831 0.0023108448928113776 0.0015952080706174037 0.0022320302648164464 0.0023802017654469165 0.0044262295081953255 0.009498738965949086 0.039344262295069564 0.045009457755345206 0.7519514501889181
0.03211210181371731 0.020090306355719317 0.014403292181056238 0.01357453132143197 0.010469059594564026 0.01145023624446402 0.010583371437270821 0.01203132144489023 0.01154549611338635 0.014269928364564977 0.014555707971331966 0.02110006096629601 0.027711095869505684 0.039828151196426013 0.014231824416996044 0.017975537265643597 0.01215515927448926 0.010850099070253343 0.010211857948473735 0.010221383935365968 0.013326855662233914 0.016803840877898945 0.020909541228451352 0.024100746837349394 0.038237311385423106 0.5572511812218438
0.026894409937832518 0.02244306418214815 0.010662525879895109 0.0075983436852844755 0.004658385093158057 0.004140786749473829 0.0035610766045474926 0.00795031055898975 0.007391304347810784 0.011180124223579337 0.010186335403705619 0.01399585921322154 0.015859213250484762 0.06196687370587584 0.012401656314674117 0.021159420289811263 0.008530020703916086 0.03743271221524341 0.0072256728778318305 0.018881987577600658 0.007826086956505536 0.019585921325011208 0.014658385093137353 0.03312629399579063 0.050724637681054396 0.5599585921313458
0.035341614906759126 0.0312008281572853 0.009917184264989819 0.004327122153200151 0.002608695652168512 0.0021325051759790215 0.001904761904757961 0.0038509316770106604 0.004037267080736983 0.005900621118000206 0.0063354037266949575 0.008757763975137148 0.009337474120063484 0.04055900621109615 0.006604554865410756 0.015776397515495286 0.004720496894400164 0.024989648033074557 0.0055693581780423 0.017267080745305866 0.007039337474105509 0.02372670807448504 0.017743271221495355 0.03198757763968533 0.04828157349886484 0.6300828157336851
0.04495713657678369 0.0311675703399737 0.014194387456036217 0.012145552461898069 0.01136979777256637 0.009919951641265213 0.008788833528721353 0.008815394196951128 0.009551765826493851 0.011077630422038846 0.013475417643609553 0.01746226553340989 0.02107451641265927 0.01932151230949413 0.013968163833527444 0.012245383939037567 0.010529931125438662 0.010714939917935713 0.01019746483001079 0.011120677022273309 0.011730656506446759 0.012941456623679942 0.01458730216881461 0.029462192262599884 0.0436437573270769 0.5855363423211657
0.018136645962695368 0.014844720496863676 0.002028985507242176 0.0011180124223579336 0.0009730848861263497 0.0006625258799158126 0.000869565217389504 0.0026708074534106192 0.0017598343685263772 0.0022981366459579747 0.002587991718421143 0.0046997929606527955 0.00579710144926336 0.04685300207029637 0.004057971014484352 0.017287784679053234 0.0022981366459579747 0.03049689440987475 0.0024223602484421897 0.017287784679053234 0.0030020703933685256 0.02277432712210606 0.006873706004126555 0.017929606625221677 0.45494824016468954 0.31532091097243203
0.05115830804924106 0.036044975905751904 0.01584508299124903 0.012550419418164357 0.009266464394071295 0.007553096555414045 0.00641442084597308 0.0056219882205941025 0.005818311618773579 0.005557736926644455 0.006182402284488245 0.0067856505443488185 0.007510262359447613 0.007613778333033156 0.005454220953058913 0.005718365161518572 0.004247724433337766 0.0049402106014617385 0.00471890058896851 0.005978939853647696 0.006953417811884007 0.009955381045864731 0.014153132250574994 0.03520613956807596 0.04780653221486782 0.6709441370691877
0.036390597539535066 0.0324758347978839 0.009984622144110285 0.005815026362037387 0.004338752196835602 0.0037456063268884567 0.0036028119507900695 0.004376098418276719 0.0051296133567651295 0.006775043936729619 0.00774824253075401 0.01253734622143837 0.014518892794372908 0.01833699472758824 0.009141036906852121 0.009209138840068276 0.00632029876977014 0.0075724956063252255 0.00500878734622034 0.007460456942001876 0.006518014059752522 0.01024165202108738 0.014967047451666307 0.03567003514937705 0.05749560632687665 0.6646199472757767
0.041256804733718046 0.03042603550295138 0.016021301775144138 0.013555029585795608 0.011207100591713324 0.010030769230766857 0.009121893491122102 0.009299408284021468 0.009749112426033196 0.01099171597632876 0.01410414201183098 0.018158579881652506 0.02002603550295384 0.019382248520705473 0.014577514792895959 0.012986982248517636 0.01057041420118093 0.010646153846151326 0.009886390532542038 0.01047810650887326 0.010996449704139408 0.012700591715973325 0.01451124260354686 0.028956213017744627 0.03996449704141066 0.5903952662720496
0.024575569358127172 0.02302277432707449 0.006977225672863401 0.00532091097307387 0.003643892339536969 0.004886128364379118 0.003457556935810647 0.00652173913042128 0.004679089026905427 0.007867494824000273 0.0067080745341476025 0.010724637681137216 0.011076604554842492 0.05118012422349652 0.0074741200828002605 0.02293995859208501 0.004844720496884379 0.03132505175976951 0.005734989648021252 0.018385093167663798 0.0072463768115792 0.024968944099327185 0.010248447204947726 0.025776397515474583 0.21737060041362863 0.4530434782599316
0.05022518145772176 0.032693074775239125 0.01866738942925302 0.016168403683359044 0.01194092438607592 0.008199264282230575 0.006296898598453169 0.005688346135094268 0.005952563591174463 0.0065764577132735045 0.008149830048512345 0.01232105659708162 0.016124083335887527 0.012580160166915103 0.007979367173621896 0.006745215959415049 0.005214459342898821 0.005577545266415476 0.0051684343666784 0.006671916923212156 0.008154943934759058 0.012372195459548756 0.019108888275219282 0.03453577845280487 0.048423388870129716 0.6284642317748546
0.03720496894402235 0.022857142857095534 0.015610766045516334 0.012111801242210948 0.009296066252568746 0.008737060041389778 0.008509316770168718 0.011511387163537244 0.009503105590042436 0.014057971014463648 0.013954451345726803 0.018302277432674322 0.019710144927495423 0.061697722567160045 0.01881987577635855 0.026521739130379873 0.015983436852968977 0.03706004140779077 0.01625258799168478 0.023209109730800807 0.014078674948211018 0.024202898550674527 0.017329192546547974 0.027225672877790423 0.04538302277423316 0.47086956521641643
0.013634888045848647 0.011015940537469597 0.0037699375432767527 0.001701393145819249 0.0010655156694369455 0.0008941352498009818 0.0007821120284016554 0.0008751409463652579 0.0009338506115302228 0.0012276147817122712 0.0017608582662344983 0.0044356015409559866 0.010242246438999684 0.009923012634665187 0.004417146848413323 0.004758396777184682 0.00317377542862369 0.006178328881183658 0.0024312708397726634 0.004887147936268879 0.0031871577787715866 0.008245686134676428 0.010148785832321632 0.02505294662082681 0.6074322119211636 0.2578248975602653
0.019834368529979638 0.017515527950274296 0.004244306418210674 0.0033954451345685394 0.002608695652168512 0.0032919254658316938 0.004140786749473829 0.006107660455473897 0.005527950310547561 0.007267080745326569 0.005817805383010729 0.00821946169770555 0.008178053830210811 0.0485093167700859 0.0072256728778318305 0.019337474120042778 0.006811594202884448 0.03204968944092743 0.004968944099368594 0.01906832298132698 0.0053416149068212385 0.022298136645916566 0.010766045548631954 0.020496894409895453 0.31347826086891617 0.3934989648024979
0.014939002051581282 0.010746995896833717 0.0036772787221567562 0.0032990181711603076 0.0028767951348180254 0.002448160902696142 0.0018537514654160085 0.003292606975380707 0.003260550996482703 0.004853275205157821 0.004630715123094535 0.008723805685813973 0.010787294841734065 0.0211184788980051 0.00690302608440734 0.01182682444314077 0.006847157092613676 0.016017914712776964 0.007977359320046163 0.01706385550996327 0.016953949296598683 0.03118405627197839 0.039151340855799466 0.04661763628370031 0.4213721790738184 0.2815769709847339
0.04238095238086464 0.037080745341538136 0.012153209109705687 0.006169772256716005 0.004161490683221198 0.0032505175983369556 0.002318840579705344 0.0034368530020632776 0.0026708074534106192 0.003333333333326432 0.004306418219452782 0.007267080745326569 0.00869565217389504 0.013229813664568883 0.00434782608694752 0.0044513457556843656 0.0035403726708001233 0.004761904761894903 0.0040786749482317215 0.004554865424421212 0.004430641821936997 0.00674948240164234 0.013126293995832037 0.031946169772190586 0.03679089026907496 0.7307660455471413
0.03972083333331678 0.03298333333331959 0.009774999999995928 0.0060833333333307985 0.005099999999997875 0.005174999999997844 0.0049874999999979215 0.005837499999997568 0.0055041666666643735 0.006749999999997187 0.00663333333333057 0.00987083333332922 0.009924999999995864 0.012854166666661311 0.007299999999996958 0.009237499999996152 0.006424999999997323 0.00874583333332969 0.006670833333330553 0.00899166666666292 0.007887499999996713 0.012499999999994791 0.017716666666659286 0.03933333333331694 0.05760833333330933 0.6563833333330599
0.050331249999989516 0.043370833333324296 0.010966666666664382 0.004783333333332336 0.002537499999999471 0.002008333333332915 0.0017291666666663064 0.0018229166666662868 0.0020916666666662307 0.002441666666666158 0.002774999999999422 0.004006249999999165 0.005270833333332235 0.005691666666665481 0.0032354166666659924 0.0035499999999992603 0.00254374999999947 0.003064583333332695 0.0023041666666661865 0.003058333333332696 0.0036458333333325736 0.006387499999998669 0.01324999999999724 0.03723749999999224 0.044720833333324016 0.7371749999998464
0.0015485407980931813 0.002656343061344457 0.0010005955926140557 0.0013579511614047897 0.001488981536628059 0.0019594997022025257 0.0024597974985095536 0.004121500893386467 0.004806432400235375 0.0075461584276310025 0.008451459201900862 0.013287671232868798 0.015533055390103911 0.0434187016080742 0.01027992852888012 0.0191304347825973 0.008731387730786938 0.027587849910644675 0.007045860631323975 0.017188802858834312 0.007290053603330977 0.0188385944014182 0.01103037522334066 0.017939249553294855 0.5628886241807249 0.18241215008923026
0.03489441930617524 0.029957264957257427 0.009600301659122776 0.006322272498741498 0.004856711915534224 0.004421820010054193 0.004132730015081918 0.005148315736549737 0.005299145299143967 0.006887883358469862 0.007589240824533034 0.01288084464554729 0.015015082956255652 0.020854700854695613 0.01062091503267707 0.010784313725487485 0.007197083961788035 0.009389140271490853 0.007244846656609541 0.009587732528906589 0.009160382101556269 0.014806435394666967 0.021359979889386285 0.04024886877827043 0.06918300653593032 0.6225565610858164
0.05047605994151586 0.041135782163738935 0.012196637426899472 0.005048428362572638 0.0027001096491225604 0.0016456505847951715 0.001210709064327375 0.0009448099415203816 0.0009393274853800312 0.0009914108187133598 0.0011449195906431703 0.0015835160818712004 0.002021198830409172 0.0023026315789471583 0.001178728070175331 0.0015606725146197406 0.0009374999999999144 0.00140716374268993 0.0012061403508770829 0.0018512426900583105 0.002548428362572867 0.004924159356724697 0.011602704678361515 0.041918859649118984 0.05217470760233442 0.7543485014619195
0.028343685300148358 0.023561076604506084 0.011304347826063552 0.006190476190463374 0.0055693581780423 0.004161490683221198 0.0037888198757685533 0.005403726708063346 0.004886128364379118 0.00821946169770555 0.009068322981347684 0.01401656314696891 0.01327122153206362 0.04768115942019113 0.009378881987558221 0.020372670807411238 0.006563146997916019 0.027432712215264114 0.0053416149068212385 0.01737060041404271 0.007639751552779214 0.021387163561032325 0.013623188405768896 0.024368530020653482 0.17575569358141666 0.4853002070383327
0.027302827380949843 0.024091331845235858 0.011162574404760867 0.007692522321427857 0.0066359747023803355 0.006346726190475601 0.0068601190476184105 0.008250558035713519 0.009818638392856231 0.013296130952379717 0.019385230654760104 0.0359514508928538 0.05722749255951849 0.043578869047615 0.020824962797617114 0.013798363095236814 0.009481956845237215 0.008368675595237319 0.0068945312499993595 0.006686197916666046 0.0069289434523803085 0.008484002976189687 0.012111235119046495 0.026188616071426137 0.03233165922618747 0.5703004092261375
0.03554865424423282 0.028219461697664143 0.007784679089010798 0.005134575569347547 0.0032919254658316938 0.00337474120082117 0.0029813664596211567 0.005093167701852809 0.004886128364379118 0.005652173913031776 0.005031055900610702 0.008033126293979228 0.009130434782589791 0.044161490683138384 0.00699792960661077 0.017743271221495355 0.006190476190463374 0.02824016563141151 0.005113871635600178 0.019130434782569088 0.00677018633538971 0.024472049689390325 0.012132505175958317 0.03360248447198012 0.042919254658296234 0.6283643892326535
0.006943982712764996 0.006097628546098446 0.0011995789007090538 0.0004418772163119955 0.0003088984929077586 0.00018007535460990413 0.00020777925531912015 0.0003019725177304546 0.00031582446808506266 0.0005346852836878692 0.0006538120567374981 0.0013076241134749962 0.0020362367021273774 0.014640126329785206 0.0010610593971629736 0.005367630762410604 0.000591478280141762 0.006673869680850139 0.0006288785460992037 0.005525542996453135 0.0012231272163118873 0.007029864804963565 0.005679299645389284 0.017127936613472804 0.7744860926417367 0.1394351174645197
0.031180124223537928 0.028840579710085214 0.008881987577621361 0.006149068322968635 0.0039544513457475065 0.003892339544505399 0.004761904761894903 0.006853002070379186 0.0068322981366318175 0.008778467908884516 0.008902691511368731 0.013581780538274158 0.01399585921322154 0.05366459627318082 0.010538302277410894 0.019689440993748055 0.00674948240164234 0.03223602484465375 0.007039337474105509 0.01639751552791636 0.007577639751537107 0.02078674948235862 0.013416149068295205 0.035362318840506494 0.043830227743180475 0.5861076604542731
0.03380952380945381 0.030020703933685257 0.007888198757747643 0.004927536231873856 0.0026501035196632504 0.0022981366459579747 0.002194616977221129 0.004327122153200151 0.003333333333326432 0.006252587991705481 0.005693581780526515 0.009089026915095054 0.008592132505158194 0.03989648033118034 0.005175983436842286 0.015590062111768964 0.00554865424429493 0.027826086956464127 0.004037267080736983 0.017950310558969045 0.004637681159410688 0.021118012422316524 0.010517598343663524 0.033457556935748534 0.04445134575560155 0.6487163561063174
0.022795436022810596 0.02001222493886715 0.01064384678076176 0.010126324368374032 0.009400977995106193 0.00800325998369682 0.006715566422165153 0.008533007334959848 0.008626731866337153 0.01162591687041091 0.015717196414011526 0.034747351263229524 0.05469437652809507 0.05023634881823544 0.01633659331702676 0.01295028524856848 0.007008964955172368 0.01047269763650755 0.0056234718826382955 0.008712306438464257 0.007644661776688002 0.012563162184183959 0.015660146699260122 0.032090464547664184 0.05634881825588576 0.5427098614504716
0.039937888198675074 0.03366459627322223 0.010248447204947726 0.004803312629389641 0.004161490683221198 0.0034368530020632776 0.0028571428571369417 0.003188405797094848 0.0022567287784632365 0.0039544513457475065 0.0035403726708001233 0.006915113871621294 0.006169772256716005 0.03496894409930648 0.003043478260863264 0.013706004140758373 0.0025258799171790354 0.02178053830223234 0.0025258799171790354 0.015507246376779488 0.0044513457556843656 0.023250517598295547 0.013478260869537313 0.04026915113863298 0.07008281573484455 0.6292753623175377
0.05150826079230716 0.0440468999822192 0.009077988985607008 0.0034570971753407507 0.0016770296677911967 0.001453188843488558 0.001264878308757767 0.0011867116716997026 0.00115473441108504 0.0016734766388340119 0.0018262568839929557 0.0024409308935859153 0.0031444306271084937 0.003844377331673887 0.002082074968910257 0.002703855036417586 0.0015029312488891444 0.0022810445905126022 0.0014780600461888514 0.0019506128974944215 0.0023023627642557104 0.003979392432046907 0.008829276958604075 0.04098063599216878 0.04801208029843737 0.7561414105522274
0.020065714285708552 0.017925714285709164 0.005642857142855531 0.0031142857142848245 0.0022542857142850703 0.001757142857142355 0.0015199999999995658 0.0019085714285708832 0.002165714285713667 0.0029914285714277167 0.0034514285714275852 0.0054257142857127355 0.007351428571426471 0.017102857142852257 0.004557142857141555 0.009174285714283094 0.003865714285713181 0.010371428571425608 0.0038599999999988973 0.00834285714285476 0.006851428571426614 0.017197142857137943 0.027311428571420767 0.05893999999998316 0.19412285714280167 0.5627285714284106
0.03631469979288548 0.03138716356101162 0.006066252587979159 0.0035403726708001233 0.0027329192546527267 0.00337474120082117 0.0027950310558948342 0.005859213250505467 0.005134575569347547 0.007888198757747643 0.007163561076589723 0.011469979296042505 0.011014492753600384 0.050724637681054396 0.01184265010349515 0.0195238095237691 0.008322981366442396 0.029730848861222087 0.007888198757747643 0.015631469979263703 0.005776397515515991 0.015879917184232133 0.01089026915111617 0.032774327122085355 0.047494824016464814 0.6087784679076422
0.047210693359369 0.03263982137043856 0.018287658691403925 0.011644999186196436 0.00856908162434787 0.006790161132811637 0.0059369405110669534 0.005591074625650331 0.006037394205728399 0.0069694519042959886 0.008469899495441632 0.010809580485024667 0.013135274251300413 0.012173970540363035 0.00900650024413948 0.008197784423827082 0.006805419921874134 0.007045745849608479 0.006799062093098094 0.007488250732420923 0.008159637451170838 0.01041793823242055 0.016476949055987487 0.0323816935221313 0.04162216186522908 0.6513328552245266
0.04712110726643395 0.038654844290655764 0.014504325259514943 0.006824394463667525 0.0038901384083043296 0.0029969723183389707 0.0024359861591694448 0.0023884083044981665 0.002655709342560439 0.0033032006920413796 0.004303200692041336 0.006203287197231565 0.007995242214532525 0.007051470588234989 0.0049822664359859435 0.004145328719723004 0.0031626297577853303 0.003221020761245535 0.002954584775086377 0.003693339100345861 0.004422145328719531 0.007034602076124263 0.01341219723183333 0.03828849480968692 0.046653546712800746 0.7177015570933946
0.04630252100839312 0.040274214949128646 0.0060283060592644785 0.0025165855816005047 0.0015833701901809855 0.001118973905351367 0.0010106147722244558 0.0008845643520564165 0.0011057054400705206 0.0014374170720916769 0.0020831490490928607 0.00310039805395774 0.00390756302520922 0.006291463954001262 0.002512162759840223 0.0030672268907556244 0.0019460415745241163 0.0035736399823079225 0.0021782397169389255 0.003427686864218614 0.0040888987173807855 0.008874391862005998 0.016488279522331603 0.04340336134452822 0.05880362671383043 0.7339915966384931
0.04554724178402085 0.03319028755867327 0.019567928403748693 0.013086854460089097 0.008835827464785492 0.007122946009387059 0.006194982394363925 0.0064003814553967135 0.00677083333333085 0.00695055751173454 0.008593749999996849 0.010809125586850496 0.012782423708915499 0.010721097417836443 0.00802890258215668 0.008850498826287833 0.0068478579812181455 0.008758802816898196 0.007724471830983082 0.008857834507039005 0.009496038732390882 0.014143192488257723 0.02005941901407715 0.030259683098580452 0.04724178403754136 0.633157276995073
0.04467000835420022 0.04078111946531296 0.00718880534669708 0.002769423558896086 0.0012238930659978179 0.0010526315789469286 0.0009816207184624136 0.0014494569757721597 0.001478696741854019 0.002719298245612899 0.00346700083542044 0.008011695906429401 0.011700083542183918 0.01614035087718624 0.0038972431077677954 0.0046240601503740085 0.0020008354218872177 0.0038387635756040772 0.0016583124477854393 0.0028571428571416637 0.002355889724309793 0.005697577276522265 0.010116959064323259 0.041436925647434654 0.056900584795297866 0.7209816207181616
0.037515003334057564 0.024978884196477005 0.01354078684151432 0.012327183818620881 0.012576128028445176 0.011242498332957884 0.011295843520777374 0.01363858635251672 0.015114469882189325 0.01731940431206165 0.02004445432317402 0.024112024894410264 0.02677483885306656 0.02704156479216402 0.020902422760604177 0.01955101133584372 0.01554567681706355 0.015038897532778378 0.012887308290725544 0.012985107801727945 0.010895754612131187 0.012233829739936771 0.014949988886412559 0.027752833963090574 0.06014669926647693 0.5095887975103314
0.02160156249999906 0.01928515624999916 0.007168836805555244 0.005186631944444219 0.004947916666666451 0.0057973090277775256 0.007157118055555245 0.010307725694443997 0.014814236111110468 0.023539930555554534 0.03790364583333169 0.058089843749997476 0.06621267361110823 0.05322265624999769 0.031943142361109726 0.021633680555554615 0.01463368055555492 0.011532552083332832 0.008404947916666301 0.007287326388888573 0.006140624999999733 0.006756510416666373 0.008813368055555172 0.0217491319444435 0.03412803819444296 0.49174175347220084
0.04194616977216988 0.03565217391296966 0.012173913043453055 0.006438923395431804 0.004927536231873856 0.003726708074526446 0.002587991718421143 0.0057142857142738835 0.0046997929606527955 0.006790890269137079 0.008178053830210811 0.010952380952358277 0.01306418219458993 0.013913043478232063 0.005051759834358071 0.006128364389221266 0.003209109730842217 0.002877846790884311 0.0025672877846737736 0.0039544513457475065 0.0036231884057896 0.006501035196673911 0.011801242236000412 0.03333333333326432 0.040414078674864566 0.7097722567273089
0.018939810739434886 0.014890514964787369 0.008717539612675258 0.00767495598591479 0.00783817488262839 0.009339238556337172 0.01046618251173613 0.014660357981219315 0.01721042400234584 0.02467356220657051 0.03304357394365894 0.05347252787558196 0.07262323943661307 0.07044087441313909 0.04260379988262521 0.032755648474175406 0.022646163438965063 0.019745818661970022 0.014433868838026847 0.013410541373238207 0.011080545774646872 0.01179944248826183 0.012894292840374405 0.020795737969481663 0.03511040199530195 0.39873276115019823
0.03629399585913811 0.029358178053769446 0.010289855072442464 0.009275362318821376 0.009606625258779282 0.011987577639726734 0.012028985507221472 0.013788819875747848 0.014637681159389983 0.01761904761901114 0.019482401656274365 0.02217391304343235 0.02488612836433771 0.02755693581774833 0.019233954451305935 0.017701863354000615 0.016583850931642684 0.016832298136611114 0.012877846790863607 0.012173913043453055 0.010952380952358277 0.011552795031031982 0.013602484472021528 0.022753623188358687 0.028385093167643094 0.5583643892327984
0.039968169761259074 0.029747126436771087 0.015115826702028252 0.01180901856763508 0.010687886825814081 0.009446507515469691 0.0084633068081314 0.008516357206009366 0.0099416445623307 0.011656940760384914 0.015483642793982146 0.02188859416444849 0.027632183908036203 0.025230769230760307 0.01674624226347772 0.012802829354548965 0.009128205128201899 0.009032714412021562 0.007458885941641924 0.008901856763922581 0.00918479221927173 0.010818744473913062 0.014999115826696729 0.02803536693190874 0.04190981432359261 0.585393457117388
0.05066666666665611 0.04095416666665813 0.010127083333331224 0.004985416666665628 0.002772916666666089 0.0018729166666662765 0.0014145833333330385 0.0013812499999997121 0.0012874999999997318 0.0015416666666663455 0.0016083333333329983 0.002212499999999539 0.0029437499999993865 0.0036874999999992318 0.001924999999999599 0.0026749999999994426 0.0015083333333330191 0.0020583333333329045 0.001489583333333023 0.0024749999999994846 0.0024354166666661595 0.0040312499999991605 0.008210416666664956 0.04278124999999109 0.0633687499999868 0.7395854166665126
0.031366459627264254 0.02879917184259048 0.009544513457537174 0.006811594202884448 0.008716356107642409 0.009792960662505604 0.008488612836421348 0.010103519668716142 0.008716356107642409 0.0111387163560846 0.01575569358174792 0.031283643892274775 0.04335403726699098 0.03873706004132767 0.022360248447158674 0.01472049689437946 0.01182194616974778 0.009875776397495081 0.008012422360231858 0.008840579710126624 0.008612836438905563 0.010207039337452987 0.013126293995832037 0.02389233954446399 0.026873706004085146 0.5790476190464202
0.03366459627322223 0.03267080745334851 0.01064182194614774 0.0067080745341476025 0.003726708074526446 0.002774327122147465 0.0022567287784632365 0.004803312629389641 0.003768115942021184 0.006314699792947589 0.005734989648021252 0.0072256728778318305 0.008550724637663456 0.05387163561065451 0.007660455486526583 0.01807453416145326 0.0062111801242107426 0.0312008281572853 0.007204968944084462 0.017722567287747987 0.008426501035179241 0.01927536231880067 0.014078674948211018 0.035859213250443354 0.04422360248438049 0.6073498964790738
0.02391512345678828 0.01658101851851724 0.009701388888888142 0.00972067901234493 0.010882716049381878 0.012692129629628651 0.014849537037035893 0.018604938271603505 0.023997685185183335 0.03305709876542955 0.044347993827157074 0.060462962962958305 0.0682160493827108 0.061852623456785355 0.04534722222221873 0.034031635802466514 0.024955246913578324 0.02074382716049223 0.016983796296294987 0.015189814814813645 0.012363425925924973 0.010736111111110284 0.010879629629628792 0.01655092592592465 0.025917438271602943 0.35741898148145396
0.03967181467177638 0.02940154440151602 0.01894787644785816 0.01581081081079555 0.011399613899602897 0.010415057915047862 0.01007722007721035 0.010183397683387854 0.011110038610027887 0.012818532818520445 0.01556949806948304 0.0201737451737257 0.021409266409245745 0.02247104247102078 0.01321428571427296 0.011718146718135408 0.008619691119682799 0.009343629343620324 0.008416988416980293 0.008725868725860304 0.009584942084932832 0.013166023166010458 0.016824324324308085 0.02505791505789087 0.03717181467177879 0.5886969111963429
0.035939261963309946 0.02300254573203948 0.013194548144200619 0.011501451915959275 0.011148365435196593 0.0119154153761638 0.013323106000786625 0.015886743035046308 0.018489054856245513 0.02095278202424476 0.02444604634456927 0.03202988558350649 0.037384194975356014 0.02940214867089334 0.02030390504337054 0.015520048758878977 0.012379870919317146 0.01109787335224777 0.009712743020006335 0.009725634615652842 0.009923305748899294 0.01084684533701994 0.012895892845056524 0.026963488494428967 0.03714749095529097 0.5248673508522768
0.027453095684796563 0.025283771106935908 0.011034240150091221 0.007218574108816318 0.005816135084426403 0.006057692307690887 0.005541744840524028 0.007420262664163363 0.00775797373358167 0.009788930581611214 0.011641651031892204 0.017464821763598155 0.02223030018761205 0.02585131332081945 0.0147537523452123 0.013393527204499673 0.009228424015007217 0.010241557223262138 0.007295966228891347 0.009158067542211736 0.008098030018759826 0.011264071294556458 0.016735459662285006 0.03467870544089243 0.047021575984979594 0.6275703564726484
0.027437499999988568 0.027233333333321987 0.007708333333330122 0.004041666666664983 0.0032083333333319964 0.0026249999999989064 0.0024624999999989738 0.0041583333333316 0.004412499999998162 0.0072208333333303246 0.006283333333330715 0.012866666666661305 0.016237499999993233 0.027695833333321793 0.009720833333329282 0.017220833333326156 0.008466666666663139 0.019662499999991808 0.007441666666663566 0.016699999999993043 0.009641666666662649 0.024124999999989946 0.02369583333332346 0.037212499999984494 0.12867083333327972 0.5438499999997733
0.04339104729729332 0.02789916274970367 0.015199030552290028 0.011230353995298618 0.008461552585193113 0.0077858769095175 0.007760171856638537 0.008468896886015674 0.009899199471209433 0.01103113983548665 0.012130030846062342 0.013190364277319589 0.013016855170386586 0.012840591950645122 0.011225763807284517 0.010347201821385656 0.008959128965921622 0.00871952115158557 0.007704171562866509 0.007849221504112089 0.008305486192713691 0.010449103995298688 0.01564978701527471 0.029403826380725858 0.041988285840184165 0.6370942273794951
0.005770519262979963 0.005670016750417177 0.0014572864321603972 0.0010496929089890983 0.0008375209380232167 0.0009240647682856158 0.0009296482412057706 0.0021273031825789707 0.002372975991065781 0.00466219988832924 0.005251256281405569 0.00976270240089063 0.011278615298712652 0.03497487437184953 0.006973757677273319 0.014838079285311324 0.005711892797318339 0.022152428810714084 0.00409547738693353 0.013891680625345088 0.004785036292572645 0.015918481295361272 0.008118369625905049 0.015653266331653922 0.5914879955330565 0.2093048576213821
0.035362318840506494 0.03132505175976951 0.006376811594189696 0.0033540372670738013 0.002194616977221129 0.0023809523809474515 0.001573498964800055 0.003933747412000137 0.003043478260863264 0.004886128364379118 0.004761904761894903 0.007743271221516059 0.009813664596252974 0.039171842650022416 0.008012422360231858 0.01807453416145326 0.006356107660442326 0.025631469979243 0.004637681159410688 0.016335403726674254 0.006645962732905495 0.019896480331221746 0.013809523809495218 0.0328778467908222 0.05844720496882309 0.6333540372657694
0.03298611111110793 0.025964506172837003 0.012002314814813658 0.008710455246912741 0.007440200617283233 0.007700617283949875 0.008408564814814003 0.01024016203703605 0.012581983024690144 0.014967206790122013 0.01801311728394888 0.021391782407405344 0.022407407407405246 0.019402006172837636 0.01523630401234421 0.013161651234566632 0.01155478395061617 0.010652006172838478 0.009801311728394116 0.009709683641974371 0.009866898148147197 0.010811149691356981 0.014024884259257906 0.027062114197528252 0.03495177469135465 0.6109510030863609
0.008433583959897108 0.005989974937341482 0.0028853383458637577 0.002211779448620861 0.0019517543859643009 0.0022211779448614594 0.0025281954887210125 0.0034022556390966787 0.0034335839598986736 0.005147243107767811 0.006359649122805025 0.009714912280698712 0.011876566416036379 0.03141604010024079 0.008602756892227881 0.014179197994983026 0.005986842105261282 0.01937656641603403 0.005291353383456989 0.01233082706766531 0.005372807017542176 0.014188596491223626 0.008640350877190275 0.014454887218040583 0.5804260651627254 0.21357769423552206
0.04107660455478038 0.0334782608694959 0.0074741200828002605 0.0033126293995790626 0.00337474120082117 0.002153209109726391 0.0022567287784632365 0.0044720496894317344 0.003933747412000137 0.007267080745326569 0.004989648033115963 0.008405797101431871 0.00699792960661077 0.03716356107652761 0.0037060041407790765 0.013850931676989956 0.0033126293995790626 0.023788819875727146 0.003995859213242244 0.0142236024844426 0.005217391304337024 0.02055900621113756 0.014575569358147876 0.039751552794948755 0.04954451345745436 0.6411180124210328
0.048026481714991166 0.03882093316518322 0.01385876418662867 0.008779949558635316 0.005832282471624896 0.004104665825976008 0.0035592686002510845 0.003351197982344467 0.00322194199243278 0.0033638083228236556 0.003839848675913039 0.005892181588901043 0.007074401008825008 0.0076418663303885115 0.004514501891549649 0.004977931904159843 0.003212484237073388 0.0036223203026470295 0.0029287515762916366 0.003773644388397297 0.004687894073138497 0.0068001261034026485 0.011749684741484316 0.03605296343000124 0.05236759142495197 0.7079445145016684
0.045983436852906866 0.03971014492745401 0.01209109730846358 0.00579710144926336 0.0036853002070317076 0.0033540372670738013 0.0031055900621053713 0.0037888198757685533 0.003188405797094848 0.005424430641810716 0.005631469979284407 0.00699792960661077 0.008364389233937133 0.01207039337471621 0.007018633540358139 0.008240165631452918 0.0033126293995790626 0.005093167701852809 0.002629399585915881 0.005051759834358071 0.004886128364379118 0.009544513457537174 0.01349896480328468 0.032463768115874814 0.03902691511379083 0.7100414078660248
0.025238095238042983 0.021614906832253384 0.0073498964803160455 0.006418219461684434 0.0049482401656212255 0.004989648033115963 0.004389233954442258 0.006811594202884448 0.007039337474105509 0.010559006211158262 0.01209109730846358 0.02002070393370596 0.022836438923348166 0.05049689440983334 0.011677018633516197 0.02122153209105337 0.008364389233937133 0.0312008281572853 0.007784679089010798 0.020434782608653345 0.00844720496892661 0.02434782608690611 0.01159420289852672 0.020496894409895453 0.1759213250513956 0.4537060041398474
0.03271084337348084 0.02596385542167632 0.011710843373489273 0.008951807228912067 0.008176706827305954 0.007670682730920614 0.007281124497989044 0.008518072289153206 0.009646586345377652 0.013481927710837959 0.015574297188748766 0.018791164658626992 0.016297188755013535 0.018775100401598886 0.00902811244979557 0.010477911646582138 0.006706827309234254 0.01135742971887094 0.0061646586345356765 0.009971887550196798 0.008859437751000458 0.017859437750996843 0.020931726907622114 0.042522088353396575 0.12535341365456812 0.5272168674696678
0.030641821946106332 0.025755693581727215 0.01064182194614774 0.006894409937873924 0.005155279503094917 0.005134575569347547 0.003933747412000137 0.008405797101431871 0.0049482401656212255 0.008343685300189764 0.009006211180105576 0.016853002070358482 0.019420289855032257 0.05405797101438083 0.012236024844695163 0.022049689440948136 0.007287784679073938 0.030103519668674732 0.0068322981366318175 0.017536231884021664 0.0053416149068212385 0.023457556935769237 0.01157349896477935 0.024989648033074557 0.06507246376798122 0.5643271221520407
0.03662525879909601 0.028322981366400986 0.008840579710126624 0.005155279503094917 0.0039544513457475065 0.0039544513457475065 0.003457556935810647 0.005445134575558085 0.005279503105579131 0.008012422360231858 0.006790890269137079 0.010476190476168787 0.010828157349874062 0.049316770186233296 0.009917184264989819 0.018198757763937475 0.0072256728778318305 0.030538302277369485 0.0075983436852844755 0.016107660455453192 0.0055693581780423 0.01662525879913742 0.012939958592105715 0.03447204968936962 0.04645962732909636 0.6078881987565053
0.033257299270065405 0.023371350364958174 0.017817062043791555 0.015333029197076794 0.01339644160583636 0.013588047445252376 0.014390967153281389 0.015953467153281033 0.017983576642331665 0.020670620437951488 0.02552007299269491 0.034108120437948426 0.04103102189780086 0.035786952554736365 0.0258006386861255 0.021402828467148402 0.017511405109485057 0.01727417883211285 0.01602874087590875 0.016521441605835647 0.016010492700726273 0.01635492700729554 0.015613594890507388 0.019876824817513714 0.032899178832109285 0.4624977189779967
0.046893960151860245 0.035375084069634445 0.015016885099472623 0.009010131059683573 0.006732688769716162 0.005601084631888604 0.005198973727566233 0.004747043773150825 0.004946319973522973 0.005238117266925048 0.005871530903822235 0.006633050669530088 0.006789624826965347 0.007885643929012165 0.004924968952054529 0.00550144653170253 0.0045584430835128985 0.005465861495921789 0.004508624033419861 0.005544148574639419 0.006487152022829051 0.009579491632175427 0.015059587142409512 0.033442816626740215 0.041267965994925125 0.6977193550565632
0.03273291925459061 0.030082815734927364 0.006231884057958112 0.0036853002070317076 0.002463768115936928 0.0029192546583790492 0.002877846790884311 0.005817805383010729 0.004927536231873856 0.007391304347810784 0.005817805383010729 0.007743271221516059 0.008095238095221335 0.04200828157341199 0.0055693581780423 0.01639751552791636 0.005196687370589655 0.02658385093162198 0.004886128364379118 0.018509316770148013 0.0074741200828002605 0.02153209109726391 0.0125465838509057 0.031801242235959 0.048819875776296436 0.6378881987564433
0.026231884057916703 0.021138716356063895 0.00797101449273712 0.004513457556926473 0.00289855072463168 0.0032712215320843245 0.0048240165631370105 0.006790890269137079 0.005527950310547561 0.00821946169770555 0.0077225672877686904 0.011180124223579337 0.013706004140758373 0.050559006211075445 0.006666666666652864 0.018840579710105918 0.005217391304337024 0.02873706004134837 0.0035403726708001233 0.018136645962695368 0.003809523809515922 0.022815734989600794 0.009585921325031914 0.023871635610716622 0.17662525879880617 0.5075983436842493
0.014782608695621568 0.01397515527947417 0.002463768115936928 0.001739130434779008 0.002629399585915881 0.003457556935810647 0.003602484472042231 0.007432712215305522 0.0067080745341476025 0.012236024844695163 0.009896480331242451 0.017060041407832172 0.016107660455453192 0.06879917184250767 0.012194616977200425 0.02799171842644308 0.009213250517579269 0.046314699792864775 0.00797101449273712 0.027391304347769374 0.012836438923368868 0.03716356107652761 0.018240165631432215 0.03896480331254873 0.1745134575565745 0.4063146997921194
0.034645578720335114 0.03205751258086785 0.010723220704526032 0.007565780014375969 0.006504672897194391 0.007117181883534977 0.008534867002154268 0.010490294751973979 0.012054636951829747 0.014176851186192904 0.01603450754852163 0.018274622573682738 0.01932997843277661 0.018521926671454057 0.014297627606034709 0.012336448598127294 0.009877785765633392 0.009805895039537079 0.007752695902226383 0.007421998562183344 0.006335010783607093 0.007491013659235804 0.010487419122930126 0.02834507548525425 0.038967649173245446 0.6308497483822773
0.0480662393162222 0.04195156695155201 0.008173076923074013 0.003048433048431963 0.0016239316239310456 0.0013105413105408438 0.0012606837606833118 0.001410256410255908 0.0014031339031334033 0.0017165242165236051 0.0018874643874637153 0.002759971509970527 0.0034615384615372287 0.0045370370370354214 0.0022400284900276923 0.0030698005697994764 0.0018162393162386695 0.0023433048433040087 0.00150641025640972 0.002247150997150197 0.0020868945868938436 0.0038461538461524764 0.008639601139598063 0.039782763532749364 0.04637464387462736 0.7634366096863378
0.020589154411762817 0.017664522058821908 0.005666360294117127 0.0031443014705879466 0.002075367647058633 0.001871323529411593 0.0015477941176469166 0.0019540441176468795 0.0018419117647057134 0.002511948529411534 0.0029604779411761986 0.0046488970588231026 0.00624724264705825 0.00808363970588161 0.0035422794117643806 0.004073529411764332 0.0028593749999997376 0.004456801470587826 0.0030716911764703063 0.005034926470587773 0.0059246323529406324 0.01308455882352821 0.03148529411764417 0.0864255514705803 0.13860294117645786 0.6206314338234724
0.01883150077160403 0.017861207561727533 0.006697048611110788 0.005002411265431858 0.004628182870370147 0.005402681327160233 0.006442901234567591 0.00978539737654274 0.013342496141974665 0.021515239197529828 0.03160011574073922 0.05380787037036778 0.06353202160493521 0.06105179398147854 0.03894193672839318 0.02988281249999856 0.019159432870369447 0.015731095679011587 0.010662133487653807 0.009841820987653847 0.007776331018518144 0.009159915123456349 0.011373939043209328 0.019982156635801506 0.030524691358023222 0.47746286651232267
0.043084886128275185 0.03565217391296966 0.008737060041389778 0.004265010351958043 0.002629399585915881 0.00289855072463168 0.0022567287784632365 0.0031055900621053713 0.0029606625258737874 0.0034368530020632776 0.0035610766045474926 0.0049482401656212255 0.005921325051747575 0.01372670807450574 0.004389233954442258 0.006252587991705481 0.004057971014484352 0.005755693581768622 0.0037060041407790765 0.004596273291915949 0.0036231884057896 0.005300207039326501 0.007826086956505536 0.0320082815734327 0.03600414078667494 0.7492960662510366
0.032277432712148495 0.028923395445074693 0.010289855072442464 0.005362318840568608 0.004513457556926473 0.005113871635600178 0.004513457556926473 0.006625258799158125 0.005134575569347547 0.007681159420273952 0.007080745341600247 0.010020703933726664 0.007991718426484488 0.04246376811585411 0.006666666666652864 0.019585921325011208 0.005486542443052823 0.030683229813601068 0.0055900621117896685 0.018302277432674322 0.00819875776395818 0.023291925465790286 0.013623188405768896 0.028343685300148358 0.041490683229727765 0.6207453416136216
0.044603604923794275 0.033123900937863326 0.015550813305977476 0.010355912954278068 0.0075084261430239324 0.006004542790151854 0.005519123681124935 0.005854337631886921 0.006439588218053338 0.0078152476553334 0.009956587045720075 0.016419988276669073 0.02242086752637544 0.018212375439623188 0.010183726553340218 0.00808177022274252 0.006203289859319479 0.00615657971863953 0.0055090489448998475 0.006624597010550391 0.008730216881593575 0.01284528868698593 0.018369907678779093 0.031501868405624314 0.045601003810077895 0.6304073856974804
0.02792738970587979 0.023635110294115476 0.009408088235293254 0.008000919117646324 0.00812132352941102 0.009220588235293271 0.009865808823528506 0.011295036764704846 0.01278584558823412 0.016177389705880868 0.0203244485294099 0.03035386029411486 0.03945772058823167 0.03843106617646706 0.02724080882352691 0.022142463235292086 0.017322610294116057 0.015090992647057438 0.011726102941175393 0.010748161764704896 0.00930882352941091 0.009537683823528537 0.012533088235292967 0.026704044117644606 0.042555147058819624 0.5300854779411278
0.01895688657407316 0.014080343364196852 0.009076485339505736 0.008250385802468738 0.00889274691357982 0.011331018518517973 0.013297164351851212 0.01783468364197445 0.023807870370369223 0.0337726658950601 0.04713107638888662 0.06913773148147816 0.08139322916666275 0.07367910879629275 0.05086275077160249 0.038211805555553716 0.02677565586419624 0.02194058641975203 0.016829668209875734 0.014344135802468445 0.011162229938271068 0.010273437499999505 0.010911940586419228 0.015119116512344951 0.024115065586418592 0.3288122106481323
0.009465077956647298 0.007965521612370647 0.0037976929902390926 0.0032044619089867912 0.002111801242235757 0.002140955761186191 0.00201166180757992 0.0028901001394342897 0.0026746102167571712 0.0035378374952460974 0.0037571301812645763 0.0055025985549492324 0.006604132336163442 0.012222081379133956 0.005514006844973315 0.007682849537329486 0.006013436430472048 0.011324629230572782 0.008842692356444562 0.015469641272656171 0.016171884903027484 0.03256179490429299 0.041845607808335426 0.05707187222714449 0.17302699961970172 0.5565889212827283
0.004943999999999011 0.007339999999998532 0.0007539999999998492 0.0005299999999998939 0.0003979999999999204 0.0004479999999999104 0.0004479999999999104 0.0008059999999998387 0.0007759999999998448 0.0012879999999997425 0.0008759999999998248 0.0014919999999997017 0.0015919999999996816 0.024767999999995047 0.0013479999999997305 0.008203999999998358 0.0016919999999996617 0.014973999999997005 0.0013559999999997287 0.008509999999998298 0.0028279999999994343 0.01194799999999761 0.007037999999998592 0.016361999999996726 0.7205059999998559 0.15877399999996825
0.04680833333331383 0.03627916666665155 0.017779166666659258 0.009858333333329226 0.006324999999997365 0.004679166666664717 0.004083333333331632 0.0038624999999983907 0.0035083333333318714 0.004174999999998261 0.005012499999997912 0.007154166666663686 0.008804166666662998 0.008987499999996255 0.005437499999997734 0.00569583333333096 0.004341666666664858 0.00537499999999776 0.004929166666664613 0.0061041666666641235 0.006758333333330518 0.01113749999999536 0.019558333333325184 0.0315208333333202 0.047945833333313356 0.6838791666663817
0.029855072463706302 0.026169772256674596 0.010538302277410894 0.007619047619031844 0.005383022774315977 0.004720496894400164 0.004616977225663319 0.007142857142842354 0.007060041407852878 0.008799171842631886 0.009606625258779282 0.01521739130431632 0.020683229813621775 0.061780538302149524 0.014078674948211018 0.0222774327121692 0.009710144927516129 0.03432712215313804 0.00917184265008453 0.017763975155242723 0.007681159420273952 0.021842650103474446 0.01691511387160059 0.028633540372611524 0.0373084886127592 0.5610973084874511
0.02895121951218335 0.02627642276421696 0.009186991869914965 0.006089430894306467 0.006186991869916184 0.006849593495932175 0.007703252032517194 0.009621951219508283 0.011199186991865366 0.013739837398368399 0.016898373983732968 0.02006097560974794 0.022341463414625066 0.021264227642267777 0.016617886178855033 0.014158536585360098 0.010593495934955044 0.009252032520321442 0.007365853658533591 0.006601626016257479 0.005491869918696954 0.005552845528453028 0.008276422764224278 0.02450813008129085 0.028247967479663315 0.6569634146338793
0.05120082815724389 0.04033126293987509 0.006563146997916019 0.002877846790884311 0.00144927536231584 0.001904761904757961 0.0016356107660421622 0.002484472049684297 0.002008281573494807 0.004037267080736983 0.003043478260863264 0.004596273291915949 0.0048240165631370105 0.008550724637663456 0.003913043478252768 0.006066252587979159 0.003188405797094848 0.0044720496894317344 0.002049689440989545 0.003022774327115895 0.0018012422360211154 0.0032298136645895863 0.007080745341600247 0.03474120082808542 0.043995859213159426 0.7509316770170789
0.020602698650671575 0.017655172413790457 0.009089955022487392 0.008148425787105226 0.008431784107944764 0.010596701649173824 0.013143928035980038 0.017989505247373614 0.022313343328332486 0.030818590704643056 0.04139580209894432 0.05628485757120595 0.06529835082457791 0.05960569715141535 0.04487106446775939 0.03387706146926029 0.024341829085453622 0.01951724137930742 0.0144362818590683 0.01142278860569544 0.00892353823088322 0.00878410794602567 0.0090059970014979 0.01734182908545467 0.02378260869564861 0.4023208395801496
0.0389351851851688 0.029987373737361118 0.014549663299657177 0.008867845117841385 0.005168350168347993 0.0045875420875401566 0.0037163299663284023 0.004057239057237349 0.004263468013466219 0.00502525252525041 0.005782828282825849 0.008678451178447526 0.00951178451178051 0.012159090909085792 0.006645622895620098 0.008695286195282535 0.00488636363636158 0.007436868686865557 0.0047053872053852246 0.007626262626259417 0.008017676767673393 0.015441919191912692 0.022352693602684194 0.03845538720537102 0.056334175084151374 0.6641119528616733
0.04329192546574888 0.030559006211116856 0.01496894409934789 0.012028985507221472 0.009730848861263497 0.009275362318821376 0.008240165631452918 0.010124223602463511 0.010248447204947726 0.01306418219458993 0.011552795031031982 0.017308488612800602 0.018923395445095397 0.024472049689390325 0.011304347826063552 0.01233954451343201 0.008819875776379256 0.010807453416126692 0.009275362318821376 0.010848861283621431 0.01233954451343201 0.01625258799168478 0.017681159420253247 0.025465838509264045 0.03741200828149604 0.5936645962720628
0.035424430641748605 0.027101449275306208 0.008861283643873993 0.005113871635600178 0.003498964803305385 0.003975155279494875 0.00337474120082117 0.0059627329192423134 0.005155279503094917 0.006790890269137079 0.005652173913031776 0.00917184265008453 0.009482401656295067 0.041407867494738286 0.005734989648021252 0.016293995859179514 0.0037474120082738147 0.023457556935769237 0.0028571428571369417 0.01397515527947417 0.004244306418210674 0.021449275362274433 0.011780538302253042 0.03480331262932753 0.04792960662515956 0.6427536231870751
0.05282998756437988 0.028360277136248585 0.015938887901930737 0.015366850239823995 0.016287084739734843 0.016041925741689094 0.01384970687510611 0.012499555871375911 0.01243915437910377 0.012822881506479722 0.012552851305733682 0.013579676674360072 0.013991828033393501 0.014300941552668573 0.011334162373419316 0.010801208029841606 0.009682003908328412 0.01033220820749322 0.009276958607209352 0.010897139811685594 0.01183158642742518 0.014769941375016958 0.01837981879551665 0.030033753775082595 0.04697104281398225 0.5648285663526151
0.03527950310551702 0.02824016563141151 0.012712215320884653 0.009192546583831899 0.00795031055898975 0.008322981366442396 0.007412008281558153 0.00917184265008453 0.010227743271200357 0.011469979296042505 0.013002070393347822 0.015859213250484762 0.02072463768111651 0.025072463768064032 0.014886128364358413 0.012194616977200425 0.009337474120063484 0.00869565217389504 0.008178053830210811 0.00917184265008453 0.008799171842631886 0.010124223602463511 0.014596273291895246 0.026625258799116716 0.02966873705997998 0.6330848861270536
0.0030187854958493862 0.0025633464394929483 0.0012953254696372548 0.0007317605941458353 0.0005548274355613199 0.0004641764962865373 0.0003877238968981665 0.0003833551769331167 0.00030253385757969607 0.00034622105723019375 0.0003112712975097956 0.0004390563564875012 0.0006017911751856049 0.013356269113148389 0.0003298383573612571 0.004571865443424577 0.00029051987767580924 0.009113149847093806 0.0004641764962865373 0.005103757099169386 0.0011577107907381873 0.006393621668850328 0.0028560506771512827 0.006598951507207667 0.872392966360761 0.06597094801222521
0.022413512413509373 0.017510514177178468 0.006278659611992093 0.004273504273503694 0.0037715371048699267 0.0038868538868533594 0.003467643467642997 0.005105141771807746 0.005178401845067809 0.008053181386513628 0.008891602224934353 0.01628544295210741 0.02101614434947483 0.023456790123453607 0.011325464658796455 0.013926197259528704 0.009392212725544784 0.01388007054673533 0.00913173246506456 0.015016958350289647 0.01596119929453046 0.02676027676027313 0.03849274182606994 0.055033238366564236 0.133835300501949 0.5076556776556088
0.04223602484463305 0.03149068322974847 0.015031055900589998 0.0089233954451161 0.006356107660442326 0.00532091097307387 0.005631469979284407 0.007515527950294999 0.006376811594189696 0.009006211180105576 0.009399585921305591 0.016086956521705824 0.018385093167663798 0.037846790890190794 0.01399585921322154 0.017287784679053234 0.007784679089010798 0.020952380952337573 0.00795031055898975 0.013933747411979433 0.008033126293979228 0.017060041407832172 0.017991718426463785 0.029068322981306276 0.03714285714278024 0.5891925465826311
0.022507812499997802 0.017881835937498255 0.007873046874999231 0.006537109374999362 0.006338867187499381 0.0072294921874992936 0.008833007812499138 0.01197265624999883 0.015266601562498509 0.02244824218749781 0.03215136718749686 0.05110937499999501 0.06683496093749347 0.06606640624999355 0.038986328124996195 0.027715820312497294 0.018312499999998212 0.014703124999998565 0.010777343749998948 0.009814453124999041 0.008453124999999175 0.008866210937499135 0.009709960937499052 0.024728515624997584 0.03969433593749613 0.44518749999995655
0.030041407867432625 0.029399585921264182 0.009585921325031914 0.005010351966863332 0.0027950310558948342 0.002505175983431666 0.002463768115936928 0.005921325051747575 0.0049482401656212255 0.008902691511368731 0.009109730848842423 0.013913043478232063 0.016604554865390052 0.057122153208991465 0.01138716356105303 0.019834368529979638 0.008157349896463443 0.03130434782602214 0.007784679089010798 0.016749482401621635 0.007204968944084462 0.017060041407832172 0.011490683229789874 0.032215320910906384 0.04064182194608563 0.5978467908890314
0.03045548654238001 0.022877846790842902 0.010165631469958249 0.007536231884042368 0.005859213250505467 0.006894409937873924 0.007391304347810784 0.009937888198737189 0.008840579710126624 0.010952380952358277 0.012463768115916225 0.017743271221495355 0.02391304347821136 0.05289855072452816 0.012877846790863607 0.019482401656274365 0.009151138716337161 0.029627329192485244 0.007763975155263428 0.02223602484467446 0.00917184265008453 0.02583850931671669 0.017598343685263772 0.030579710144864224 0.0526708074533071 0.5350724637670081
0.02813512731481346 0.022711226851850758 0.012499035493826558 0.009702449845678545 0.008697916666666248 0.008796778549382293 0.0098553240740736 0.0121749614197525 0.015444637345678268 0.02101321373456689 0.02940248842592451 0.04795380015431868 0.06356529706789817 0.04852237654320754 0.02740017361110979 0.019667727623455842 0.014143518518517837 0.012183159722221636 0.010367476851851352 0.010432098765431596 0.010616319444443934 0.012099729938271022 0.014641203703702999 0.023900462962961812 0.037085262345677224 0.46898823302466874
0.04797919293819421 0.03607818411095962 0.01584804539722073 0.009114123581333823 0.005989911727614757 0.004823455233289778 0.004460907944513095 0.0043411097099608 0.004514501891549649 0.004845523329128359 0.00631778058007367 0.007354981084486963 0.00892181588902619 0.009312736443881049 0.006415510718787385 0.006333543505672656 0.00446721311475269 0.005378310214374093 0.004684741488018699 0.005589533417400508 0.005945775535937596 0.008776796973515518 0.014073139974774882 0.03385561160150257 0.04347414880200395 0.6911034047917115
0.04089026915105406 0.036273291925390735 0.011511387163537244 0.006790890269137079 0.004492753623179104 0.004430641821936997 0.0033954451345685394 0.004803312629389641 0.0044720496894317344 0.0074741200828002605 0.008985507246358208 0.010600414078653001 0.01157349896477935 0.014761904761874198 0.006894409937873924 0.007184265010337093 0.005217391304337024 0.005010351966863332 0.003726708074526446 0.004596273291915949 0.004616977225663319 0.006728778467894971 0.012380952380926747 0.031863354037201114 0.03828157349888554 0.7030434782594139
0.03775821596242654 0.039737871674475844 0.00575899843505252 0.0028247261345841846 0.002026604068856797 0.0017723004694828748 0.0012989045383406499 0.0018974960876361904 0.0017605633802810013 0.002476525821595275 0.0022065727699521883 0.0035563380281676228 0.004507042253519364 0.015058685446003498 0.0025586854460083884 0.005136932707353233 0.0021439749608755305 0.005140845070420524 0.001607981220656648 0.0028755868544589687 0.002167449139279277 0.004194053208136074 0.006870109546163196 0.038642410015634336 0.04738262910796268 0.7586384976522853
0.023333333333285022 0.02658385093162198 0.011987577639726734 0.006604554865410756 0.00604554865423179 0.005755693581768622 0.005672877846779145 0.008737060041389778 0.008757763975137148 0.015776397515495286 0.017246376811558495 0.025672877846737736 0.030269151138653687 0.05650103519657039 0.011656314699768827 0.022008281573453397 0.008012422360231858 0.03273291925459061 0.008322981366442396 0.019461697722526993 0.008716356107642409 0.023043478260821856 0.013933747411979433 0.029565217391243136 0.05175983436842286 0.5218426501024392
0.021304347826042846 0.017929606625221677 0.006625258799158125 0.004306418219452782 0.003643892339536969 0.004886128364379118 0.008012422360231858 0.014285714285684708 0.016128364389200563 0.023581780538253452 0.03213250517591691 0.05335403726697028 0.06999999999985507 0.0961490683227823 0.03648033126286443 0.028778467908843107 0.009896480331242451 0.029171842650043123 0.008633540372652933 0.018902691511348026 0.009068322981347684 0.019834368529979638 0.010372670807431941 0.015300207039305796 0.02875776397509574 0.41246376811508806
0.04089026915105406 0.036273291925390735 0.010579710144905632 0.006480331262926541 0.00409937888197909 0.003457556935810647 0.003498964803305385 0.006356107660442326 0.007287784679073938 0.010248447204947726 0.010973084886105646 0.014078674948211018 0.013809523809495218 0.014099378881958386 0.010786749482379324 0.008654244306400301 0.006149068322968635 0.005362318840568608 0.0046997929606527955 0.006086956521726528 0.004637681159410688 0.007536231884042368 0.009979296066231927 0.031283643892274775 0.03813664596265396 0.6845548654230134
0.015569358178021596 0.014368530020674185 0.00289855072463168 0.00314699792960011 0.0045755693581685805 0.0053416149068212385 0.004182194616968567 0.006190476190463374 0.0063354037266949575 0.007391304347810784 0.0072256728778318305 0.010310559006189834 0.011159420289831967 0.057308488612717784 0.009420289855052959 0.024451345755642957 0.006873706004126555 0.03242236024838008 0.008737060041389778 0.029420289855011553 0.015631469979263703 0.027826086956464127 0.012608695652147808 0.023623188405748192 0.17581780538265876 0.47716356107561664
0.04788583370572281 0.03651980757602438 0.01374832417654184 0.007350621697639602 0.004948608080753349 0.0037295286664376166 0.003200494203621356 0.0032432112720475136 0.0034567966141783022 0.004012118503718353 0.004524723324832245 0.005858810231064555 0.007074603717039814 0.0072783312741491815 0.004718593096920192 0.004909176940667665 0.0033943639757093025 0.0039562577219303 0.0036013774611591436 0.004320995767722878 0.004997897005860454 0.007291474987511076 0.011592755185191112 0.036194500670317487 0.04275649956624341 0.7194342945766674
0.022898550724590273 0.023871635610716622 0.006418219461684434 0.004906832298126487 0.004927536231873856 0.0048240165631370105 0.005507246376800192 0.008612836438905563 0.008385093167684503 0.011035196687347752 0.009875776397495081 0.013354037267053098 0.011304347826063552 0.04637681159410688 0.009751552795010866 0.018902691511348026 0.00869565217389504 0.02805383022768519 0.007018633540358139 0.017184265010316387 0.008178053830210811 0.02101449275357968 0.01209109730846358 0.02322981366454818 0.143188405796805 0.5203933747401234
0.037267080745264455 0.03440993788812752 0.0077225672877686904 0.0028157349896422035 0.0016563146997895313 0.0012215320910947795 0.0007039337474105509 0.0022981366459579747 0.00144927536231584 0.003064182194610633 0.002753623188400096 0.005693581780526515 0.006790890269137079 0.041490683229727765 0.002774327122147465 0.016542443064147944 0.002587991718421143 0.028819875776337846 0.0024223602484421897 0.01447204968941103 0.0031055900621053713 0.01836438923391643 0.009213250517579269 0.03805383022766448 0.05161490683219127 0.6626915113857915
0.03560477941176144 0.02780330882352686 0.011628676470587167 0.009078124999999167 0.00825275735294042 0.008247242647058067 0.007959558823528681 0.008874999999999186 0.009967830882352025 0.011558823529410704 0.013540441176469345 0.016616727941174945 0.019386948529409986 0.022150735294115615 0.020873161764703965 0.021173713235292175 0.020116727941174625 0.020034926470586394 0.01892463235293944 0.018943933823527673 0.01734926470588076 0.015268382352939775 0.015224264705880956 0.023943014705880155 0.051402573529407046 0.5460744485293616
0.047788239474134735 0.037882394741503685 0.01583585006217238 0.008115118138209943 0.004942263279443971 0.0038976727660316583 0.0037733167525301923 0.003794634926273301 0.004085983300762449 0.004107301474505558 0.004398649848994706 0.005340202522648662 0.006633505063063907 0.006100550719486196 0.0036809379996433893 0.004167702966777698 0.003094688221707907 0.0038017409841876702 0.002899271629062747 0.0038408243027167025 0.004242316574878578 0.007472019896959506 0.012741161840464473 0.036990584473250314 0.04415704387989193 0.7162160241603425
0.018923395445095397 0.018198757763937475 0.006956521739116032 0.0059627329192423134 0.0046997929606527955 0.004989648033115963 0.005652173913031776 0.008385093167684503 0.01064182194614774 0.0167080745341269 0.019089026915074348 0.029730848861222087 0.03142857142850636 0.07130434782593932 0.028674948240106263 0.033519668736990645 0.015300207039305796 0.03815734989640133 0.010662525879895109 0.020496894409895453 0.009648033126274021 0.021884057970969185 0.015383022774295273 0.02223602484467446 0.11211180124200391 0.41925465838422515
0.03243703358208199 0.03126865671641062 0.007402052238804244 0.004291044776118402 0.0031529850746261304 0.0028055037313426292 0.0031016791044768885 0.0036170708955215445 0.004032182835819955 0.005160914179103274 0.006814365671640202 0.010279850746266259 0.013020055970146218 0.012483675373131418 0.007733208955222077 0.006308302238804499 0.0037989738805961288 0.004064832089551291 0.0028078358208948676 0.002980410447760499 0.0030736940298500296 0.005310167910446523 0.009897388059699185 0.03766557835820017 0.04896921641789903 0.7275233208953528
0.021924336751299296 0.018563588460284098 0.0060424804687492315 0.0050175984700514455 0.006465911865233553 0.007165273030598047 0.006276448567707535 0.010120391845701838 0.011498769124347497 0.018810272216794485 0.022439320882158605 0.03446578979491749 0.02359135945637721 0.03684361775715677 0.012961069742836893 0.019859313964841224 0.012804667154946289 0.01981353759765373 0.012058258056639092 0.02171325683593474 0.01770146687825296 0.02523167928059575 0.023003896077471032 0.034589131673172686 0.1346308390299308 0.43640772501622055
0.048405797101349055 0.044161490683138384 0.015093167701832106 0.007991718426484488 0.004968944099368594 0.004016563146989614 0.0031677018633474788 0.0037888198757685533 0.003933747412000137 0.004182194616968567 0.003457556935810647 0.003995859213242244 0.00409937888197909 0.005486542443052823 0.003726708074526446 0.005051759834358071 0.0032919254658316938 0.005507246376800192 0.0036645962732843383 0.005610766045537037 0.005921325051747575 0.009503105590042436 0.014202898550695233 0.032194616977159016 0.039585921324969804 0.714989648031646
0.03198924731181784 0.02564516129031447 0.016910183428204644 0.013908918406067708 0.011249209361160263 0.010528146742564665 0.009231499051230477 0.009671094244146214 0.011435800126498597 0.014715370018970678 0.019592030360525113 0.030815939278927635 0.04512017710308504 0.037599620493346746 0.022719797596450753 0.01714421252371374 0.011097406704613821 0.010528146742564665 0.009054395951926295 0.010186590765335173 0.011040480708408906 0.01384250474382864 0.01732447817836264 0.023203668564192537 0.03529411764704766 0.5301518026563788
0.026158594665882717 0.02214884964829809 0.009033374853457557 0.007161305685814116 0.006949736225087289 0.008218237104336881 0.00997765240328162 0.013249194021100781 0.01756209701054939 0.023573966881592218 0.03015185375146266 0.035712192262599314 0.03696695486517833 0.03328692848768746 0.025896651524030458 0.019676875732706288 0.014572648007032665 0.012037478018756226 0.009433616647126922 0.008569021101992182 0.007498351406798845 0.0077135844079711585 0.009709298065649756 0.023177388628368337 0.028112177608438225 0.553451970984709
0.05241807116103642 0.03207865168538575 0.021355337078646685 0.015774812734078703 0.010676498127338325 0.007572565543069389 0.0066385767790246636 0.006451310861421711 0.006264044943818758 0.006390449438200751 0.007118445692882229 0.009187734082394853 0.011001872659173455 0.011051029962544229 0.0073267790262155135 0.007200374531833521 0.005643726591758979 0.00650514981273256 0.005662453183519274 0.006470037453182006 0.007776217228462599 0.012516385767787332 0.020746722846437093 0.03293305243444922 0.04446863295879109 0.6387710674155808
0.02801242236019045 0.025279503105537723 0.006542443064168649 0.003478260869558016 0.0022981366459579747 0.002153209109726391 0.002153209109726391 0.0032712215320843245 0.002774327122147465 0.005051759834358071 0.005300207039326501 0.00699792960661077 0.00604554865423179 0.040910973084801426 0.004368530020694889 0.016086956521705824 0.0044513457556843656 0.02795031055894834 0.003933747412000137 0.01695652173909533 0.005362318840568608 0.02124223602480074 0.01233954451343201 0.026438923395390394 0.18244306418181688 0.5381573498953661
0.005582865168538019 0.004639513108613146 0.0017907303370782324 0.0012734082397000764 0.0011587078651682681 0.00111189138576753 0.0012078651685390432 0.0014044943820221431 0.0015683520599247265 0.0021090823970032514 0.002816011235954397 0.0039583333333324065 0.005479868913856395 0.003731273408238827 0.0021207865168534363 0.0012265917602993384 0.0007794943820222895 0.0005735018726590417 0.0005758426966290787 0.00042368913857667985 0.0004470973782770489 0.0005009363295878977 0.0005969101123594108 0.0014957865168535825 0.8847963483143996 0.06863061797751202
0.007524621142457705 0.004560773531467193 0.0014919814617280146 0.0011423198587560098 0.0009381781733916837 0.0010256510464560149 0.0010600194946113828 0.0016570419685879088 0.002181534373045916 0.003837656784492544 0.00574872641335926 0.014894641740537585 0.03076355427226212 0.034443621951667676 0.020888774965976145 0.020189221870746815 0.014672223856990303 0.015700288740942182 0.01067433424062959 0.012347813293117892 0.008809357413469571 0.013666458233714485 0.01724859307757364 0.041162940927648765 0.5445184049361764 0.1688512662301816
0.03378531073445532 0.02770951035780892 0.011697269303198752 0.008726459510355762 0.008217984934084694 0.008620527306965955 0.009755178907718985 0.012269303201503703 0.014917608286248843 0.018764124293780892 0.02305320150658591 0.030800376647827026 0.03491525423727992 0.03281544256119755 0.02289783427494753 0.01878060263653042 0.013651129943499611 0.012149246704328591 0.009413841807907388 0.009491525423726579 0.00889595103577945 0.010607344632765865 0.013524011299431845 0.02524011299434434 0.03454096045196927 0.5447598870055215
0.002942176870748195 0.002403628117913747 0.0010717828798185562 0.0008244756235827372 0.0005817743764172129 0.0005498866213151732 0.0005091411564625669 0.000672123015872992 0.0007738095238094964 0.0012166950113378253 0.0014182964852607206 0.0026070011337867554 0.0033801020408162066 0.011449121315192337 0.0018852749433105908 0.004453656462584876 0.001449475623582715 0.007400793650793388 0.0015242346938774969 0.005021967120181227 0.0024365787981858547 0.007153132086167547 0.006688633786847835 0.009445153061224155 0.8225159438775218 0.09962514172335248
0.04759146341462298 0.03377814258911028 0.016076454033767337 0.012303001876169723 0.009781894934331665 0.008327861163225064 0.007471857410880049 0.00746716697936035 0.007563320825514174 0.008147279549716663 0.008625703564725933 0.010389305816132647 0.011325046904312542 0.011665103189490697 0.008696060037521413 0.009000938086301829 0.007915103189491577 0.00877814258911614 0.008459193245776628 0.010068011257033285 0.010759849906188846 0.013121482176357148 0.016151500938082517 0.030712945590987167 0.05055112570355287 0.6252720450279959
0.030935831850525206 0.023359653024904538 0.014312722419924847 0.01257506672597515 0.010350867437719543 0.010501000889676796 0.009121997330958318 0.010598309608537979 0.010962522241989835 0.013792815836295097 0.01650633896796694 0.026098198398569257 0.03470862989322879 0.03928770017792502 0.020957517793588478 0.022581183274015076 0.014471196619213058 0.017782473309603596 0.01190224644127783 0.01764624110319794 0.015755671708180673 0.02243383007116814 0.023960186832733554 0.02778302935942288 0.06800489323841526 0.4736098754447082
0.036418219461622325 0.029089026915053644 0.012401656314674117 0.0068322981366318175 0.004658385093158057 0.00434782608694752 0.0044720496894317344 0.007287784679073938 0.005217391304337024 0.008530020703916086 0.008343685300189764 0.016563146997895316 0.01902691511383224 0.046480331262843726 0.008819875776379256 0.019233954451305935 0.006418219461684434 0.024948240165579817 0.004616977225663319 0.014347826086926816 0.005652173913031776 0.019482401656274365 0.014265010351937338 0.031055900621053713 0.04577639751543317 0.5957142857130523
0.04727272727270646 0.0405502971604488 0.009469513537305978 0.0044816200748384405 0.0026062073519689164 0.0020999339643398194 0.0015760510675757974 0.0015804534448595287 0.0014659916354825156 0.0018754127228695244 0.001804974686329824 0.0029363856482487625 0.0032181377944075643 0.004085406119302626 0.0017521461589250487 0.002887959498127718 0.001364736957956696 0.002535769315429216 0.0016376843495480354 0.0025137574290105594 0.0025181598062942907 0.0041602465331260574 0.008254457406996147 0.040611930442421035 0.04986572749282418 0.7568743121282162
0.03274471486941455 0.02297388523715652 0.011518919879192922 0.00985254929827328 0.010246935512520787 0.011618404689994095 0.012414283176403477 0.014002487120265056 0.015413039616267396 0.019872090957534245 0.024430627109602265 0.03583229703320809 0.04343222597262625 0.04162018120446203 0.026164505240708416 0.02118315864273541 0.015747024338242762 0.014702433824830448 0.012517321016161834 0.013927873512164176 0.012691419435063887 0.013210161662812858 0.013700479658904353 0.02295967312132778 0.03898383371823095 0.48823947415154084
0.010187687687686159 0.009663663663662213 0.002495495495495121 0.0018528528528525747 0.0018993993993991142 0.0018123123123120401 0.0015855855855853476 0.002360360360360006 0.0030225225225220687 0.004918918918918181 0.004699699699698994 0.00956756756756613 0.014121621621619502 0.02790240240239821 0.006174174174173247 0.01143693693693522 0.005352852852852049 0.014918918918916679 0.0036246246246240802 0.01053153153152995 0.004681681681680979 0.012678678678676775 0.007912912912911725 0.01792042042041773 0.542429429429348 0.26624774774770776
0.04658296130951948 0.03217819940475892 0.016542038690474655 0.01009858630952287 0.007040550595237441 0.0058193824404756496 0.005396205357142356 0.005103236607142383 0.005237165178570942 0.005543154761904247 0.006045386904761343 0.0067754836309517515 0.007223772321427901 0.007133556547618385 0.005750558035713752 0.005808221726189937 0.004710751488094801 0.005227864583332848 0.00484468005952336 0.005513392857142345 0.006246279761904182 0.008685825892856335 0.014857700892855763 0.03449311755952061 0.04348214285713882 0.6936597842261261
0.026190476190421967 0.01910973084882172 0.0072463768115792 0.004202898550715936 0.002049689440989545 0.0017805383022737463 0.0013457556935789943 0.0028364389233895724 0.002028985507242176 0.003726708074526446 0.0031262939958527406 0.005879917184252836 0.004409937888189628 0.04577639751543317 0.0031262939958527406 0.015196687370568951 0.0022567287784632365 0.02894409937882206 0.003188405797094848 0.0167080745341269 0.005093167701852809 0.021325051759790218 0.010207039337452987 0.022877846790842902 0.3181159420283269 0.4232505175974674
0.025900621117958798 0.021842650103474446 0.007763975155263428 0.005755693581768622 0.005175983436842286 0.006066252587979159 0.006853002070379186 0.010103519668716142 0.011904761904737257 0.015879917184232133 0.018426501035158537 0.029648033126232612 0.04730848861273849 0.06511387163547595 0.017598343685263772 0.022877846790842902 0.010703933747389847 0.029523809523748397 0.008509316770168718 0.020165631469937544 0.008281573498947658 0.024451345755642957 0.016935817805347957 0.026376811594148286 0.04368530020694889 0.49314699792858563
0.0460687499999904 0.036391666666659085 0.015135416666663513 0.008072916666664985 0.005358333333332217 0.003943749999999178 0.003539583333332596 0.0037958333333325423 0.004258333333332446 0.004733333333332347 0.006393749999998668 0.0087958333333315 0.011689583333330898 0.010995833333331043 0.006627083333331953 0.006016666666665413 0.004395833333332417 0.005199999999998916 0.004456249999999071 0.005806249999998791 0.006077083333332067 0.00903958333333145 0.015418749999996787 0.03495833333332605 0.0430291666666577 0.6898020833331896
0.024236131440278814 0.02201313670959986 0.009176485655736866 0.006329588700233614 0.005258343091334414 0.00532329478922668 0.005895967505854262 0.00759751902810235 0.010272431206088055 0.014397321428570113 0.021158701697890338 0.03388466042154257 0.04445166129976175 0.03545539373535976 0.022393698770489755 0.015674399882902548 0.01095762587821914 0.009075856264636173 0.007007464871193739 0.006641539812645763 0.006336907201404573 0.0076825966042147545 0.010366656908664158 0.025167410714283415 0.03148693647540696 0.6017582699062682
0.04489607390298636 0.03851483389588257 0.011447859300049228 0.005574702433822855 0.003343400248710839 0.002529756617515534 0.002462249067329024 0.0026896429205888472 0.0034606502042979354 0.004398649848994706 0.005819861431868602 0.007397406288858626 0.0084277846864422 0.009021140522292052 0.005521406999465084 0.005020429916502036 0.002895718600105562 0.0031621957718944173 0.002543968733344273 0.0027997868182615742 0.0032972108722674376 0.005190975306446903 0.010378397583936622 0.03549120625331836 0.0455143009415365 0.7282003908329265
0.028840579710085214 0.02463768115936928 0.007080745341600247 0.004534161490673842 0.0037060041407790765 0.0045755693581685805 0.0046997929606527955 0.007329192546568677 0.009296066252568746 0.012277432712189902 0.014927536231853151 0.018240165631432215 0.019420289855032257 0.05200828157339129 0.01159420289852672 0.02142857142852706 0.008861283643873993 0.028674948240106263 0.006314699792947589 0.01745341614903219 0.007101449275347616 0.022318840579663934 0.013913043478232063 0.030476190476127377 0.04942028985497014 0.5708695652162094
0.024767463235291845 0.025008272058821234 0.007383272058822852 0.004435661764705475 0.003319852941176166 0.003168198529411474 0.003369485294117338 0.00423529411764667 0.00556249999999949 0.008960477941175648 0.01535202205882212 0.032886029411761684 0.05509099264705376 0.04313970588234898 0.01972702205882172 0.010647058823528434 0.006795036764705258 0.004868566176470141 0.0036424632352937835 0.0036516544117643707 0.0037233455882349524 0.005136948529411293 0.009351102941175611 0.031593749999997096 0.04317003676470192 0.6210137867646489
0.04982677902620557 0.03757256554306237 0.015292602996251101 0.010250468164791608 0.0073899812734065096 0.00614934456928695 0.0051966292134819295 0.0046605805243434785 0.005236423220972557 0.005713951310860086 0.006633895131084589 0.008635299625466143 0.010456460674154856 0.0084105805243426 0.005458801498126063 0.005259831460672926 0.003974719101122665 0.004541198501871596 0.00398642322097285 0.005327715355803997 0.006493445692882375 0.010135767790259799 0.016470037453179664 0.0343398876404414 0.044985955056169244 0.677600655430553
0.023209109730800807 0.01763975155275851 0.007267080745326569 0.006728778467894971 0.008364389233937133 0.010434782608674049 0.010186335403705619 0.014596273291895246 0.013788819875747848 0.017349896480295342 0.02192546583846392 0.029565217391243136 0.038322981366380286 0.06409937888185487 0.0200621118012007 0.02389233954446399 0.010082815734968772 0.030683229813601068 0.010931677018610907 0.023354037267032394 0.012380952380926747 0.02826086956515888 0.01857142857139012 0.030082815734927364 0.04244306418210674 0.4657763975145636
0.028530020703874677 0.028219461697664143 0.006625258799158125 0.004616977225663319 0.0028571428571369417 0.002629399585915881 0.002629399585915881 0.006956521739116032 0.006128364389221266 0.009358178053810853 0.009668737060021389 0.020351966873663866 0.03747412008273815 0.07020703933732876 0.014886128364358413 0.019875776397474378 0.007453416149052892 0.03405797101442224 0.006231884057958112 0.01666666666663216 0.005445134575558085 0.019089026915074348 0.011014492753600384 0.03198757763968533 0.0446169772255805 0.5524223602473035
0.029420289855011553 0.026211180124169335 0.009834368530000344 0.0062111801242107426 0.005010351966863332 0.004886128364379118 0.0058385093167580985 0.009068322981347684 0.008881987577621361 0.009627329192526651 0.011635610766021457 0.01720496894406376 0.018964803312590133 0.049378881987475406 0.011262939958568814 0.018944099378842765 0.006542443064168649 0.026708074534106195 0.006086956521726528 0.018509316770148013 0.009420289855052959 0.024368530020653482 0.019482401656274365 0.03155279503099057 0.04946169772246488 0.5654865424418934
0.04488960113958515 0.032282763532752036 0.016720085470079516 0.011082621082617136 0.00798433048432764 0.0073646723646697415 0.007225783475780903 0.007403846153843517 0.008287037037034086 0.010010683760680195 0.01316951566951098 0.017702991452985147 0.019013532763525992 0.01817307692307045 0.012592592592588108 0.010363247863244173 0.007378917378914751 0.007136752136749595 0.006249999999997774 0.006805555555553132 0.006962250712248233 0.0086965811965781 0.013596866096861254 0.03210113960112817 0.040975783475768884 0.6258297720795492
0.01051196438508333 0.007818586533108565 0.0015442404006673499 0.0009794101279908237 0.0012214802448521922 0.0013021702838059816 0.0013800779076234334 0.0020422927100717746 0.0023678352810232698 0.0033305509181960685 0.00420979410127874 0.007504173622702419 0.015489705063991239 0.03664440734556576 0.0073427935447948406 0.014460211463546339 0.004769059543682591 0.021933778519749043 0.004972175848635233 0.014184752365048918 0.0056816917084013124 0.01681413466888792 0.009899833055089065 0.017790762381742407 0.590141903171789 0.1956622148023941
0.03758677330980138 0.028167951337291604 0.015472638837293445 0.011000475947249518 0.007676100482911219 0.006032050984397342 0.005698307485140332 0.006328066957651385 0.007436675798661625 0.010467937407130725 0.014484467867754213 0.026172745635211655 0.03660005339895457 0.035665571601034944 0.0198200106797891 0.015580017180532658 0.009774331352153113 0.009222929049032836 0.00753824990713115 0.008382766066120626 0.008855811199850126 0.01284332048662518 0.016833731890785075 0.028276780739223236 0.041329053677557154 0.5727531807205707
0.04961328124999031 0.028144531249994505 0.01756445312499657 0.014302734374997206 0.013244140624997413 0.012867187499997487 0.012091796874997639 0.011302734374997793 0.011539062499997746 0.012556640624997548 0.015062499999997057 0.017904296874996502 0.020255859374996042 0.020058593749996082 0.015964843749996883 0.01505859374999706 0.013248046874997413 0.013404296874997381 0.013242187499997414 0.01408007812499725 0.013908203124997284 0.015035156249997064 0.017882812499996507 0.025427734374995032 0.044740234374991264 0.5414999999998943
0.0260585016834962 0.028215488215482278 0.003057659932659289 0.0016203703703700295 0.0014709595959592865 0.0014057239057236098 0.0008606902356900546 0.0014267676767673765 0.0011595117845115406 0.0018981481481477487 0.0012710437710435035 0.0024537037037031875 0.0025252525252519938 0.018876262626258654 0.001896043771043372 0.006929713804712347 0.0025968013468008005 0.012438973063970446 0.0023232323232318343 0.00825126262626089 0.004558080808079849 0.011788720538718057 0.00923400673400479 0.03787457912457116 0.20543560606056283 0.6043728956227684
0.04657833020636806 0.02582551594746111 0.015661350844274 0.015560506566600478 0.015945121951215772 0.015466697936206504 0.014357410881797759 0.013900093808627135 0.014882739212004014 0.01624765478423634 0.017037992495305573 0.019186210131327583 0.021287523452152606 0.021292213883672306 0.01758911819887017 0.017000469043147982 0.015004690431516182 0.01569652908067174 0.01409474671669463 0.014404315196994746 0.013979831144462012 0.014985928705437386 0.015462007504686806 0.025365853658530637 0.04454268292681882 0.5186444652906851
0.026281828703702437 0.022571855709875455 0.009524498456789664 0.00655237268518487 0.006022858796296006 0.0061400462962960005 0.00597993827160465 0.007627797067900867 0.008752411265431677 0.012404031635801872 0.014754050925925214 0.021996045524690297 0.023485725308640844 0.028951099537035643 0.017825038580246054 0.017454185956789284 0.012820216049382098 0.013825713734567235 0.010421971450616782 0.013002507716048757 0.011982060185184608 0.016520543981480687 0.020966917438270595 0.03588059413580074 0.12676408179011736 0.5014916087962722
0.046351084812610216 0.038134685826982775 0.010972104818255573 0.005486052409127786 0.003341786418708554 0.0024795717103402426 0.002473936320089469 0.003029022259790637 0.003975767821920548 0.004649196956887955 0.00645533953226079 0.008732037193573195 0.011090448013521811 0.010484643561563685 0.0066272189349093754 0.005655114116650985 0.0037588052972657767 0.004077204846434467 0.0028712313327689852 0.0038461538461527626 0.004127923358691427 0.0068329106790626 0.013426317272467335 0.03528036066496611 0.04361510284585979 0.7122259791488554
0.04643892339534899 0.04120082815726459 0.011966873705979365 0.005693581780526515 0.0035610766045474926 0.003457556935810647 0.0025465838509264047 0.0035610766045474926 0.0031055900621053713 0.004430641821936997 0.0044720496894317344 0.005113871635600178 0.004927536231873856 0.006604554865410756 0.005031055900610702 0.0059627329192423134 0.0037060041407790765 0.004679089026905427 0.004223602484463305 0.004741200828147533 0.004182194616968567 0.007267080745326569 0.011407867494800397 0.03279503105583272 0.037267080745264455 0.7316563146982782
0.02985714903180867 0.02579313623789486 0.010342107538034844 0.006674662863069818 0.005516294951589998 0.005618948824342408 0.0056027403181183435 0.006939401798062874 0.009136194674964435 0.014281855117564156 0.021450337136927143 0.03372017634854407 0.041235520401102045 0.03484720781465737 0.021508687759333775 0.01530623271092504 0.009560857538034928 0.00858078319501982 0.0064585494467489565 0.006819458852004795 0.006268369640386598 0.007586661479943855 0.011771697786997345 0.03166601832641428 0.039640603388654085 0.5838163468187474
0.026390817901233297 0.019784915123455836 0.01064091435185134 0.008566743827160082 0.008295235339505774 0.008804494598765008 0.010008680555555073 0.012751253858024078 0.015546392746912831 0.020911458333332324 0.02625819830246787 0.03789158950617101 0.04240885416666462 0.0403795331790104 0.02675781249999871 0.022948977623455685 0.01702642746913498 0.016096161265431324 0.012803819444443828 0.013600983796295641 0.01262297453703643 0.014647955246912875 0.016738040123455984 0.02592351466049258 0.07269965277777428 0.45949459876541
0.033519668736990645 0.028385093167643094 0.009047619047600316 0.0058385093167580985 0.003726708074526446 0.004409937888189628 0.0040786749482317215 0.006169772256716005 0.005652173913031776 0.00821946169770555 0.009399585921305591 0.014347826086926816 0.01567287784675844 0.052960662525770266 0.014637681159389983 0.020351966873663866 0.008343685300189764 0.027826086956464127 0.008467908902673979 0.01695652173909533 0.007039337474105509 0.018012422360211153 0.012505175983410962 0.03380952380945381 0.04231884057962253 0.5883022774314942
0.03503768382352619 0.02516360294117416 0.014322610294116331 0.011522058823528355 0.009829963235293216 0.009612132352940294 0.010033088235293197 0.011256433823528379 0.012244485294116522 0.014518382352939844 0.01761029411764544 0.023284007352939038 0.026728860294115194 0.026748161764703425 0.019695772058821722 0.016814338235292575 0.014231617647057517 0.014151654411763406 0.012732536764704714 0.012685661764704717 0.012201286764704762 0.013875919117645784 0.01677297794117493 0.026524816176468152 0.044957720588231165 0.5474439338234791
0.024761904761853495 0.019254658385053303 0.008012422360231858 0.0048240165631370105 0.004741200828147533 0.005486542443052823 0.005652173913031776 0.008550724637663456 0.009565217391284544 0.013643892339516265 0.015879917184232133 0.02443064182189559 0.024037267080695576 0.08227743271204498 0.019503105590021733 0.02774327122147465 0.011987577639726734 0.03964803312621191 0.00917184265008453 0.018633540372632228 0.008053830227726596 0.022877846790842902 0.021055900621074417 0.03190476190469585 0.03838509316762239 0.4999171842639753
0.04105534709192283 0.033238742964344925 0.010762195121948696 0.007689962476546039 0.00630393996247507 0.006092870544088628 0.005778611632268814 0.006151500938084861 0.006055347091931037 0.0074695121951202 0.008900093808628306 0.014223733583486345 0.019434803001871614 0.021585365853653473 0.011167917448402634 0.011761257035644521 0.00870309568480096 0.010884146341460862 0.007762664165101369 0.009770168855532418 0.00797842401500751 0.01173545966228618 0.01380393996247331 0.03432223264539533 0.0731894934333787 0.6041791744839108
0.010378519694009098 0.00908915201822801 0.0026283264160152906 0.002334594726562203 0.002112070719400773 0.0026906331380204913 0.002332051595051787 0.0038719177246088828 0.0037422180175776493 0.006121317545572138 0.005812327067056553 0.013716379801430548 0.02284622192382522 0.08004760742186483 0.01472981770833146 0.022945404052731457 0.012587229410805692 0.028727213541663014 0.010307312011717439 0.018661499023435127 0.009265899658201947 0.02089182535807026 0.014705657958982505 0.03377278645832904 0.2894388834635049 0.3562431335448766
0.02995859213244315 0.023809523809474514 0.010041407867474034 0.006501035196673911 0.005258799171831762 0.005010351966863332 0.004492753623179104 0.008716356107642409 0.007287784679073938 0.011904761904737257 0.012981366459600453 0.02178053830223234 0.022256728778421827 0.05430641821934926 0.01304347826084256 0.025031055900569293 0.010082815734968772 0.03192546583844322 0.008426501035179241 0.020082815734948068 0.009275362318821376 0.02732919254652727 0.018219461697684847 0.0234161490682745 0.04062111801233826 0.548240165630335
0.031074791259537726 0.023659619825893173 0.012719843666721364 0.010620003553025184 0.010289571860007004 0.010989518564572396 0.010765677740269758 0.012751820927336026 0.012467578610761247 0.016731213359382935 0.018028068928755366 0.025127020785210473 0.024963581453179975 0.030829632261491977 0.01987564398649143 0.021769408420670894 0.016866228459755956 0.018330076390116065 0.015270918457980006 0.017257061645046274 0.015487653224368276 0.018184402202871493 0.021275537395622216 0.02810801208028847 0.04824302718065438 0.5083140877596346
0.034886128364317 0.027204968944043055 0.008095238095221335 0.0049482401656212255 0.0031677018633474788 0.0038302277432632915 0.0031262939958527406 0.0044513457556843656 0.0035610766045474926 0.004865424430631748 0.005362318840568608 0.007556935817789737 0.009503105590042436 0.040662525879832996 0.007701863354021321 0.01666666666663216 0.006128364389221266 0.025859213250464058 0.005486542443052823 0.017536231884021664 0.008178053830210811 0.02149068322976917 0.01614906832294793 0.02929606625252734 0.1856521739126591 0.49863354037163843
0.024741200828106127 0.022629399585874472 0.009026915113852946 0.004782608695642272 0.0033954451345685394 0.0028571428571369417 0.0035403726708001233 0.00677018633538971 0.007060041407852878 0.008840579710126624 0.009275362318821376 0.015383022774295273 0.015734989648000547 0.05252587991707552 0.010579710144905632 0.017971014492716417 0.0044720496894317344 0.029378881987516814 0.003188405797094848 0.016376811594168993 0.0046997929606527955 0.023498964803263977 0.009420289855052959 0.025507246376758785 0.13836438923366798 0.5299792960651553
0.051130070483309566 0.036045382623702174 0.016616621116224053 0.009971051495971486 0.006857738780206519 0.005424697928653138 0.004711773590333294 0.004386327675488674 0.004110327963175695 0.004142692750287315 0.004515786823935153 0.005208033659378128 0.006241009781357322 0.005888593210586352 0.004368347238204441 0.004372842347525499 0.0036230581127729773 0.004246080264671655 0.0039862629459144865 0.004955408515534653 0.006165491944763543 0.009479286536247711 0.0159261723245095 0.03609932393555487 0.0474773446490176 0.6940502733025844
0.03301043528870306 0.03174240219511938 0.01370930861013833 0.009156861929895276 0.006485677462264077 0.0061842597596909075 0.0064233151789730766 0.008252608822175765 0.00946867334635028 0.011474660125544137 0.01452001829292134 0.02188916143514126 0.028198145761414172 0.022907745395560942 0.014904585706549178 0.010903005862043296 0.007337962000574421 0.007036544298001251 0.005602211782308234 0.0057269363488902355 0.005914023198763238 0.00781607283913876 0.011682534403180806 0.02727310522593099 0.02945578514111602 0.6429239595885722
0.0010612317898022721 0.0022001821019770715 0.0010781412591050815 0.0007438540582726206 0.0004770421436004085 0.0004903746097814697 0.0005487447970863595 0.0008015738813735563 0.0008474245577523276 0.001045297866805394 0.0010654591571279744 0.0026199921956295102 0.0065255918314254925 0.008804630593132011 0.0018163046305931028 0.003395714099895887 0.0012735757023933196 0.004704572060353722 0.0009355489073881222 0.002560646462018689 0.00068109391259104 0.002606984911550426 0.0013688540582726106 0.00453986732570232 0.8830362252861459 0.06477107180020707
