0.03318606713973327 0.026432575964333942 0.011752865720522346 0.009296533842793438 0.008534616084423824 0.008275905203783395 0.009050616357349514 0.011089030658659267 0.013292337609168417 0.01744166211790145 0.021635052765644668 0.027447518649923317 0.030751057587331872 0.027861171761276973 0.019980440320230056 0.017556802674669993 0.014035776018920858 0.013819709788935444 0.010611410571323091 0.011064865356621425 0.010165063227800593 0.011373328329692706 0.013504139374088328 0.024908740447594713 0.03913215292939764 0.5578005594977373
0.034379185267852344 0.027377232142853324 0.013701171874998088 0.009681919642855792 0.008300781249998841 0.008349609374998835 0.009192243303570146 0.011012834821427035 0.013641183035712382 0.018828124999997375 0.026111886160710644 0.0335128348214239 0.03534040178570935 0.03031808035713863 0.02112583705356848 0.017045200892854766 0.013151506696426736 0.011404854910712695 0.00954799107142724 0.00943917410714154 0.009073660714284448 0.010970982142855612 0.01403599330356947 0.026941964285710527 0.03859374999999462 0.5389215959820677
0.03171272493572925 0.022646743787486864 0.0158965295629803 0.01360539845758209 0.012593187660667032 0.012189374464437425 0.01187982005141261 0.012551413881746727 0.014151670951155297 0.017584618680375152 0.022570694087401182 0.029990359897169024 0.03445801199656872 0.031491002570690714 0.024829691516706852 0.02011996572407668 0.016079691516707788 0.014399100257067867 0.012900599828619012 0.012841688089116019 0.012980934018850367 0.013607540702654927 0.01568230505569669 0.022580334190228944 0.03209297343615766 0.5185636246786077
0.031120039682536595 0.02501785714285466 0.01216964285714165 0.008848214285713408 0.008262896825396005 0.008663690476189617 0.009660714285713327 0.011354166666665541 0.01418650793650653 0.018994047619045735 0.023656746031743683 0.030535714285711255 0.032599206349203116 0.028873015873013008 0.02202976190475972 0.017511904761903025 0.013767857142855777 0.011416666666665534 0.009243055555554639 0.00844543650793567 0.007853174603173824 0.008906746031745148 0.012259920634919418 0.025500992063489533 0.03125297619047309 0.5678690476189913
0.0317466991842481 0.023746250665762973 0.01572057298236321 0.01258094357076428 0.010988702940596253 0.010728001569811699 0.011283043197933652 0.013035068539227698 0.015372971154650472 0.01940683430044588 0.02395649370671826 0.030712303422748097 0.035744120202944596 0.034544333249226435 0.02651865556582667 0.021099991590272447 0.016718526616764297 0.015527149384684347 0.012855661144279187 0.011824068623325253 0.011193339500459396 0.012620188938409268 0.014787093880521743 0.021565329520920145 0.0337594258963267 0.5119642306504886
0.04215240478514982 0.027169799804683353 0.01526031494140392 0.012170410156248142 0.010595703124998383 0.0101638793945297 0.010511779785154647 0.011502075195310746 0.012857055664060538 0.014747619628904 0.01682891845702868 0.019946289062496958 0.020742797851559334 0.02063598632812185 0.01730041503905986 0.014842224121091485 0.012423706054685605 0.011488342285154498 0.010508728027342146 0.010946655273435829 0.011079406738279559 0.012919616699216778 0.015669250488278857 0.02568817138671483 0.0413146972656187 0.5705337524413192
0.04182116104867935 0.02502808988763459 0.01696629213482749 0.012799625468161798 0.012310393258424085 0.012633426966289177 0.01437968164793671 0.017495318352055828 0.019573970037448603 0.02179073033707355 0.024246254681642265 0.02623127340823356 0.026917134831454373 0.02592228464418869 0.02191245318351547 0.02013576779025746 0.016720505617973613 0.016022940074902615 0.013888108614228959 0.012799625468161798 0.01235955056179486 0.013412921348311468 0.015316011235951471 0.024396067415724625 0.03673689138575919 0.49818352059913434
0.03652291666666286 0.030265624999996847 0.01796874999999813 0.013881249999998554 0.011218749999998832 0.00994479166666563 0.009247916666665704 0.00953958333333234 0.010387499999998918 0.012782291666665335 0.01590937499999834 0.02278645833333096 0.03341041666666319 0.025203124999997373 0.017161458333331547 0.014180208333331857 0.011914583333332092 0.011478124999998804 0.010841666666665537 0.011605208333332125 0.012848958333331995 0.01498124999999844 0.017807291666664813 0.028774999999997 0.0371166666666628 0.5522208333332758
0.02734153567518607 0.027605360638018744 0.012845423528190823 0.0077008367529536985 0.006078669751752803 0.005511802601882601 0.005436933355673329 0.0074762290143258825 0.009914827319427886 0.01548010795431711 0.021376952393847397 0.03149499623870045 0.03494967717092829 0.03371611720957552 0.021833298275503912 0.01650332098584383 0.010478129267097649 0.008570746089861431 0.006228408244171348 0.006716840945631837 0.006998491919466718 0.00945491623557093 0.013793767313508268 0.026649886448300415 0.0304432615895702 0.5953994630803363
0.04711770833332843 0.02853020833333036 0.019022916666664686 0.016640624999998268 0.014041666666665203 0.01308958333333197 0.012467708333332035 0.01228124999999872 0.011873958333332097 0.01196666666666542 0.01265416666666535 0.0137583333333319 0.014715624999998468 0.014405208333331834 0.012329166666665382 0.012097916666665407 0.010932291666665529 0.011439583333332141 0.010856249999998869 0.012077083333332076 0.01250833333333203 0.01475104166666513 0.018342708333331424 0.029431249999996936 0.0483333333333283 0.5643354166666079
0.01997363281249805 0.01372460937499866 0.009745117187499049 0.00891699218749913 0.008792968749999141 0.01063964843749896 0.012832031249998746 0.017985351562498243 0.023272460937497727 0.032631835937496814 0.04311523437499579 0.0573544921874944 0.062279296874993915 0.058602539062494276 0.03828124999999626 0.029940429687497078 0.021358398437497914 0.018229492187498218 0.01383300781249865 0.012960937499998734 0.010920898437498933 0.012444335937498784 0.015107421874998524 0.020520507812497996 0.033150390624996764 0.39338671874996156
0.02921296296295451 0.02661458333332563 0.013075810185181402 0.009577546296293525 0.007719907407405174 0.0073553240740719455 0.007280092592590486 0.008917824074071493 0.011041666666663471 0.014490740740736547 0.018978587962957472 0.028561921296288033 0.03662905092591533 0.03238425925924989 0.020870949074068036 0.015193865740736345 0.010934606481478317 0.008776041666664127 0.006348379629627793 0.0064785879629610885 0.006481481481479606 0.008405671296293864 0.012039930555552072 0.026588541666658975 0.02972800925925066 0.5963136574072349
0.029232687793416506 0.027611502347407713 0.012158890845065962 0.007089935446006789 0.005094630281688272 0.004819542253519359 0.004969923708918365 0.006044600938964919 0.0070715962441288615 0.010049882629104294 0.014865757042248068 0.027992957746468605 0.04114950117369383 0.041919747652566786 0.02057291666665912 0.013893779342717908 0.008843163145536662 0.007948210093893798 0.005670481220655197 0.006011590375584649 0.00641138497652347 0.007915199530513528 0.01181044600938534 0.02767018779341708 0.0368287852112541 0.606352699530294
0.03391011555989008 0.02685207790798156 0.014767116970483607 0.01239861382378262 0.011004977756074523 0.010504828559025996 0.010472615559894058 0.011579725477428592 0.012815687391490882 0.015838623046872315 0.02069769965277427 0.030198838975689323 0.03806050618488938 0.030946519639751698 0.021282619900170004 0.017976548936628898 0.014451768663191995 0.01310390896267139 0.011259290907116146 0.01049804687499822 0.010313245985241307 0.011311848958331415 0.01396857367621291 0.02494812011718327 0.03450351291232054 0.5363345675997354
0.05234557823127827 0.027940136054414165 0.023540136054415364 0.018729251700675176 0.014092517006798887 0.011959183673466134 0.010250340136051632 0.010019047619044893 0.00925170068026959 0.009496598639453199 0.011080272108840522 0.013757823129247957 0.016261224489791493 0.014402721088431455 0.01074285714285422 0.009684353741493963 0.007580952380950318 0.00802176870748081 0.00705578231292325 0.00814149659863724 0.00964897959183411 0.014174149659860089 0.02143129251700097 0.029352380952372966 0.0456707482993073 0.5853687074828339
0.04005481350805878 0.02621683696847132 0.017394840542519503 0.014459425403223735 0.012563576796185884 0.01215118676686043 0.01203806589076074 0.013646100623165201 0.016247880773458085 0.020489197672284454 0.02487800128298764 0.03230818135996605 0.03719528958943749 0.03297831515761991 0.02484793117668266 0.020192792338706786 0.016329499633428748 0.015811148277123835 0.01438353418254926 0.014125790414220851 0.01376494913856108 0.015055099890027169 0.016591539131229297 0.02440690295087627 0.038704522543982725 0.4731645779874689
0.03960037231444809 0.024762471516923935 0.014517466227211695 0.012058258056639092 0.011442820231118337 0.012446085611977584 0.013722737630206589 0.015270233154294934 0.01733907063801863 0.020198822021481808 0.023915608723955293 0.029707590738928515 0.031697591145829304 0.028073628743486012 0.021091461181637943 0.01760737101236755 0.014759063720701248 0.013956705729164891 0.012360890706378637 0.012106577555337002 0.01129404703775898 0.011932373046873482 0.014527638753253361 0.024450937906897934 0.039006551106765874 0.5121536254882161
0.038646666666640905 0.0305999999999796 0.01680666666665546 0.012606666666658262 0.010773333333326151 0.009433333333327045 0.008719999999994187 0.009493333333327005 0.009859999999993426 0.010866666666659423 0.012453333333325031 0.014799999999990134 0.015579999999989613 0.017439999999988375 0.013039999999991307 0.012919999999991386 0.011533333333325645 0.011433333333325711 0.00941999999999372 0.00956666666666029 0.010013333333326657 0.01221333333332519 0.015513333333322991 0.026013333333315992 0.03835333333330777 0.6118999999995921
0.036134374999996235 0.02612812499999728 0.014116666666665197 0.011998958333332083 0.011268749999998827 0.011422916666665476 0.011737499999998777 0.012748958333332006 0.01450312499999849 0.017424999999998185 0.021998958333331042 0.029714583333330238 0.03408020833332978 0.02820729166666373 0.020164583333331234 0.016335416666664965 0.013355208333331942 0.0121572916666654 0.010848958333332203 0.01074999999999888 0.01033541666666559 0.012088541666665408 0.014945833333331776 0.027704166666663782 0.03783229166666273 0.5319968749999446
0.036872209821422856 0.03234902033729657 0.012641059027775818 0.007380022321427427 0.004985119047618275 0.004041108630951754 0.003794642857142269 0.004203869047618396 0.004929315476189712 0.006259300595237125 0.007787698412697205 0.010554625496030109 0.012076822916664795 0.011690848214283902 0.007958209325395591 0.006868489583332269 0.00488746279761829 0.004909164186507176 0.0039729042658724 0.004614645337300872 0.005068824404761119 0.007564484126982954 0.011924913194442596 0.03297526041666155 0.04131789434523169 0.7083720858133823
0.03291931152343248 0.027874755859370746 0.011738586425779459 0.007716369628905073 0.00648498535156151 0.0064819335937490105 0.006510925292967757 0.0072738647460926405 0.009271240234373585 0.013717651367185406 0.019601440429684508 0.02712707519530836 0.03218841552733884 0.029666137695307973 0.02030792236327815 0.014018249511716612 0.010165405273435948 0.008927917480467387 0.0071197509765614135 0.007353210449217628 0.007647705078123833 0.009324645996092328 0.012892150878904282 0.02711791992187086 0.03643951416015069 0.6001129150389709
0.040802044221939844 0.03108886107634219 0.02202544847726095 0.01660304547350682 0.012365456821024993 0.009889445139757 0.008521068001667863 0.007957863996661665 0.008645181476845155 0.010139758030870865 0.013306216103461273 0.019230287859822774 0.025746766791820426 0.02095640383812881 0.014908218606590019 0.01369732999582669 0.012130788485605743 0.012357113057987864 0.01235189820608966 0.012919274092614423 0.01401752190237651 0.01637776387150434 0.02010951188986023 0.028545056320397524 0.04545577805589847 0.5498518982060336
0.03422519509473646 0.023369565217375023 0.017607302118159415 0.01472268673354604 0.01419314381269914 0.013057413600882764 0.01133639910813034 0.012137681159411832 0.014074693422509702 0.01780239687847143 0.023766722408010196 0.036838071348915244 0.047435897435864384 0.03648968784835808 0.022658862876238393 0.01782329988850486 0.012493032329980147 0.011691750278698653 0.010876532887394874 0.011197045707907471 0.011078595317718033 0.012381549609801852 0.014025919732431698 0.021571906354500018 0.03293617614267493 0.5042084726863822
0.0486723542944727 0.037217216257664255 0.018392925613494728 0.012047066717789967 0.00788079946318924 0.005753930214723237 0.0048109183282202825 0.004354390337422791 0.00415308665644122 0.004348399156441197 0.004444258052146707 0.005320168711655804 0.005779093174845934 0.0062356211656434245 0.004779764187115992 0.005001437883434983 0.00422737730061299 0.004839675996931935 0.004628786426379814 0.005876150306747762 0.00758243865030584 0.011156777223925043 0.017810582822083757 0.03630176380367663 0.049960458205515486 0.6784245590489985
0.036737499999996176 0.021495833333331094 0.014478124999998492 0.01320416666666529 0.012266666666665389 0.012168749999998733 0.013035416666665309 0.015233333333331746 0.017560416666664837 0.021766666666664398 0.0268656249999972 0.0342385416666631 0.03807708333332937 0.036433333333329536 0.026834374999997204 0.021474999999997763 0.017286458333331534 0.015345833333331735 0.013463541666665264 0.012861458333331993 0.012669791666665348 0.013764583333331899 0.015668749999998368 0.022416666666664333 0.0355437499999963 0.4791083333332834
0.04042553191488228 0.037263476578914795 0.006685728702378077 0.0024360160345352406 0.0015277660976084075 0.001323129537745263 0.0014436688812262933 0.0017828609873008206 0.002354722058699197 0.003885291396853675 0.006270849101559647 0.010150534017321182 0.013391080088578648 0.012048327867010891 0.007470636055277809 0.005460712583745281 0.0034844279987655976 0.0035573122529634297 0.002222969753033885 0.002806043786616543 0.0026742914809512307 0.004011437221426846 0.007605191601489192 0.03574692344349067 0.046236649566886376 0.7377344209904584
0.04679567207656608 0.03994486059092385 0.014987515605491575 0.007867249271742835 0.004630669995838053 0.0031398252184765773 0.0026061173533080935 0.002419891801914022 0.0026061173533080935 0.002884935497294748 0.0032688306283808503 0.003893050353724106 0.004351851851851399 0.004777361631293719 0.003230337078651349 0.003557012068247653 0.0026622971285889863 0.0031845609654595104 0.002833957553058382 0.003656887224302574 0.0047929671244273 0.008176238035787747 0.015033291718683414 0.037753849354969025 0.04899188514356544 0.7219527673740406
0.03504758418740348 0.030712390190332357 0.01266099698023245 0.008002665172033996 0.006514229502195262 0.005929435852854203 0.005806471907026988 0.0066486319546110555 0.007642352214493783 0.009206567990481846 0.011721609626645469 0.015441983894580515 0.020184674688869735 0.018337355874814363 0.01259093612737741 0.00978850201317576 0.0069160070461190696 0.0061453376647136165 0.004779865940702098 0.00509585468521157 0.005710674414347646 0.008185681277451246 0.01195609901171132 0.0306380398975066 0.03310160825402162 0.6712344436309435
0.020448430493270487 0.01766965620328585 0.009204783258593542 0.007433482810163313 0.007385650224214143 0.008125560538115377 0.009243647234677244 0.013689088191328297 0.017632286995513058 0.027568011958142367 0.03634080717488246 0.05227653213751087 0.05235426008967827 0.05378475336322066 0.03701943198803632 0.031140508221221056 0.021330343796708322 0.01731091180866707 0.011609865470850283 0.011044843049325704 0.00871300448430363 0.009576980568010526 0.011645739910312161 0.020837070254107498 0.026962630792223174 0.45965171898348883
0.037095238095233046 0.032425850340131644 0.016155102040814127 0.009771428571427243 0.00674965986394466 0.00524489795918296 0.004823129251700024 0.0049632653061217735 0.005702040816325755 0.007371428571427569 0.010681632653059771 0.017799999999997578 0.025518367346935304 0.018111564625847877 0.010838095238093764 0.007918367346937698 0.005986394557822315 0.005722448979591058 0.004991836734693198 0.005808163265305332 0.00678911564625758 0.009782312925168736 0.01657006802720863 0.03276054421768262 0.037687074829926843 0.6527319727890268
0.031894971513484326 0.02316571711665932 0.014322516720329788 0.012796631161747438 0.011508545949957143 0.010433490215501395 0.010839732474604489 0.012578647510521387 0.014312608372546786 0.017839980183295596 0.023889026504818483 0.034183799851357846 0.045068119890985844 0.039326232350736026 0.025593262323494875 0.018573197919237765 0.013599207332170623 0.011825613079013215 0.009829081000738257 0.009616051523403708 0.009739905870691236 0.011166707951443564 0.013906366113443692 0.02255139955411318 0.028298241268254497 0.5231409462469541
0.04184977213541134 0.03434371948241751 0.013060251871743131 0.008036295572915644 0.005961100260415909 0.005196889241535797 0.004739125569660856 0.004720052083332733 0.005096435546874352 0.005963643391926325 0.006880442301431417 0.008682250976561397 0.009733835856118554 0.008895874023436369 0.006795247395832469 0.00639088948567627 0.00533421834309828 0.0053761800130201496 0.004989624023436866 0.00533421834309828 0.006135304768879428 0.0087763468424468 0.01337432861327955 0.033082326253251 0.03886413574218256 0.7023874918618899
0.026904797309659403 0.023150107521958622 0.005948023426060643 0.00360312957540212 0.0026022602489015312 0.002436401903367148 0.0022848416910684873 0.002679470168374434 0.00302977443264964 0.0042050809846260456 0.005411843429721042 0.0079869372254747 0.009978667185210873 0.01276823297950037 0.007384985816250775 0.007201969710833524 0.005124450951683015 0.006143907851390044 0.004199361731331757 0.005469035962663933 0.00554338625548969 0.01111107933748011 0.02210348416910372 0.06594156066982952 0.12352586246337911 0.6232613469984467
0.05677278401996912 0.03280170620057919 0.022476071577192835 0.017867249271741794 0.013847274240531227 0.010205992509362233 0.007736163129420752 0.006835205992508652 0.006085101955887839 0.005814606741572428 0.005730337078651089 0.005823970037452578 0.00569600499375721 0.006276529338326438 0.004958385351643263 0.005688722430294872 0.005108198085725644 0.0060559717020384875 0.0061943404078229096 0.008008739076153973 0.009834581772782998 0.013942987931750526 0.020116521015395326 0.03356741573033359 0.053954431960044326 0.6286007074489567
0.03149374999999672 0.022429166666664332 0.013533333333331924 0.011509374999998802 0.010755208333332213 0.010037499999998955 0.009791666666665647 0.011140624999998839 0.012821874999998664 0.01693020833333157 0.02352395833333088 0.039126041666662593 0.05753333333332734 0.04169895833332899 0.022348958333331004 0.016596874999998273 0.012760416666665338 0.011315624999998821 0.009771874999998983 0.009938541666665631 0.010388541666665585 0.011651041666665453 0.014393749999998501 0.02400833333333083 0.034356249999996424 0.5101447916666135
0.04869101123594822 0.043782303370780366 0.009908707865167147 0.004075842696628641 0.002276685393258107 0.001646067415730106 0.0013061797752807155 0.0010365168539324388 0.0010056179775279487 0.0011839887640447775 0.0014157303370784529 0.0019297752808986053 0.002828651685392861 0.002997191011235534 0.0016615168539323509 0.0018735955056177144 0.001103932584269508 0.0016137640449435935 0.0013300561797750942 0.0020786516853929663 0.002842696629213084 0.005147471910111637 0.010946629213481609 0.041502808988758216 0.04928511235954364 0.7565294943819162
0.035663541666662954 0.0214364583333311 0.014128124999998529 0.012904166666665322 0.01202083333333208 0.012178124999998732 0.012994791666665314 0.015057291666665099 0.018098958333331448 0.023410416666664227 0.028638541666663683 0.03798645833332938 0.04209583333332895 0.038876041666662614 0.028284374999997055 0.02249270833333099 0.017283333333331534 0.015570833333331712 0.013419791666665268 0.01277499999999867 0.012210416666665395 0.013258333333331953 0.014885416666665116 0.021733333333331068 0.03474479166666305 0.4678520833332846
0.03007685185184907 0.022100925925923883 0.013056481481480274 0.011513888888887824 0.010604629629628649 0.011272222222221179 0.01232962962962849 0.014851851851850478 0.016756481481479932 0.021286111111109143 0.02557592592592356 0.03350370370370061 0.03640740740740404 0.03455462962962643 0.027309259259256733 0.02304074074073861 0.018222222222220537 0.01626018518518368 0.01367407407407281 0.01299074074073954 0.012150925925924802 0.012874074074072884 0.014449074074072739 0.022938888888886767 0.03383240740740428 0.49836666666662055
0.028905208333330323 0.02441145833333079 0.007990624999999167 0.005020833333332811 0.004147916666666235 0.004304166666666219 0.004589583333332856 0.006082291666666033 0.0077937499999991885 0.011230208333332164 0.01599270833333167 0.024836458333330747 0.029379166666663608 0.029504166666663594 0.019718749999997946 0.014618749999998477 0.009571874999999003 0.008286458333332471 0.006011458333332707 0.005572916666666086 0.005394791666666105 0.006808333333332624 0.010927083333332196 0.029911458333330216 0.03743958333332943 0.6415499999999331
0.023792708333330855 0.01745416666666485 0.010611458333332227 0.010842708333332203 0.012294791666665385 0.01464479166666514 0.01675833333333159 0.020133333333331237 0.025078124999997387 0.03259791666666327 0.04025937499999581 0.05177187499999461 0.058306249999993925 0.04996770833332813 0.03606666666666291 0.02836770833333038 0.022803124999997624 0.019245833333331328 0.016127083333331654 0.014305208333331843 0.01273229166666534 0.012061458333332076 0.01209687499999874 0.01717291666666488 0.026078124999997284 0.39842916666662515
0.04549625187405615 0.029862068965512766 0.02039130434782303 0.016452773613190936 0.013251874062966528 0.011269865067464578 0.009811094452772142 0.009221889055470882 0.00929085457271225 0.010161919040478237 0.011656671664166169 0.014328335832081809 0.01577661169415056 0.015203898050972234 0.011914542728633896 0.010850074962517114 0.008757121439279047 0.009326836581707748 0.008953523238379467 0.010326836581707598 0.012196401799098621 0.015605697151421948 0.01975862068965221 0.02896701649174978 0.04817391304347104 0.5829940029984133
0.03520147679324523 0.028754219409279667 0.013706751054850875 0.010373417721517893 0.009061181434598201 0.008719409282699502 0.008553797468353528 0.009550632911391398 0.011041139240505165 0.014973628691981542 0.019994725738394514 0.029738396624469438 0.03545464135020723 0.03091772151898408 0.020775316455694012 0.016805907172994006 0.012794303797467006 0.011989451476791984 0.010308016877636043 0.01006645569620147 0.009641350210969447 0.011465189873416512 0.01475738396624317 0.028740506329110894 0.04014556962024893 0.5464694092826428
0.03789921993550273 0.027182224487856368 0.016374834028829135 0.013997889795142084 0.012161833744307758 0.011780989188162139 0.01237818901744885 0.013443664643397097 0.015562760811833809 0.018433172894534448 0.021202816767826902 0.026189361248099306 0.02902272619498811 0.026216035185883824 0.020959787556901293 0.017526259009860833 0.014716604229891598 0.01299909901365513 0.011898058137327524 0.012074402503791838 0.011466829476477815 0.013111722306523094 0.01559536229134822 0.02576850578527691 0.04050585641122313 0.5215317953337618
0.045707702636711776 0.038317871093744155 0.013885498046872882 0.00858154296874869 0.005996704101561585 0.004707336425780532 0.0041000366210931245 0.0037475585937494283 0.003715515136718183 0.004367065429686834 0.005085754394530474 0.007177734374998905 0.008273315429686238 0.007942199707030037 0.005474853515624165 0.005558776855467902 0.004156494140624366 0.004608154296874297 0.004411315917968077 0.005220031738280453 0.006185913085936556 0.00891571044921739 0.014569091796872777 0.03655090332030692 0.04699859619139908 0.6957443237303625
0.0484066259628444 0.034080142434724466 0.018137814760425967 0.012690602342041904 0.008933657360891571 0.00692136606813067 0.006015405621247561 0.005435762681298652 0.005086545700193631 0.005422881727077566 0.005968175455770243 0.00660649829828188 0.007256270877878928 0.006752482446120865 0.005196749419640708 0.005590334131951695 0.004466828680445786 0.004705841942103731 0.0047673842789378125 0.00601969927265459 0.00685553007988956 0.009793818859433038 0.015647496944349176 0.033076859222615364 0.06561128715080941 0.6605539382800977
0.022903145900409757 0.015615556106011586 0.011023036908590031 0.011880108991819727 0.012831310378987945 0.01463462967549436 0.017126579142919433 0.02203616546939706 0.027143918751534733 0.03593262323505775 0.05036908595489206 0.06961605152337398 0.07640822392862204 0.06758484022785852 0.046029229625937064 0.034406737676475396 0.024721327718590674 0.02152093138468094 0.018137230616785665 0.016284369581364238 0.014030220460731222 0.013336636115921062 0.011795888035664209 0.013049294030213996 0.023978201634865505 0.30760465692330563
0.04676555023921953 0.03445933014352968 0.016162679425832164 0.009824561403505638 0.0064880382775098925 0.005259968102071687 0.00431897926634631 0.004491228070174006 0.004912280701752819 0.005263157894735164 0.007097288676233781 0.012121212121208255 0.023700159489625613 0.014586921850075091 0.008615629984048289 0.007524720893139545 0.005540669856457563 0.006223285486441396 0.005161084529503936 0.006019138755978941 0.006625199362039354 0.009416267942580728 0.015448165869213572 0.032960127591696024 0.04196172248802489 0.6590526315787372
0.02362571132228194 0.018190227903451296 0.0121043926779323 0.008628374400804915 0.007501471701284584 0.007801418439714125 0.008656406806265619 0.011832478344963464 0.014745045272330686 0.02152888739382123 0.030143245591895792 0.04645530232947987 0.052692512544486675 0.05196367000250835 0.03449948140048931 0.02693633840719117 0.018170605219628804 0.015515936422500065 0.011849297788239888 0.011131668208445846 0.01014212429568297 0.012157654248307639 0.014854371653627433 0.022773526196276518 0.03536568272922508 0.4707341686988841
0.05937916666666048 0.044015624999995416 0.012509374999998697 0.006799999999999292 0.004317708333332884 0.002877083333333034 0.0019427083333331309 0.0017687499999998158 0.0014864583333331785 0.0015145833333331756 0.001548958333333172 0.0019270833333331326 0.002137499999999777 0.002694791666666386 0.0018947916666664693 0.0024854166666664077 0.001996874999999792 0.002646874999999724 0.002524999999999737 0.003676041666666284 0.0044854166666661996 0.006952083333332609 0.013301041666665282 0.04031979166666247 0.050719791666661386 0.7240770833332579
0.014823929055907875 0.010388522035493012 0.0074147673128009605 0.007334887944660788 0.00826120833660209 0.008478424162246421 0.008029978586722643 0.011998721930108076 0.013358072580914527 0.02096903483300714 0.019022500756749244 0.03396554816865562 0.029986995078305607 0.05311697702836795 0.01912059822639507 0.02861783468053457 0.017061952756256226 0.02748410820991352 0.015364866531383432 0.03057137571891003 0.022937991188041226 0.034667645772835036 0.028132952901999488 0.029115328990881262 0.2135483816719994 0.2862273955401686
0.041065959395017185 0.03219980423730473 0.016178838685227438 0.010959552903283458 0.008670392472606274 0.0074421394966981014 0.006886426068009571 0.006564364876383264 0.0070064096492036855 0.008553566354075162 0.010511193205137031 0.013330807363198721 0.014669571532311998 0.012727731994565145 0.009194531274664774 0.008724069337877324 0.00637175965394008 0.006491743235134195 0.006223358908778938 0.007202172334309873 0.007982065612071617 0.010381737235953906 0.015689431972461972 0.02959489754032724 0.04378137728519978 0.6515960973759428
0.04007766745973072 0.03686344710834026 0.007083295204977026 0.003977740666178055 0.002795285047583788 0.0022705435578327647 0.0020217560395311895 0.002599400622254387 0.002971152086383177 0.004348062316983273 0.006359809663249456 0.01368760294655734 0.021116912975838856 0.01766248398608825 0.007692395680818812 0.005853655746704873 0.003560235175694952 0.0034301221632498757 0.0021475796120055493 0.0025250503294286285 0.0026651720351387113 0.00423939650439178 0.007575150988285886 0.037626967423127856 0.04291012765372739 0.7159389870057542
0.022158333333331025 0.015723958333331695 0.009242708333332371 0.008624999999999102 0.008719791666665758 0.010621874999998894 0.012769791666665337 0.01685729166666491 0.021628124999997746 0.02924791666666362 0.038262499999996015 0.055697916666660865 0.07056979166665932 0.058191666666660605 0.03182812499999668 0.025415624999997354 0.017888541666664804 0.017930208333331466 0.01383437499999856 0.014967708333331773 0.012901041666665322 0.014838541666665121 0.014606249999998478 0.018398958333331418 0.10437499999998913 0.3346989583332985
0.039406162464963916 0.03559103641454589 0.01024089635853768 0.00677871148459004 0.00504761904761622 0.0045882352941150764 0.004476190476187968 0.004829131652658359 0.0055854341736663385 0.006812324929968173 0.008308123249295066 0.011092436974783702 0.011260504201674364 0.011854341736688036 0.007086834733889587 0.007165266106438563 0.004196078431370198 0.0045714285714260105 0.0036694677871127904 0.004229691876748331 0.004733893557420317 0.005871148459380465 0.009361344537809882 0.031154061624632405 0.038509803921547056 0.7135798319323733
0.022406124713628652 0.02108726195589684 0.009605661154065363 0.007388539876860571 0.0068146835624276455 0.006522721577891595 0.007258778994844549 0.00962467783505047 0.012564432989689317 0.018395842282357622 0.026471219931268518 0.03687893757158808 0.04282220969358055 0.03675365120274503 0.02625979918384586 0.01920684779495776 0.013011884306985945 0.010081078178693031 0.0080216834908353 0.007059663158647549 0.006599906930125264 0.0076704342067574465 0.010284668528062996 0.022180161798393855 0.026748639747992426 0.5782804893326959
0.032972743283088836 0.02854557462319425 0.015353661533418743 0.011689312336171506 0.00953012368938279 0.007912332077325331 0.0068282581094355616 0.0072595838794223995 0.008630355095018555 0.010914973787678812 0.015166796363038687 0.023153362549145136 0.03563877170707277 0.028121928243770973 0.019578606241806143 0.016199674393838032 0.01337621846330104 0.012655635648753294 0.01114663540301299 0.01073066841415328 0.010619317250981603 0.011506286861073233 0.013939373771295725 0.02661292799803067 0.03628512041283939 0.5756317578636223
0.04263571428568383 0.027514285714266062 0.020485714285699654 0.015399999999989 0.01333571428570476 0.011435714285706118 0.010035714285707117 0.009549999999993179 0.011157142857134887 0.012799999999990857 0.014364285714275454 0.018849999999986537 0.021685714285698796 0.016921428571416486 0.011571428571420307 0.010842857142849398 0.008242857142851254 0.008814285714279418 0.007428571428566123 0.00745714285713753 0.00773571428570876 0.009399999999993285 0.012499999999991072 0.020071428571414234 0.1302571428570498 0.5195071428567718
0.04710729166666176 0.03132499999999674 0.014983333333331773 0.011840624999998767 0.010285416666665595 0.00980312499999898 0.009254166666665703 0.008723958333332425 0.008790624999999084 0.009534374999999007 0.010915624999998864 0.012404166666665375 0.013036458333331976 0.013139583333331964 0.011196874999998834 0.010544791666665568 0.009265624999999035 0.009524999999999008 0.009564583333332337 0.010129166666665612 0.010671874999998889 0.011686458333332116 0.015163541666665087 0.02977708333333023 0.04595104166666188 0.6153802083332692
0.030587499999993627 0.029895833333327106 0.007868749999998361 0.004233333333332452 0.0032645833333326533 0.002852083333332739 0.00318333333333267 0.003958333333332509 0.005845833333332115 0.008070833333331652 0.011593749999997585 0.01644583333332991 0.019360416666662633 0.0172874999999964 0.011495833333330938 0.008108333333331644 0.005222916666665579 0.004033333333332493 0.003027083333332703 0.0028166666666660798 0.002979166666666046 0.004187499999999128 0.007656249999998405 0.028370833333327423 0.029349999999993884 0.728304166666515
0.0350753784179634 0.031964111328120125 0.010820007324217099 0.007955932617186285 0.006843566894530206 0.006039428710936578 0.005554199218749153 0.005650329589842888 0.00635986328124903 0.008074951171873767 0.010430908203123408 0.013932800292966624 0.01625213623046627 0.015373229980466405 0.011030578613279567 0.008955383300779883 0.006616210937498991 0.006286621093749041 0.005393981933592927 0.005693054199217881 0.005958557128905341 0.007385253906248873 0.01034851074218592 0.030723571777339063 0.03537139892577585 0.6859100341795829
0.022356561127376013 0.02118268438872318 0.007798201866763161 0.005686367587846917 0.004654042368227739 0.004991478312590794 0.005403264549779608 0.007805350933381022 0.01033040126280965 0.014554069820642135 0.019824361731329523 0.0274052319729097 0.029840204062953273 0.031138474560756895 0.023278790721080127 0.018255856515370743 0.01243365666178446 0.009902887079061541 0.006855954886529034 0.005963751372619938 0.005028653459003674 0.006711543740848235 0.010073034864566642 0.025928234809659542 0.02886793100292413 0.6337290103403194
0.020617283950613307 0.016006944444441357 0.009457947530862373 0.0070640432098751805 0.005918209876542068 0.006221064814813615 0.006707175925924632 0.009907407407405497 0.0130227623456765 0.020723379629625633 0.03160300925925316 0.05526427469134736 0.071317515432085 0.06120563271603758 0.025484182098760515 0.02207368827160068 0.014492669753083625 0.017509645061725018 0.009951774691356104 0.011950231481479176 0.009373070987652513 0.014855324074071209 0.014689429012342846 0.020291280864193618 0.07108989197529493 0.4332021604937436
0.02966310794780194 0.02202965599050747 0.014877817319096693 0.011934756820876401 0.01099762752075789 0.010607354685645243 0.010958481613284584 0.013068801897981843 0.015438908659547397 0.020009489916960853 0.026622775800708584 0.04214590747330461 0.06738671411624349 0.049432977461441346 0.028536180308418917 0.021525504151836117 0.016701067615656384 0.015098457888491684 0.01306049822063902 0.012837485172003222 0.012252669039144454 0.01340332147093554 0.015539739027281669 0.02127283511269024 0.03229537366547659 0.4523024911031492
0.030975341796870275 0.025061035156246175 0.018849182128903373 0.016673278808591204 0.014259338378904075 0.01264495849609182 0.011845397949216942 0.012425231933591853 0.0137634277343729 0.0167098999023412 0.022613525390621548 0.03463287353515097 0.05393981933592927 0.03792572021483796 0.02274475097655903 0.017744445800778542 0.014701843261716507 0.013841247558591637 0.01271667480468556 0.01322937011718548 0.015037536621091455 0.017228698730466122 0.019300842285153306 0.022912597656246505 0.034255981445307275 0.47396697998039644
0.02644144144143668 0.02413873873873439 0.013517117117114681 0.010387387387385516 0.009045045045043415 0.008736936936935363 0.008846846846845252 0.009974774774772977 0.012180180180177986 0.016437837837834875 0.02440720720720281 0.041893693693686146 0.05380180180179211 0.044790990990982923 0.027843243243238225 0.019104504504501064 0.013875675675673176 0.012562162162159898 0.009981981981980184 0.00990450450450272 0.010001801801799999 0.012012612612610447 0.01619819819819528 0.02278558558558148 0.03070270270269717 0.5104270270269351
0.024421073920506523 0.023327112769917297 0.00976751027311808 0.006798187150090184 0.0058926814918293545 0.006016786328240737 0.0060029969019728055 0.007083168626294099 0.00869193502421943 0.011794555934503997 0.017466606606046448 0.03071824524952853 0.0477252043133106 0.034901037884134394 0.019783230219058926 0.013794022743354051 0.009312459206276344 0.009124003713947948 0.006917695511078923 0.007092361577139387 0.006867134281429841 0.007643938627856644 0.010512139291586377 0.022476764816728192 0.026011454416741277 0.61985769312063
0.03679629629628267 0.030807407407395997 0.018033333333326653 0.01168888888888456 0.008570370370367196 0.007392592592589855 0.007125925925923287 0.007262962962960273 0.00843333333333021 0.009940740740737058 0.01352962962962462 0.01948518518517797 0.026662962962953087 0.02147407407406612 0.014985185185179635 0.013129629629624768 0.009807407407403775 0.009851851851848203 0.008618518518515327 0.009033333333329988 0.009299999999996556 0.011437037037032801 0.01680370370369748 0.0281111111111007 0.03958888888887423 0.6021296296294066
0.0324382781982391 0.027416229248044263 0.015795707702635213 0.011907577514647303 0.010093688964842789 0.009500503540038157 0.009516716003417061 0.010782241821288036 0.012234687805174616 0.015149116516111838 0.01894760131835757 0.024230957031247693 0.026904106140134155 0.025163650512692915 0.018286705017088102 0.014667510986326729 0.011628150939940298 0.01065444946288961 0.009480476379393627 0.009410858154295978 0.010265350341795897 0.012112617492674628 0.015622138977049293 0.02615070343017329 0.03380680084228194 0.5778331756591246
0.017183688404615143 0.01806391283135102 0.010501707594728715 0.008887624003901267 0.00801756383151569 0.008263538786792922 0.008881525451291087 0.01172751666937475 0.013935192714259649 0.020149617824032334 0.028966092047481507 0.06251626280694778 0.11689095787930621 0.08176736054641369 0.03423727435354646 0.023328996584805795 0.01579931696210445 0.013912831354688992 0.010538298910389791 0.009755651325416784 0.008481053829889316 0.00919661733615035 0.010430557814276624 0.019517401203443748 0.024040494389326712 0.4050089445437459
0.025825653585895943 0.020702377169246118 0.010979003092563507 0.00961486292716204 0.008975422224630103 0.009331958858769123 0.009579984343387572 0.011556437423940831 0.013916554926013255 0.018939070989536837 0.028530681527515898 0.0494345794030145 0.06417271874682637 0.050860725939570584 0.030216479743281913 0.0218959998139724 0.01416070501243454 0.011521558840166363 0.009281578682206 0.008952169835447122 0.009002550012010245 0.01032793619544008 0.011165022206027343 0.019369240189421957 0.02483355164742215 0.49685317666370965
0.03867928028194423 0.03798738638470822 0.013413095900572545 0.005991467260247451 0.003650528658875227 0.0028529029864583838 0.002888146911518663 0.002806529400852753 0.0037469857169349385 0.005657577443886912 0.008874049341493438 0.014746800222590475 0.02196994991652347 0.01812650714152882 0.009857169356332803 0.006560934891484593 0.003919495455387884 0.004364681877201936 0.0036931923576324073 0.005179002040436806 0.007486551660172976 0.012251901317007558 0.016994991652751437 0.03322203672787364 0.03566314227415402 0.6794156928212429
0.04412249999998897 0.03204249999999199 0.01563249999999609 0.01207999999999698 0.009804999999997548 0.00871749999999782 0.007857499999998036 0.007764999999998059 0.007754999999998061 0.00844249999999789 0.009187499999997703 0.011334999999997167 0.012299999999996925 0.012127499999996969 0.009102499999997724 0.00876499999999781 0.007509999999998122 0.008187499999997953 0.00735999999999816 0.008412499999997897 0.008974999999997756 0.01083749999999729 0.014864999999996284 0.03207499999999198 0.04608749999998848 0.6386524999998403
0.0371961988058091 0.028553808202273833 0.01565890169034966 0.01216606396994585 0.010021584952201939 0.009427297956435 0.009006811874524429 0.00978611274633202 0.010977489978411971 0.012365094048716855 0.0149524850727399 0.018933086648159972 0.023059456731975708 0.019521767162834772 0.014089086984550196 0.011756790850219561 0.009657163681212779 0.009236677599302207 0.008193872116163991 0.008261149889269683 0.0093796428671518 0.01132509180612471 0.014142348554925533 0.028144535082547543 0.03806240013454488 0.6061250805929957
0.0546490944372486 0.03118208279430285 0.021140038809828406 0.014702457956013146 0.010802069857695537 0.007812095730917236 0.006198253557566915 0.005727684346700238 0.005753557567916275 0.0064181759379032316 0.00759217335058092 0.009167205692107185 0.010536869340231155 0.010063065976712474 0.0071943725743843475 0.006565329883569443 0.005202134540749482 0.005498059508407908 0.0048722509702450074 0.006112548512288792 0.00768919793014106 0.012176584734797513 0.01975258732211841 0.03235608020698054 0.047655239327288546 0.643180789133143
0.03160957400087141 0.023603425559942114 0.012193675889325385 0.008559508124723636 0.00782828282828111 0.0075208607817286955 0.008151075977161144 0.00984189723319942 0.01157444005269838 0.013686868686865682 0.01831357048747951 0.024958278436533827 0.028739569609128515 0.03038208168642284 0.01988142292489682 0.016660079051379742 0.011587615283264912 0.011987263943783051 0.008715415019760931 0.009508124725513942 0.008186209925338563 0.010160298638557276 0.014328063241103573 0.029169960474301895 0.046113306982862076 0.576739130434656
0.04505740057400112 0.034512095120947675 0.02065908159081379 0.01395961459614453 0.00973657236572266 0.008136531365312819 0.007550225502254248 0.007400574005739299 0.0075594505945051705 0.008240057400573162 0.00973657236572266 0.011425789257891408 0.013142681426812922 0.01148216482164704 0.009264042640425454 0.008641861418613301 0.007387248872487968 0.008193931939318553 0.008180606806067222 0.009250717507174124 0.01081078310782997 0.01431836818368037 0.01904161541615221 0.0311869618696155 0.05097683476834246 0.6141482164821018
0.031843010956385386 0.018764800606226907 0.013052950648854455 0.01211518423794256 0.012588803637393012 0.014091755864982448 0.015263174512956565 0.01672507972592696 0.02058034163745364 0.02478292444191065 0.03068106469640028 0.04330775788574932 0.05238546304188299 0.04088598402322602 0.027135234125847892 0.019611000599911714 0.01485901929209218 0.012819298411792232 0.011322661109528804 0.010555397682419072 0.010539610369104058 0.011186890215019675 0.013239240945971634 0.018237504341505402 0.0421237093871232 0.4613021376020772
0.03328704833983867 0.021202087402340516 0.015042114257810204 0.013098144531248001 0.012277221679685627 0.011700439453123214 0.011682128906248217 0.013673400878904163 0.01597137451171631 0.021511840820309217 0.028556823730464392 0.03807678222655669 0.042251586914056054 0.03708953857421309 0.026646423339839683 0.020457458496090628 0.015513610839841383 0.01298065185546677 0.011364746093748266 0.011315917968748273 0.010934448242185832 0.012179565429685641 0.014767456054685246 0.0206375122070281 0.06775360107420841 0.4600280761718048
0.01816458695308224 0.01683462328225657 0.00588216711419811 0.0039235507818657644 0.004113094297897926 0.0047322697836029905 0.005837940293790605 0.008769546675088053 0.013874585373554297 0.023613963039006914 0.04133312272941357 0.06451429474014705 0.07547622808400711 0.05612383509712332 0.033356499763060064 0.02105512557257272 0.013858790080551617 0.010421734323168402 0.007291107250037185 0.005695782656766484 0.004776496604010495 0.0048238824830185364 0.005711577949769164 0.013994629600374666 0.11200442268200538 0.42381614278931484
0.031143494977051826 0.02083839761874974 0.014111372938110616 0.012783083219643708 0.012468063996029708 0.012022820290213069 0.012082351482077132 0.013893091901275717 0.014876596800196592 0.01908470792508755 0.02363760386952454 0.034866674934883435 0.03720575468187558 0.04336475257347844 0.02818305841497852 0.025728636983749754 0.018457149944187217 0.017719211211705603 0.014477241721441835 0.0153243209723409 0.014177105295793852 0.015610814833186703 0.0163946421927302 0.02302368845342639 0.046090785067586994 0.46243457770055035
0.018682725694443094 0.01408854166666565 0.010192418981480746 0.008553964120369753 0.007711226851851295 0.008837528935184547 0.00943287037036969 0.012377748842591699 0.01595269097222107 0.02478587962962784 0.03854383680555277 0.07575593171295748 0.10472294560184428 0.0866493055555493 0.04811270254629282 0.03345775462962721 0.02294849537036871 0.018951822916665296 0.013971354166665657 0.012233796296295412 0.010617042824073306 0.011354166666665846 0.012675057870369455 0.015590277777776652 0.02687282986110917 0.336927083333309
0.03591741741741202 0.02009759759759458 0.017034534534531978 0.015758258258255893 0.014102102102099985 0.013740240240238177 0.013369369369367362 0.0151801801801779 0.016596096096093603 0.02083783783783471 0.024420420420416755 0.03525825825825296 0.039564564564558626 0.04181831831831204 0.02722822822822414 0.025929429429425537 0.018713213213210404 0.01944144144143852 0.01579129129128892 0.01930930930930641 0.018129129129126408 0.020711711711708602 0.019819819819816845 0.02105255255254939 0.05239039039038253 0.41778828828822556
0.02680358886718341 0.019148254394528327 0.012396240234373109 0.011593627929685732 0.010969543457029576 0.011047363281248314 0.012338256835935618 0.014987182617185213 0.01945953369140328 0.02680206298827716 0.038021850585931695 0.05610656738280394 0.06515197753905255 0.053454589843741844 0.034642028808588465 0.024168395996090063 0.017538452148434823 0.014710998535154006 0.012463378906248098 0.011712646484373214 0.011407470703123259 0.011894226074216935 0.013125610351560497 0.019239807128903313 0.028089904785151963 0.422726440429623
0.03365792759050836 0.027351227632123665 0.012166042446940058 0.008584061589678674 0.007295047856844851 0.007111943404077495 0.007455264253016286 0.008706824802329514 0.010175821889303978 0.011761339991675846 0.01359654598418502 0.01665106117353135 0.017799625468162942 0.016775905118600002 0.013783811901787997 0.012106741573032449 0.010176862255512882 0.00950374531835107 0.008249063670411127 0.008003537245109446 0.008133583021222624 0.009229088639200038 0.012078651685392001 0.026573033707862403 0.034618185601328066 0.6484550561797078
0.03159027099608893 0.03166961669921392 0.007691955566405076 0.004035949707030634 0.0029586791992182986 0.0026962280273433387 0.0026580810546870943 0.003172302246093266 0.00393218994140565 0.005363464355467931 0.007089233398436418 0.009161376953123601 0.010577392578123386 0.009997558593748474 0.007130432128905162 0.005409240722655424 0.003912353515624403 0.003639221191405695 0.0026168823242183506 0.0027832031249995755 0.0028823852539058103 0.004576110839843051 0.008270263671873739 0.03219604492187009 0.03440551757811975 0.7595840454100403
0.030276041666663513 0.025642708333330662 0.01388541666666522 0.009507291666665677 0.008090624999999158 0.008259374999999139 0.00943020833333235 0.011985416666665418 0.015282291666665076 0.02074374999999784 0.02760104166666379 0.03560416666666296 0.03753645833332942 0.030526041666663485 0.021540624999997756 0.017085416666664886 0.012839583333331996 0.011246874999998829 0.008856249999999077 0.00795937499999917 0.00777187499999919 0.009205208333332375 0.01322916666666529 0.026701041666663886 0.03390624999999647 0.5452874999999432
0.02242031788747164 0.014212429568577295 0.011585793176909264 0.01150730244161929 0.01263420514113962 0.014904829983456703 0.017043702520108475 0.021369102682695214 0.026588736579478432 0.03699436548649203 0.05365963053288098 0.07457180500656671 0.07754604322594748 0.06310655117313847 0.04190003644211535 0.030412356684318558 0.022647380371703347 0.019423653743722305 0.015356151711374048 0.014215232809123367 0.012353881086532573 0.012031508423734467 0.012468813948921463 0.014761864715607108 0.022930507666856465 0.323353796989229
0.03308515716803457 0.025326821386601674 0.012060259988248013 0.008832439776732445 0.007338792596944098 0.0076399089306691 0.008692898061103786 0.010593235898941449 0.012898428319622788 0.016568742655697657 0.021216767038775963 0.0271023061104558 0.03007123971797609 0.028214967685073793 0.021984246474733588 0.01751707549941085 0.01326472532314802 0.011275337837836803 0.009650411280845178 0.009468639835486794 0.009574214159811108 0.010883335781432609 0.01326288924794238 0.022576380728552572 0.08033012632196679 0.5305706521738643
0.028204999999992948 0.021939999999994516 0.007207499999998198 0.005024999999998744 0.004777499999998805 0.005172499999998707 0.005579999999998605 0.006289999999998427 0.0075999999999981 0.011017499999997245 0.015139999999996216 0.024029999999993994 0.032059999999991984 0.0335874999999916 0.019734999999995066 0.016934999999995766 0.010794999999997302 0.013437499999996641 0.00827749999999793 0.011129999999997217 0.00972249999999757 0.014377499999996405 0.015809999999996046 0.028872499999992782 0.14338499999996415 0.49988999999987505
0.025032881917379235 0.02388734289750403 0.012055941884254734 0.009482475155883924 0.007802604978565268 0.007520977445439802 0.007624494592750784 0.009617960833982121 0.017138938279421922 0.018439753020263603 0.021950202162897784 0.030896062694853458 0.04421552270069812 0.034015277913091724 0.02294503239477612 0.017186891075602746 0.013461034927902328 0.009396464584956417 0.007964731098986145 0.00877231707911079 0.009078301588074135 0.011909800029227466 0.016729436623147596 0.03138472452260089 0.055188340315662214 0.5263024892828906
0.030202095808378713 0.021279940119757295 0.012511976047902319 0.010354790419160126 0.010258982035926609 0.01191017964071678 0.014166167664668538 0.017639221556883588 0.02158383233532611 0.026577844311373267 0.030220059880234997 0.03843263473053317 0.041820359281430866 0.044577844311370574 0.026624251497002004 0.02342664670658332 0.01740718562873991 0.018068862275446396 0.013166167664668688 0.0134446107784411 0.011853293413171878 0.013583832335327308 0.013561377245506951 0.019919161676643725 0.04049999999999394 0.45690868263466217
0.016591289782237607 0.01472780569513621 0.010833333333328797 0.010096314907868468 0.010041876046896967 0.010837520938018912 0.012319932998319799 0.014832495812389098 0.018492462311550044 0.026566164154092728 0.03923785594638223 0.06909547738690573 0.08953098827466938 0.08263819095473926 0.05403266331656029 0.03709380234504309 0.02423785594638851 0.018739530988266858 0.014212730318252004 0.012525125628135458 0.010335008375205052 0.009158291457282596 0.00922948073701456 0.012252931323277951 0.01893634840870229 0.3534045226129173
0.036566666666662855 0.03197291666666333 0.012757291666665338 0.008391666666665793 0.006738541666665964 0.006520833333332654 0.0070052083333326035 0.007676041666665867 0.008774999999999086 0.009708333333332321 0.011405208333332145 0.013712499999998571 0.014969791666665106 0.014253124999998515 0.011456249999998806 0.010022916666665622 0.008618749999999103 0.008099999999999156 0.00745729166666589 0.0077406249999991935 0.00804166666666583 0.00937604166666569 0.012506249999998697 0.030128124999996862 0.03723437499999612 0.6588645833332647
0.02598486757697575 0.02098463847140462 0.012895779875364723 0.012536370509528997 0.011843326154690387 0.01265235520527678 0.01282275247433834 0.015265590634162036 0.017725611711874294 0.024736242210407017 0.034198302327707715 0.048674910648820006 0.0572019336510182 0.052462312133423575 0.0354454957844524 0.02632566211509887 0.01864632972873633 0.015294228830642971 0.012467638837974753 0.011834734695746106 0.011395138379763765 0.011435231854837071 0.013133476906156478 0.021119237994865012 0.0283403592375326 0.434577472049058
0.032126160422087734 0.02075402390970067 0.017377946971211953 0.014935216723433023 0.013629533159685162 0.013853269217923287 0.014646363454215145 0.016160756027513497 0.01832298136645657 0.022876177118810046 0.028359380217720505 0.037328858612162334 0.04344987644425909 0.03704334468709727 0.026995258131298504 0.02226340746676981 0.017771989581243274 0.016177452748277536 0.014397582314830962 0.01415381019167599 0.013365724971613343 0.014290723301941113 0.01689040272490201 0.020032725572694178 0.030803780137575835 0.46199325452473416
0.023467452865490252 0.021082658993184296 0.010892707146478553 0.009075523323989098 0.008942457231724424 0.009017306908623303 0.009938373766017843 0.012618408030536045 0.016138422002475 0.021024442577818502 0.02908949526367273 0.04167671592883424 0.05363603097112182 0.04654610324264466 0.033172960970044914 0.023918630084575163 0.016872364667622344 0.012930281684281375 0.009763724519920459 0.008428905281890447 0.007765653978258713 0.008164852255052734 0.009320863931602091 0.018793506374693576 0.035119052569415776 0.5026031054298238
0.026513888888887737 0.02460199652777671 0.006928819444444143 0.00404947916666649 0.0032000868055554166 0.003000868055555425 0.002813368055555433 0.0036432291666665083 0.004434895833333141 0.007015624999999695 0.009523871527777363 0.0173407118055548 0.022806857638887897 0.02371440972222119 0.012422743055555015 0.009390624999999592 0.005937499999999742 0.0057973090277775256 0.004174913194444263 0.005262586805555327 0.005463107638888651 0.00843055555555519 0.01603949652777708 0.03935112847222051 0.054094618055553205 0.6740473090277485
0.013873847926263285 0.010475230414743526 0.008513824884790175 0.00940668202764706 0.00989631336405245 0.011949884792623286 0.014176267281101908 0.018545506912437056 0.022139976958518968 0.032358870967732614 0.04635368663593135 0.07968605990781115 0.10473214285711269 0.08659850230412253 0.04946140552993967 0.036958525345611476 0.02388824884791939 0.020025921658980407 0.015325460829488673 0.013698156682023704 0.011667626728107238 0.011998847926263826 0.010466589861748138 0.010927419354835563 0.071313364055279 0.25556163594462683
0.02307820398453487 0.01857746060065197 0.01155991674100368 0.009913767469520081 0.008913470115966826 0.008698186143323378 0.00865179898899689 0.010563187630090924 0.012942016057090344 0.018017246506093605 0.02410347903657162 0.05225929229853675 0.10638358608384105 0.06994826048170444 0.02697353553374642 0.02000951531370562 0.012622063633658922 0.01208920606601105 0.008809991079392352 0.008871840618494336 0.009123996431756274 0.011651501635443158 0.014050550104072072 0.024126077906628116 0.032694617900680026 0.43536723163836627
0.03024378939562197 0.024898961809415567 0.01376622172784448 0.01035595105672874 0.008955320726732578 0.008529847979235398 0.008863552094919461 0.011540600667407162 0.014210233592879663 0.018713385242860706 0.022981090100109108 0.029039673711528644 0.03195216907674899 0.029215795328139674 0.022077308120131436 0.01877827215424372 0.014805339265849574 0.013362995921392904 0.011083611420095377 0.011018724508712364 0.01088246199480804 0.012714126807562783 0.015596959584722323 0.02577030033370173 0.03770022246940696 0.542943084909108
0.03535166652649473 0.03161775011912886 0.013710649510830682 0.009463740083533916 0.008098561937597596 0.007989235556300846 0.007902335099372663 0.009088105850360472 0.011243797830288666 0.01500854988366131 0.019070445434917423 0.025074986684600377 0.028609873013195244 0.025285229725555664 0.0191012810809242 0.014731029069600334 0.01162503854455425 0.010430858071928228 0.0093796428671518 0.008914304936504103 0.0084209346003957 0.01020379558769652 0.014318952709327974 0.026731701847328027 0.03869032601686466 0.5799372074116055
0.03406562499999645 0.02824999999999706 0.011873958333332097 0.00793229166666584 0.006327083333332675 0.005989583333332709 0.006415624999999332 0.00847708333333245 0.011020833333332185 0.01648437499999828 0.0217479166666644 0.026915624999997195 0.028502083333330364 0.024077083333330824 0.015963541666665002 0.013135416666665298 0.009756249999998984 0.009065624999999055 0.007491666666665887 0.007435416666665892 0.007117708333332592 0.00860729166666577 0.012707291666665343 0.03150520833333005 0.04262916666666223 0.5965062499999378
0.04148333333326419 0.028283333333286195 0.021716666666630472 0.0188999999999685 0.015949999999973416 0.0116999999999805 0.011016666666648306 0.012566666666645722 0.015249999999974582 0.017749999999970418 0.02038333333329936 0.028416666666619305 0.03311666666661147 0.029199999999951334 0.01738333333330436 0.016566666666639054 0.011183333333314694 0.01034999999998275 0.008466666666652556 0.010799999999982 0.013216666666644639 0.01646666666663922 0.018633333333302277 0.02403333333329328 0.033949999999943414 0.5132166666658113
0.03966136259190607 0.02884736902573115 0.01473316865808612 0.011185948988968982 0.009983915441175037 0.010058593749998556 0.010292681525733816 0.01099063648896901 0.012087833180145323 0.013765222886027434 0.014922736672791974 0.017908432904409192 0.019185144761026656 0.018866325827203174 0.01478774126838023 0.013301355698527502 0.011078239889704291 0.010506663602939668 0.00948988970588099 0.009264418658086904 0.009034639246322232 0.01007008272058679 0.01380830652573331 0.02972053079043691 0.04005342371322954 0.5963953354778555
0.02382708333333085 0.020823958333331165 0.007573958333332544 0.00525104166666612 0.0048031249999995 0.005351041666666109 0.00578958333333273 0.00818958333333248 0.010064583333332286 0.015028124999998435 0.019668749999997952 0.02844895833333037 0.029312499999996945 0.028473958333330367 0.01780520833333148 0.0163124999999983 0.0111916666666655 0.010755208333332213 0.008180208333332481 0.009782291666665648 0.009081249999999054 0.011814583333332103 0.016762499999998254 0.03610312499999624 0.05504479166666093 0.5845604166666057
0.037857531544384135 0.028908614767188336 0.013297962792906634 0.011270108492325924 0.010258306975474332 0.010836479270818098 0.011125565418489981 0.012634765160012313 0.014688127061858191 0.01710709791517145 0.02212784409753166 0.028160391796743463 0.029359249056206273 0.02303336394244506 0.014611604258062693 0.011729245315098915 0.008272965343668897 0.00800938679726218 0.006780770669656676 0.007137877087369003 0.007218651158042029 0.00883838383838008 0.012609257558747148 0.028015848722907518 0.03575740570688545 0.5803531952519384
0.03553153153151019 0.02658858858857262 0.021099099099086426 0.017615615615605037 0.013807807807799515 0.011525525525518603 0.010510510510504199 0.010894894894888351 0.011783783783776706 0.01439639639638775 0.020102102102090028 0.03084684684682832 0.043477477477451364 0.030630630630612235 0.018222222222211277 0.01314714714713925 0.008774774774769505 0.008858858858853538 0.007717717717713082 0.008990990990985591 0.010792792792786311 0.014756756756747895 0.017609609609599033 0.024972972972957974 0.03222822822820887 0.5351171171167958
0.01833102907374227 0.0199368546999711 0.005893752164715074 0.004306532361250039 0.003513638068085359 0.004472553548988492 0.005173849945469887 0.007270583049235692 0.010834313717069721 0.019307119160273518 0.03267898085889735 0.0753664631475792 0.11342109556807678 0.09423706108147142 0.04689526066757021 0.029299877201565565 0.015663240332841614 0.011814697455007999 0.007314950780441657 0.007545376739285545 0.0058264849593382875 0.006639416292402435 0.0080133847426517 0.018582923289621304 0.029878088924378796 0.39778247216992585
0.043036758563056374 0.03817460317458723 0.014916457811188423 0.009147869674181642 0.006081871345026699 0.004715956558059851 0.0038805346700067334 0.004043441938177092 0.00460317460317268 0.005058479532161629 0.006449456975770072 0.007656641604006827 0.00895154553048916 0.00807017543859312 0.0054803675856284545 0.005179615705929332 0.003354218880533269 0.0036424394319115945 0.003170426065161583 0.004152046783623997 0.0041729323308253245 0.0064076858813674155 0.012017543859644103 0.035534670008339375 0.04465329991643916 0.7074477861317011
0.011835034013604771 0.012137188208616093 0.003206349206349025 0.002260204081632525 0.0022568027210883076 0.0030175736961449537 0.0042709750566891 0.0071411564625846295 0.011979591836734015 0.01956746031745921 0.03132256235827487 0.04573242630385228 0.0535113378684777 0.04922108843537136 0.033989229024941385 0.022090136054420517 0.012836167800452788 0.008403628117913356 0.0052624716553285 0.004490929705215165 0.0036910430839000178 0.004850340136054147 0.006763038548752451 0.01831292517006699 0.07940702947845356 0.5424433106575657
0.034703999999944474 0.023295999999962725 0.013327999999978675 0.014031999999977549 0.014271999999977164 0.015231999999975628 0.015935999999974502 0.017663999999971737 0.019887999999968178 0.02316799999996293 0.026015999999958375 0.03644799999994168 0.044223999999929244 0.0426239999999318 0.02811199999995502 0.023871999999961806 0.016575999999973477 0.015007999999975987 0.012431999999980108 0.011791999999981132 0.009439999999984896 0.010079999999983873 0.012063999999980698 0.019647999999968562 0.026607999999957426 0.47353599999924234
0.03786926269530672 0.026057434082027275 0.017213439941403622 0.015281677246091419 0.013140869140622995 0.011657714843748222 0.010366821289060918 0.010565185546873388 0.0121322631835919 0.014646911621091515 0.018539428710934672 0.024198913574215056 0.028271484374995687 0.024354553222652533 0.01645507812499749 0.012477111816404346 0.009355163574217323 0.008628845214842433 0.0073440551757801295 0.007710266113280073 0.008119201660155012 0.01107788085937331 0.016499328613278734 0.030000305175776672 0.03738861083983804 0.570648193359288
0.032468671679184435 0.023258145363398805 0.015254803675849936 0.014164578111940617 0.012911445279860939 0.012201336675015788 0.011929824561398525 0.012184628237254726 0.01373433583959326 0.0179782790309031 0.024206349206339094 0.03748955722638367 0.049628237259795475 0.03601503759396992 0.022376775271502766 0.016716791979942892 0.01235171261486535 0.010881370091891862 0.009757727652460418 0.009970760233913963 0.009862155388467058 0.01164995822890073 0.01411445279865743 0.023379281537166507 0.03342522974100525 0.5120885547199198
0.029656982421870474 0.016577148437497472 0.012915039062498029 0.012799072265623048 0.012828063964841792 0.014334106445310312 0.01646270751952874 0.019961547851559455 0.02465362548827749 0.032737731933588754 0.04454498291014945 0.059219360351553466 0.0635681152343653 0.04956817626952369 0.03335571289061991 0.025013732910152433 0.01980438232421573 0.018457031249997185 0.016625976562497462 0.015501403808591385 0.014295959472654069 0.0144134521484353 0.014433288574216548 0.016461181640622487 0.03515319824218214 0.3666580200194753
0.018159999999990316 0.01711466666665754 0.006874666666663 0.005199999999997227 0.005199999999997227 0.005717333333330284 0.007477333333329345 0.010602666666661011 0.015663999999991646 0.028319999999984895 0.046282666666641985 0.06967466666662951 0.07699199999995894 0.05633599999996995 0.03457066666664823 0.023071999999987696 0.015562666666658367 0.012490666666660004 0.009007999999995195 0.007269333333329456 0.0058506666666635464 0.0057013333333302925 0.006373333333329934 0.011535999999993848 0.1115839999999405 0.3873653333331267
0.026067991169973322 0.02282207505518361 0.011035761589402025 0.00683796909492153 0.00496600441501016 0.005054304635760697 0.004789403973509088 0.005820750551875351 0.006283443708608162 0.008190728476819745 0.010647240618099666 0.01624017660043863 0.021403973509929994 0.021603532008826205 0.012909492273728404 0.011173509933772861 0.008245474613685078 0.008748785871963136 0.0073041942604843615 0.008775275938188295 0.009702428256068927 0.015316556291388023 0.02333951434878175 0.039634437086085716 0.06351081677703073 0.619576158940288
0.045065714285707846 0.02957428571428149 0.022812857142853884 0.01731571428571181 0.01282142857142674 0.010395714285712801 0.008969999999998719 0.008578571428570204 0.009594285714284344 0.010795714285712743 0.013791428571426602 0.017097142857140413 0.02015857142856855 0.017991428571426 0.013434285714283794 0.011792857142855459 0.010119999999998554 0.010959999999998435 0.01100285714285557 0.012581428571426774 0.014259999999997964 0.017141428571426122 0.020389999999997088 0.026719999999996184 0.04720714285713611 0.559427142857063
0.021935456690257676 0.01796932928884244 0.010672396359958657 0.009288843950117183 0.008651836872260815 0.008864172564879605 0.00955847657566485 0.011793899561845992 0.015751600943712862 0.023138692281764146 0.03323643410852434 0.04715284799460338 0.054565217391299756 0.05032524435456267 0.03665065722952169 0.026885743174921903 0.01913717559824578 0.014901415571282871 0.011113077182338128 0.009967981125715373 0.009059656218401664 0.009277890124704308 0.011056622851364085 0.01941776204920632 0.02471772834512768 0.4849098415907917
0.03786926269530672 0.026057434082027275 0.017213439941403622 0.015281677246091419 0.013140869140622995 0.011657714843748222 0.010366821289060918 0.010565185546873388 0.0121322631835919 0.014646911621091515 0.018539428710934672 0.024198913574215056 0.028271484374995687 0.024354553222652533 0.01645507812499749 0.012477111816404346 0.009355163574217323 0.008628845214842433 0.0073440551757801295 0.007710266113280073 0.008119201660155012 0.01107788085937331 0.016499328613278734 0.030000305175776672 0.03738861083983804 0.570648193359288
0.03024378939562197 0.024898961809415567 0.01376622172784448 0.01035595105672874 0.008955320726732578 0.008529847979235398 0.008863552094919461 0.011540600667407162 0.014210233592879663 0.018713385242860706 0.022981090100109108 0.029039673711528644 0.03195216907674899 0.029215795328139674 0.022077308120131436 0.01877827215424372 0.014805339265849574 0.013362995921392904 0.011083611420095377 0.011018724508712364 0.01088246199480804 0.012714126807562783 0.015596959584722323 0.02577030033370173 0.03770022246940696 0.542943084909108
0.030412356684318558 0.020026350461127457 0.013475177304960761 0.012014688980458045 0.011902559358615226 0.011235388108650454 0.01044487427465858 0.012300619516157234 0.013447144899500057 0.018487371401334766 0.02461525523504482 0.03605527990355842 0.04399405713003 0.042603649819179044 0.026933535166645102 0.023345387267674895 0.015939225744956705 0.01500854988366131 0.011540941328172136 0.012210915818682978 0.01115129089226834 0.013315392593834744 0.015855128528574593 0.022636167409519067 0.03549182855379825 0.49555686373433816
0.043186738836260355 0.030566080288674947 0.017175236806493327 0.012227108705456447 0.00926138926477117 0.008057059088857909 0.007439106901217023 0.007203428055930627 0.007922868741541732 0.008980604420386899 0.011247180875055114 0.014750789354982549 0.017317320703651634 0.01614343707712944 0.011074650428505743 0.009871447902569929 0.00815403698691834 0.007913847541722157 0.007444745151104258 0.008504736129904319 0.009967298150652913 0.013647947677039507 0.018877988272438105 0.030029318899410237 0.05360058637798223 0.6094350473612303
0.03469902912620878 0.03394729542301887 0.014608876560330844 0.009815533980581163 0.008056865464631337 0.007002773925103051 0.0066823855755885325 0.007848821081829702 0.008841886269069508 0.010955617198334126 0.01380305131761251 0.0186227461858504 0.020675450762826536 0.020352288488207994 0.015291262135920209 0.013191400832175702 0.009585298196947353 0.009018030513174893 0.007619972260747903 0.008400832177530041 0.009280166435504954 0.011380027739249461 0.016608876560330568 0.031898751733698764 0.038575589459079254 0.6132371705963089
0.0361391941391809 0.030432234432223284 0.014007326007320877 0.009080586080582754 0.006443223443221083 0.005945054945052768 0.005351648351646391 0.0063150183150160015 0.007296703296700624 0.009318681318677906 0.011981684981680592 0.01764468864468218 0.020003663003655678 0.020047619047611705 0.013439560439555517 0.011842490842486505 0.009054945054941739 0.009014652014648713 0.0066410256410232085 0.007175824175821547 0.007098901098898498 0.008871794871791622 0.013373626373621475 0.028714285714275197 0.03495970695969415 0.6498058608056227
0.03774806917995132 0.0290103024831952 0.010895699895397426 0.008826605912105228 0.008425396552464081 0.008413933427902906 0.009128945822406235 0.010642078264481417 0.012172405393398361 0.015721675335652364 0.021344337932909005 0.032552407972598466 0.042644256258143456 0.03181017065726235 0.02092450099585595 0.01633351960910511 0.01261086990786333 0.011635071429593255 0.010044562896730138 0.009876914700022945 0.008850965051797726 0.009242144177447844 0.011536201980253114 0.02742122684090223 0.038855693590674915 0.5433320437317424
0.023241666666656984 0.016745833333326354 0.012766666666661347 0.012470833333328137 0.012341666666661524 0.013729166666660946 0.015979166666660008 0.021204166666657833 0.025679166666655966 0.03195416666665335 0.04116249999998285 0.054787499999977174 0.06546249999997272 0.0524791666666448 0.03571249999998512 0.026016666666655825 0.021366666666657763 0.019329166666658612 0.016991666666659588 0.014762499999993848 0.01378333333332759 0.01253333333332811 0.01353749999999436 0.01609166666665996 0.024258333333323227 0.3856124999998393
0.028710462287094642 0.025203336809167465 0.008773027459155796 0.005655196385121426 0.004570733402848602 0.004407368786929299 0.004529023288145802 0.005954118873824833 0.007361835245044365 0.009874869655888121 0.014396941258250123 0.026444212721575794 0.03781717066387285 0.03218282933610282 0.017636426833500994 0.013256864789706897 0.008978102189777902 0.008282933611397886 0.005842891901284031 0.00625999304831204 0.006141814389987438 0.009016336461588802 0.013555787278410303 0.030625651720531586 0.037636426833494045 0.6268856447686385
0.010472775175640195 0.009740925058544445 0.006681791569084206 0.006370755269318512 0.007527078454329798 0.008859045667444065 0.010139783372361629 0.014757757611235817 0.020407640515215014 0.03135245901638197 0.04781176814986541 0.0838444086650747 0.10581820843087462 0.09599312060886417 0.05729654566742634 0.04046033372363859 0.0252671252927308 0.019214724824348942 0.013374560889924848 0.011834016393438293 0.008526053864165498 0.008643149882900818 0.008738290398123266 0.012328015222477924 0.020996779859477094 0.3135428864167471
0.026841905381939892 0.02485826280381523 0.008863661024304052 0.006100124782985077 0.005076090494790806 0.004779391818575579 0.004587809244790889 0.00589328342013789 0.00736151801215153 0.00987413194444277 0.014877319335934978 0.03326755099825825 0.05633884006075434 0.05850558810762897 0.018705579969614885 0.012405395507810398 0.00865851508246381 0.008277045355901375 0.006647745768228039 0.006410386827255857 0.0063459608289919795 0.007717556423609803 0.010708279079859296 0.02582804361978729 0.03260125054252919 0.5884687635632683
0.025362010221462075 0.021056927881882802 0.015818427030094666 0.011634014764337067 0.009593270868823396 0.009566060950216547 0.010162313079688368 0.011871805792162139 0.014663780049212727 0.019902280901000862 0.02708333333333013 0.03953364565587267 0.046720613287899074 0.03957978421351037 0.02592986939238762 0.01917589437819194 0.013653463940941031 0.011928591709254694 0.009962379329925 0.009725771342039356 0.009689097103917082 0.011415152375542848 0.016006530380463752 0.022635103161080042 0.03074720802573931 0.5165826708309061
0.023956163194439245 0.019993489583328996 0.00947699652777572 0.007100694444442904 0.006412760416665275 0.006440972222220825 0.007319878472220633 0.009529079861109043 0.012087673611108489 0.018428819444440445 0.02725694444443853 0.043739149305546066 0.06168836805554217 0.05120659722221111 0.029856770833326853 0.019950086805551225 0.013474392361108187 0.011831597222219655 0.009359809027775747 0.009038628472220261 0.009010416666664712 0.011226128472219786 0.014722222222219028 0.023652343749994868 0.03351128472221495 0.5097287326387783
0.043661458333329545 0.039989583333329866 0.011526041666665668 0.004659722222221818 0.002694444444444211 0.0019869791666664942 0.0016180555555554152 0.001523437499999868 0.0017690972222220687 0.002044270833333156 0.0026215277777775505 0.0033368055555552663 0.0038680555555552203 0.003871527777777442 0.0025746527777775544 0.0023645833333331284 0.0017934027777776222 0.0017960069444442888 0.001570312499999864 0.0021137152777775947 0.0028255208333330885 0.005137152777777332 0.011276909722221245 0.039460069444441026 0.04820486111110693 0.75571180555549
0.04535788597585878 0.03170724094881068 0.01997086974614857 0.015062421972532766 0.011229712858925173 0.008977320016644925 0.0075925925925918025 0.006989180191426655 0.006832084893881936 0.007520807324177328 0.00883999167706941 0.011653141905949682 0.012967124427797237 0.012260715771950452 0.009246774864751431 0.008513316687473104 0.007468789013732057 0.007851643778609254 0.008005617977527257 0.009467332501039382 0.011863295880148578 0.015982105701205163 0.020867665418225045 0.030306908031623978 0.04630878069079834 0.6171566791509969
0.03087679999999506 0.026428799999995773 0.011716799999998126 0.007831999999998746 0.007119999999998861 0.007111999999998862 0.007617599999998781 0.00838079999999866 0.009393599999998496 0.01111839999999822 0.012356799999998024 0.015070399999997588 0.016275199999997395 0.016022399999997435 0.011679999999998131 0.01067839999999829 0.008531199999998636 0.007899199999998736 0.006766399999998917 0.006817599999998909 0.007087999999998866 0.00844479999999865 0.01269119999999797 0.02805439999999551 0.03546239999999433 0.668564799999893
0.04567433930092219 0.038782608695638945 0.01324126172207562 0.006369991474848638 0.0040170502983788514 0.002438192668370865 0.0018243819266830948 0.0018209718670070517 0.0020153452685415124 0.0022472293265124476 0.0028951406649606495 0.0036248934356338876 0.005790281329921299 0.005432225063936766 0.002946291560101297 0.0032770673486774843 0.0023393009377656133 0.0028337595907918724 0.0023086104006812247 0.0031167945439034557 0.0029735720375096424 0.005790281329921299 0.012900255754471304 0.03675021312871722 0.04332480818412845 0.7452651321395583
0.033943075440523766 0.028003395741552518 0.013091099944932044 0.010112656020556552 0.008625585077091274 0.007792423825255857 0.0080648861967683 0.00905148678413967 0.011008913821584324 0.013866900697501683 0.018184712279733076 0.0225842625734182 0.02463490042216974 0.022181305066076115 0.016438085077090155 0.013049513582964354 0.009483124541114645 0.008192513307634654 0.006946356461085641 0.0071714964207038176 0.00698794282305333 0.008528072228339453 0.01147640189060041 0.027680742933182522 0.03419689564977483 0.6187032511930096
0.04329062499999549 0.028658333333330347 0.016099999999998324 0.013240624999998622 0.011520833333332134 0.011280208333332159 0.010630208333332227 0.011176041666665502 0.011738541666665443 0.013307291666665281 0.015131249999998424 0.017289583333331533 0.018885416666664698 0.018756249999998045 0.016555208333331607 0.01481458333333179 0.012579166666665356 0.01203020833333208 0.011293749999998824 0.011756249999998775 0.012719791666665342 0.013893749999998553 0.017134374999998214 0.027180208333330503 0.04235104166666225 0.5666864583332744
0.03199058111175623 0.022173632719417437 0.015555181790145051 0.011854904269332028 0.009584279427014945 0.008928321139234455 0.008650800325173479 0.010004765508925517 0.01132789504667078 0.014806716564344236 0.019448882908636937 0.0315000140161939 0.04299049701453677 0.04201496930450424 0.02728113699435784 0.022327810949451313 0.01548510077649329 0.014613292966665373 0.01096908025677376 0.010582233061416034 0.009884226165444486 0.012494043113836097 0.017200683990688418 0.024315308496615277 0.03484988646874811 0.5191657556133437
0.0464270833333285 0.034380208333329755 0.01587395833333168 0.012077083333332076 0.010802083333332208 0.009490624999999012 0.008366666666665796 0.008166666666665816 0.00828333333333247 0.008606249999999104 0.009424999999999017 0.010595833333332229 0.011183333333332168 0.011248958333332162 0.009212499999999041 0.008872916666665743 0.007760416666665858 0.008391666666665793 0.007952083333332504 0.008790624999999084 0.009493749999999012 0.01107708333333218 0.015914583333331674 0.03374583333332982 0.04536458333332861 0.6284968749999346
0.048216216216208974 0.0349414414414362 0.01940540540540249 0.012558558558556672 0.009289789789788394 0.007384384384383276 0.006181681681680753 0.005563063063062227 0.005463963963963143 0.005675675675674823 0.0067402402402392285 0.007881381381380198 0.009256756756755366 0.009524024024022594 0.007081081081080018 0.006509009009008032 0.00533033033032953 0.0060015015015006 0.005391891891891082 0.00648348348348251 0.007815315315314143 0.011701201201199444 0.018232732732729996 0.0331801801801752 0.0457777777777709 0.658412912912814
0.035664296757865845 0.03155599934407334 0.012750948744375944 0.007693906952772487 0.005389395146176122 0.0045680284857564524 0.004111225637180808 0.004424545539729487 0.005156601386805842 0.006527009932532778 0.00806286309969897 0.011096502529983383 0.012579647676160077 0.01219165807720961 0.008499168384556477 0.007098013493252334 0.00523127108320763 0.005141960269864315 0.004188823556970901 0.004838889149174704 0.005970647488754748 0.007942805940778447 0.012373207927284545 0.032213385494747906 0.04225279938155303 0.7024763985193874
0.03762199653205964 0.033529848897679695 0.014005449591273715 0.010270002477081857 0.008204111964325883 0.007639336140694754 0.007456031706709212 0.007664107010152259 0.008808521179089023 0.010666336388401948 0.012018825860781759 0.014951696804550432 0.017007678969523404 0.017879613574427605 0.013262323507548544 0.012147634381960789 0.009690364131776225 0.010522665345548415 0.008258607877132396 0.008709437701259 0.007748327966307779 0.00875897944017401 0.012316076294271828 0.031245974733697675 0.03901411939557146 0.6306019321275053
0.0434778780541301 0.034325335681252775 0.010970724191058344 0.007356372441114966 0.00658155403917826 0.006929341844593031 0.006819282412499749 0.00730354391371019 0.008434954875629128 0.01129650011005446 0.014078802553372627 0.016284393572521996 0.016618974246085574 0.01644287915473632 0.010217917675540296 0.008659476117099423 0.006396654193261546 0.006009244992293194 0.0049262601804953 0.005397314549854547 0.006101694915251551 0.008531807175871216 0.012441118203824592 0.031023552718454316 0.03938366718026001 0.6539907550074162
0.04592149522568822 0.03833279079860591 0.015482584635414567 0.00817599826388778 0.005131022135415971 0.0037326388888883825 0.003025987413194034 0.002952745225694044 0.0028659396701385003 0.003329806857638437 0.0038465711805550336 0.004790581597221572 0.005391438802082602 0.005437554253471485 0.0035088433159717464 0.003835720486110591 0.0028889973958329414 0.0035536024305550737 0.003530544704860632 0.004564073350693826 0.005818684895832544 0.008927408854165457 0.015235731336803488 0.0358045789930507 0.048368326822910104 0.7155463324651807
0.03576214405358637 0.02551507537687374 0.015016750418754181 0.013027638190949318 0.010351758793965514 0.010841708542709027 0.011243718592960115 0.01371440536012826 0.015489949748737231 0.01856365159128201 0.02120603015074489 0.027357621440524556 0.03016331658290194 0.029032663316570756 0.020159128978216014 0.016871859296475347 0.013257956448905671 0.013324958123947519 0.01123115577888977 0.011042713567834572 0.010318257956444591 0.010938023450581685 0.013387772194299251 0.02495393634839826 0.03645309882745542 0.5407747068674452
0.04365405883652128 0.03744746737445811 0.01297058172970008 0.007666445476661063 0.005777482857772273 0.004065472240652924 0.0032780358327789082 0.003171864631717243 0.0033266976332655047 0.003954877239547023 0.004481309444811112 0.00606060606060338 0.007246184472458639 0.006896704268963992 0.004490157044899584 0.004490157044899584 0.0030258792302574537 0.0036230922362293196 0.0033886308338848094 0.00428223844282049 0.004830789648305759 0.006542800265425109 0.011369166113686631 0.03184251271841104 0.053275823932734674 0.7188409643880916
0.031573386930521655 0.027066584209434377 0.01566429602143484 0.011041537827249268 0.00839775304060802 0.007632446918159237 0.007271696557408969 0.008256029684598985 0.010343228200368391 0.014252216037926651 0.01888785817356759 0.024582560296839678 0.027535559678409725 0.02520356627498835 0.017694805194800635 0.014056380127805078 0.009830447330444797 0.008748196248193995 0.006874871160583675 0.006985673057099829 0.007083591012160616 0.00870696763553682 0.013458565244276062 0.030217996289417074 0.029965471036891886 0.6086683158110161
0.030596977953911024 0.01908843200395388 0.014798117413913897 0.015016101065139948 0.014020312112948219 0.014718850631649879 0.01541738915035154 0.017542729749805527 0.01930641565517993 0.025672529105758894 0.03267277681445 0.045196928412164876 0.049680455783973405 0.05054248204109461 0.03387664107008478 0.027644290314576346 0.020322021302937667 0.018622739658152775 0.014347287589787294 0.014580133762687847 0.013376269507053071 0.014540500371555838 0.015442160019809045 0.01812732226900266 0.029863760217968854 0.4149863760215928
0.029814726127062555 0.025185226920561188 0.012958841592235064 0.010047797466443128 0.008413856570030881 0.008019457043310684 0.009024236789954997 0.01072391094082061 0.013268726934658075 0.01968241447632224 0.025466940868218473 0.03112939121612988 0.037674545266700776 0.030650477505112496 0.01935374820405541 0.013268726934658075 0.008047628438076413 0.008000676113466864 0.00581269778666196 0.00562488848822377 0.00526805082119121 0.00685503939299391 0.01053610164238242 0.024649970420012348 0.028265299414947494 0.59225662262483
0.0389088114753956 0.02777371194378375 0.015496926229502526 0.013089139344257506 0.01149004683840329 0.012174326697887816 0.013411153395779635 0.014069818501165812 0.015284689695544758 0.01742535128804983 0.01787177985947824 0.024410860655728773 0.027759074941441832 0.027711504683830608 0.01701185597189073 0.01501390515221933 0.011091188524586106 0.011515661592501641 0.011281469555031001 0.011826697892267335 0.011566891100698343 0.013645345433250276 0.016203161592499925 0.026452722482425917 0.043673155737688936 0.5338407494143246
0.04873287671232371 0.02715026982149988 0.0245174346201718 0.02193337484433147 0.016936488169363124 0.01317040265670266 0.011025321710252074 0.010364259028641515 0.01066936488169254 0.011423827314237087 0.012723121627229895 0.015022831050226752 0.016548360315481885 0.01623391448733746 0.013268991282688537 0.012253009547528823 0.010976546284764323 0.011743462017433402 0.011250518887504021 0.01345267745952538 0.016152968036528003 0.020434827729346156 0.022517642175174084 0.02625674553756473 0.051705064342045276 0.5335356994603017
0.04447558929989798 0.02815396839409948 0.021677187251697087 0.015980621523790945 0.012726229363466415 0.011239736911802415 0.009743312439303242 0.009381345457754769 0.009893396309701388 0.010760792795973034 0.012439304317117017 0.015695903593182695 0.018555222035841513 0.016061181248342892 0.011430652423411822 0.010178114240309639 0.008221506135780854 0.008293237397368203 0.007958859362584095 0.008957579235454118 0.009987198728700231 0.012879623907476287 0.019263706188750413 0.029100821047052496 0.03976339719254439 0.5971815131984862
0.031430942895082845 0.023573483842405537 0.014386896857014787 0.012063966356793706 0.010909694555111675 0.010587649402389267 0.010340858787072782 0.011424302788843358 0.013005754758741368 0.01619411243913057 0.022440239043822217 0.03603696325807481 0.048771580345280126 0.034611553784856725 0.020106241699864972 0.013188357680388093 0.009260734838423056 0.007781097830897766 0.006549358123062577 0.006717574147852289 0.007252102700309069 0.00911354581673206 0.013369853917661203 0.02720562195661496 0.03502988047808377 0.5486476316953798
0.041076433782221256 0.03188909126941427 0.0190494615943512 0.013080284255521804 0.009371372486098956 0.00802653806588838 0.007408386104317905 0.006832702598122502 0.0070969507649007195 0.008880625890653693 0.011013486093935026 0.014896990402122055 0.018738026254934013 0.016718415265986202 0.01106539198383789 0.009083530733001253 0.006983701550567198 0.00782363322354082 0.007002576419622784 0.007733977595526782 0.008625815158403268 0.011829824180589164 0.01647776068552747 0.0277743698152963 0.040387501061692324 0.6311331527634548
0.025188905547222612 0.013902548725635098 0.00995502248875413 0.010394302848574153 0.012034482758618886 0.013719640179907988 0.015544227886054642 0.02033433283358016 0.024490254872560048 0.0330899550224838 0.04673463268365116 0.07763868065965852 0.09717091454271407 0.06673613193402297 0.03820089955021916 0.02888605697150991 0.02134032983507926 0.019059970014989647 0.015329835082456472 0.014469265367314172 0.012617691154420897 0.012481259370312971 0.012002998500747826 0.014811094452771392 0.026940029985003458 0.31692653673158666
0.04374893617019415 0.03977446808508946 0.01847659574467299 0.011182978723399496 0.006897872340422597 0.005178723404253115 0.004940425531912792 0.004765957446806483 0.004778723404253286 0.005693617021274173 0.006770212765954566 0.009017021276591907 0.01069787234042098 0.0110595744680804 0.007238297872337345 0.007412765957443654 0.006238297872337771 0.007229787234039477 0.006565957446805716 0.008463829787230441 0.009353191489357721 0.013365957446802823 0.0192212765957365 0.03155319148934828 0.04947234042551086 0.6509021276592974
0.018967077529322796 0.018026312774924107 0.008518431543253912 0.007043564424485795 0.006758614369500498 0.007314195381230624 0.008698852181083799 0.011806096499265171 0.015109512463340946 0.023816956103369022 0.03602685117301537 0.06201171874999112 0.08163747479837541 0.07430036885996004 0.04658145848606371 0.034053679435478997 0.020724030883428116 0.017903168530056086 0.011986517137095058 0.011303496151024774 0.008853498442080844 0.009870154417154012 0.01078228097507177 0.016843555260261517 0.025334780516858543 0.4057273529141648
0.03644011976047359 0.028917664670654354 0.01320359281436928 0.008131736526944891 0.006857784431136698 0.006999999999998952 0.007467065868262355 0.00906287425149565 0.010164670658681114 0.01231586826347121 0.014264970059878104 0.018835329341314544 0.020023952095805386 0.021770958083829076 0.01278143712574659 0.011726047904189862 0.00901497005987889 0.008907185628741182 0.007697604790418009 0.007553892215567732 0.00714371257484923 0.008100299401196392 0.011937125748501207 0.02837425149700174 0.04938473053891476 0.6229221556885295
0.0275346347607024 0.017978589420653026 0.01185768261964611 0.01166246851385268 0.012884130982366406 0.014762804366077376 0.01662783375314687 0.01956444164567385 0.02321788413097993 0.029879303106629944 0.04002938706968513 0.05598236775818052 0.06175797649033777 0.05092989084802152 0.036441015952976864 0.026577455919392676 0.020696893366916384 0.017748740554154308 0.014887699412257044 0.013613560033583794 0.01235306465155202 0.012517842149452927 0.012592359361879451 0.017786523929469167 0.028046809403859358 0.3920686397984475
0.05029895366217484 0.03586397608370166 0.02154559043347959 0.013584454409564486 0.00894768310911675 0.006950672645738871 0.006200298953661256 0.005926756352764436 0.005566517189834743 0.0055590433482801856 0.005787742899849658 0.006623318385649234 0.0068266068759332095 0.007594917787741765 0.006013452914797307 0.006236173393123133 0.0057369207772786646 0.006621823617338323 0.006840059790731414 0.008298953662181122 0.010874439461881782 0.015207772795214469 0.021082212257097 0.031034379671146334 0.05296860986546294 0.6418086696561074
0.04858510195588342 0.04324178110694515 0.01014773200166353 0.004738868081564217 0.0028048272992090297 0.0019132334581770793 0.0014377861007072994 0.0013212650853098916 0.0013264669163544189 0.0014024136496045149 0.0017176446109028593 0.00196317103620454 0.0024022055763626296 0.0029005409904283293 0.0020266333749477707 0.002505201831044267 0.0017883895131084282 0.002441739492301036 0.0022045359966705986 0.0031054931335826983 0.0041219309196833 0.006735330836453731 0.012711194340406502 0.04013212650852683 0.0518216812317882 0.7445027049520657
0.027073119043251256 0.021316841550583457 0.008369512921553053 0.008191956103371261 0.009062557276391664 0.011260538856303372 0.013792155425217967 0.018190982404689478 0.023405997983867617 0.0300844254032215 0.03947489002931986 0.05164325971406885 0.0564201108870887 0.05044188737169366 0.038127462884891904 0.02965628436583153 0.022173123625363392 0.01880956744867766 0.015357232862901027 0.013414131231669634 0.010709253574045388 0.009715508156156967 0.010126466275658373 0.018879731030055948 0.02843486528591968 0.4158681382880636
0.04772271050346413 0.0355004204644037 0.017315334743920677 0.010203043619789937 0.006669786241318314 0.005045572916665811 0.004392835828992311 0.00425381130642289 0.004325018988714544 0.0047607421874991925 0.00537957085503381 0.006329006618922538 0.006839328342012729 0.0074632432725681794 0.005905151367186499 0.005755954318575413 0.004891289605033893 0.005655924479165708 0.005277845594617161 0.006162855360242011 0.007414076063366798 0.01079135470919956 0.016230265299476417 0.03408983018662617 0.044621785481763265 0.6870032416448488
0.03859791666665863 0.025960416666661257 0.020618749999995703 0.016422916666663245 0.014329166666663682 0.012824999999997328 0.012127083333330806 0.012974999999997296 0.014808333333330249 0.017243749999996408 0.021218749999995578 0.026104166666661228 0.03009999999999373 0.02870833333332735 0.022220833333328704 0.01896458333332938 0.015320833333330142 0.015049999999996864 0.012691666666664023 0.014037499999997075 0.01514791666666351 0.016697916666663187 0.019449999999995946 0.022985416666661877 0.03865624999999195 0.4967374999998965
0.02223888055971273 0.01597867732799734 0.013913043478256235 0.014242878560714895 0.013643178410790057 0.01420956188571907 0.015545560553051625 0.019743461602525488 0.025343994669323557 0.032540396468421606 0.045247376311829006 0.05777444611025895 0.061432617024800455 0.054935865400614715 0.039576878227539705 0.02976178577376986 0.022588705647168885 0.019366983175072676 0.015398967183069998 0.01398967183074663 0.013203398300845177 0.015289022155583778 0.015272363818085867 0.015568882225548702 0.023954689321997683 0.36923871397622215
0.047602076124551 0.04028719723181997 0.012764705882348524 0.005806228373700413 0.0032733564013829506 0.002159169550172263 0.001961937716262297 0.001830449826988986 0.0018892733564007304 0.0019653979238747525 0.0019584775086498416 0.002453287197230985 0.0027647058823519846 0.004197231833908582 0.00267474048442814 0.0035813148788914942 0.0022595155709334742 0.003307958477507506 0.0027785467128018065 0.003622837370240961 0.0040415224913480825 0.007211072664357367 0.012965397923870947 0.03604152249133701 0.04620761245673142 0.7443944636675625
0.04430445344129076 0.02937112010795904 0.020538731443992386 0.014835087719296643 0.011741970310390095 0.010170040485828861 0.008866936572198773 0.008798920377866797 0.008864777327934266 0.00984507422402053 0.011410526315788242 0.014421592442643518 0.016826990553304527 0.014527395411604369 0.010365452091766762 0.009086099865046252 0.0073219973009438786 0.0075627530364364304 0.007208636977057251 0.00797732793522181 0.008766531713899189 0.011584345479081071 0.017463967611334147 0.030453981106609396 0.03951309041834931 0.6181721997300277
0.02683971774193164 0.021594632056448522 0.014873247342373237 0.01334110383064325 0.011506827346039408 0.011481052969206568 0.012967375366567058 0.015803988728003603 0.018405768878296484 0.024174933559380704 0.033268992851901394 0.04881380590175254 0.06078027630131094 0.04632228280791126 0.031020894428148052 0.02476488040688795 0.018862548112167386 0.016618745417886185 0.01419595399559914 0.013817929802050807 0.013130613086508383 0.014366351264660699 0.01582260355571621 0.02109775934750431 0.029586120784453242 0.4265415941165078
0.03218767908308994 0.024946991404007888 0.017607449856731003 0.014471346704868987 0.013084527220628498 0.01315042979942505 0.013094555873923625 0.013780802292261637 0.01550429799426712 0.018948424068765193 0.02394269340973869 0.031060171919766323 0.034332378223490785 0.02979656160458026 0.02045988538681655 0.016031518624639536 0.01231232091690368 0.011355300859597227 0.010931232091688978 0.012343839541545509 0.013842406876788848 0.016322349570198236 0.020253581661888218 0.02495128939827723 0.03245702005730194 0.5128309455586658
0.03509908218606225 0.021027325823944405 0.016175427617853965 0.015067793074675108 0.014238631622860426 0.01455360867751204 0.015643512724237 0.01824468085106193 0.021053400083435436 0.02499791405923811 0.028184188569041698 0.033290571547764575 0.036036712557359615 0.03250938673341338 0.026042970379638503 0.02212140175218793 0.018269712140173314 0.01755006257822095 0.015835419274090965 0.015050062578221208 0.014244889445138272 0.014801835627866624 0.015832290362952042 0.021411138923652335 0.0372820191906511 0.4554359616186425
0.04584376017252021 0.037675221761062916 0.010920206705727778 0.005290985107421202 0.0038057963053380575 0.003383636474608945 0.0029716491699214973 0.0029513041178381664 0.0031903584798173026 0.003925323486327626 0.005639394124348242 0.008274078369139572 0.009957631429035193 0.0075848897298167435 0.0041389465332025985 0.0033149719238277035 0.002451578776041355 0.0025571187337236332 0.0019721984863278743 0.0023371378580726195 0.002689361572265283 0.004385630289712984 0.008694966634113477 0.03826268513996909 0.04537963867186923 0.7324015299478235
0.04037916666665826 0.03985208333332503 0.010110416666664561 0.005397916666665542 0.0040604166666658205 0.0033229166666659746 0.003002083333332708 0.0031291666666660146 0.003395833333332626 0.004043749999999157 0.005395833333332209 0.010197916666664543 0.020254166666662448 0.011637499999997575 0.006337499999998679 0.005027083333332286 0.0035562499999992592 0.0037416666666658873 0.003412499999999289 0.004235416666665784 0.0049708333333322976 0.007220833333331829 0.011895833333330856 0.03452291666665947 0.042418749999991165 0.7084812499998524
0.029598424335234054 0.023842871211266176 0.00839260312943605 0.006729401466236208 0.00632454316664151 0.0077141919247098 0.006959185906546712 0.010154283838483253 0.01306488674908298 0.017376080533956256 0.02412736623260299 0.03621840463941764 0.042849327059806486 0.04444687602577476 0.02422584527845035 0.021304300251645363 0.013021118284261932 0.01301017616805667 0.007954918481225566 0.009836962468530653 0.007965860597430829 0.010931174089056864 0.013951198161709212 0.024455629718760852 0.05182186234812143 0.5237225079324612
0.04159979123641331 0.031429581574926 0.017906247194035378 0.013909154170780126 0.010920804525454157 0.009579554637692828 0.009078690401363547 0.00926107793840222 0.00955710694082653 0.010854864415909405 0.013175395079462998 0.017293144473374607 0.01836782796084864 0.015453836311392282 0.01151847445451935 0.011209818622607748 0.009742300439973492 0.009962568465474044 0.01003412049923537 0.011261728921611062 0.011874831642271837 0.01394142273502543 0.01707147346681991 0.029054334650260808 0.044482917302678504 0.5914589319385001
0.0306858503486016 0.020706237549798112 0.013212773904380757 0.011646123837979897 0.010945800132800705 0.010877064658033118 0.011250570634128687 0.013212773904380757 0.016784424800794635 0.021964226427619995 0.029934947709159464 0.0401324389940187 0.04332409943558535 0.038150782287511655 0.02767316152058074 0.020821661271577644 0.015383777390436252 0.012937832005310406 0.010918565322043737 0.01043352631141963 0.01001722277556311 0.011272617861884328 0.012922269256306426 0.01975172227755388 0.06854353419653826 0.4664959951858625
0.02492291666666407 0.022351041666664337 0.00919479166666571 0.006967708333332608 0.006529166666665987 0.007014583333332602 0.00887083333333241 0.011804166666665438 0.01635520833333163 0.023308333333330905 0.03243124999999662 0.04140312499999569 0.04283958333332887 0.03777604166666273 0.027471874999997137 0.02034374999999788 0.014682291666665138 0.011668749999998784 0.008746874999999089 0.007548958333332547 0.006607291666665978 0.007063541666665931 0.009268749999999035 0.022467708333330994 0.025256249999997368 0.5471052083332764
0.037408692917951 0.036002805727548735 0.008548701141639574 0.004252430824302763 0.0030823698722905555 0.002807239260835489 0.0027981690208974098 0.003457273123064493 0.004096725038699071 0.005673435081268492 0.007076298858358063 0.01035821400928636 0.012441345781731864 0.011602348587459546 0.00783366389318767 0.006591041021670831 0.004516979489163404 0.0042992937306495045 0.0030158547794113086 0.0033091258707425336 0.0032123766447363566 0.004580471168729958 0.009105009191175094 0.03464680485680591 0.03833990421826046 0.7309434258899824
0.04169008430346468 0.037173825772757144 0.009380436237114024 0.005720594138896213 0.004215174628660367 0.003633079084702507 0.003258396895488252 0.0035260270306412913 0.004402515723267495 0.005466345510500826 0.007219322895753232 0.009674829385782367 0.01321423792318131 0.010082965341890751 0.00659039207814359 0.006884785226811933 0.004737053392208794 0.004931085240194747 0.003613006824566029 0.0048708684597853135 0.004670145858420534 0.005774120165926821 0.008958918774247987 0.02974039876888148 0.053659842098184356 0.7069115482398589
0.030475262368811023 0.02311394302848229 0.01303748125936836 0.010187406296850048 0.009673163418289405 0.010221889055470732 0.010725637181407687 0.01348725637181207 0.01691004497750871 0.022713643178407388 0.029724137931030025 0.04232083958020355 0.049025487256364464 0.04466416791603528 0.03108245877061003 0.024484257871060795 0.018782608695649357 0.016595202398798112 0.013686656671662117 0.012869565217389375 0.011857571214391027 0.012293853073461425 0.01392953523238172 0.020589205397298263 0.03101049475261904 0.46653823088448776
0.03954952237304383 0.022322775263947246 0.01629562594268149 0.015340372046251315 0.015177476118649537 0.01512921065861938 0.015545500251379478 0.016579185520358655 0.018405228758166234 0.022210155857210215 0.025379587732523804 0.02965108094519263 0.029980894922065363 0.027271995977872845 0.020671694318748986 0.017614881850172424 0.014535947712415377 0.01400502765208366 0.0128486676721945 0.012607340372043719 0.012504776269479637 0.014045248868775456 0.016086475615884145 0.023640020110603593 0.03669582704876084 0.49590548014067454
