0.031017082192035625 0.03177610309873806 0.005986569959192713 0.002604457813926584 0.0015960692790727776 0.0013391318221625758 0.0012322807777591265 0.0013796012912963074 0.0015592391506884823 0.002096988139825188 0.0032183418115414963 0.00585307894050339 0.010573158318892276 0.008335254905248914 0.004442616039651863 0.0033560544655001656 0.0025201706821696393 0.0026437626940204956 0.002102519937764331 0.0026038755194066738 0.00315589072428117 0.00555261496822993 0.012003128086160782 0.05509088452866672 0.12360758822926386 0.6743535366239863
0.04067864271448966 0.03740518962068382 0.008463073852278517 0.0038123752494933884 0.0030139720558822075 0.002375249500993263 0.0028942115768405305 0.004091816367257302 0.0063473053892088875 0.008343313373236839 0.01001996007982032 0.014031936127716502 0.01616766467062641 0.017984031936091847 0.010718562874230102 0.009401197604771655 0.005229540918153234 0.00499001996006988 0.0029940119760419283 0.0037724550898128296 0.0032135728542850026 0.004790419161667085 0.007724550898188174 0.028043912175592725 0.03155688622748192 0.7119361277430899
0.045457544058042254 0.03657760814248502 0.013457732541698837 0.008309772877200946 0.005736971067758521 0.005037225520684894 0.004436433889359053 0.004570728489302476 0.004695598906793729 0.005223353124115252 0.005645085288849862 0.007388559042501322 0.00894119310149634 0.008583074168313876 0.006356611063988701 0.006022052586936664 0.004594288945432901 0.005143247573271807 0.004485910847232945 0.005084346432945744 0.005461313731032546 0.007744321930070742 0.012873433229664293 0.03452784845913803 0.045655451889537825 0.6979902930919099
0.04456196134213964 0.03340473600534961 0.018786712409000286 0.012114467408583029 0.00800937160070153 0.006382729478703643 0.005703288427745677 0.005875658940673437 0.006688980001672381 0.007726550079489963 0.009707974228096442 0.013513513513511252 0.015903271692742714 0.01631997322399526 0.011759685381974435 0.0110568153292593 0.009267843695086726 0.009905447242906885 0.009488745711654341 0.010633419797504704 0.012171366412850444 0.015215463141157189 0.0194042339553143 0.028295540122160776 0.046538364990369584 0.6115638858671891
0.05100651909144277 0.047961888387248505 0.00838168923272304 0.0035819184755226667 0.0011462139121672533 0.0017909592377613334 0.00118203309692248 0.00139694820545384 0.0011103947274120267 0.0012178522816777067 0.00139694820545384 0.00204169353104792 0.00236406619384496 0.0054086968980392265 0.00118203309692248 0.0036893760297883466 0.0007163836951045333 0.0036177376602778933 0.0005731069560836266 0.00182677842251656 0.0012178522816777067 0.003259545812725627 0.006160899777898987 0.038756357905155255 0.03954437996977024 0.7694677269117792
0.03834731158087685 0.029927332261025112 0.016353113511027063 0.010920266544116078 0.009191176470586915 0.008480296415439958 0.008638269761028172 0.009810144761028003 0.010638786764704354 0.012258731617645298 0.014032341452203867 0.017777745863968034 0.022262752757349746 0.022571518841908524 0.01563505284926246 0.01413574218749797 0.011415728400733655 0.011544979319851283 0.00932904411764572 0.009696691176469195 0.009731158088233896 0.012456916360292329 0.016406249999997645 0.030938361672789676 0.05006175321690458 0.57743853400727
0.020428941813506615 0.013909921071951015 0.009767059012480244 0.01052851964023344 0.010964459434653347 0.012828675660791112 0.015868782121877312 0.02218560710352105 0.03191824981644183 0.04627845080762919 0.06078922310938923 0.07205625917766954 0.07077712004404271 0.060761976872237985 0.04713455625917092 0.03730870273494326 0.02900290244125869 0.022845252845077487 0.017793226872244144 0.0145064702643151 0.011516554240086454 0.009768493024961888 0.009194888032304114 0.013231633168133198 0.022734833883990866 0.30589924054694584
0.023321492007100653 0.018564831261097946 0.007442273534634557 0.005875666074599312 0.00575843694493681 0.005193605683835667 0.004158081705150239 0.005999999999998934 0.006124333925398557 0.00882593250443893 0.008460035523977182 0.014373001776196381 0.012849023090583863 0.02543516873889424 0.011365896980459794 0.015859680284189014 0.009674955595024924 0.01759147424511233 0.010229129662520386 0.020028419182944932 0.01760035523978373 0.03440674955594415 0.03896802841917603 0.048786856127877656 0.17680994671400058 0.4462966252219456
0.013784999999998621 0.012525999999998748 0.00550599999999945 0.003966999999999604 0.003329999999999667 0.0026839999999997317 0.0024659999999997535 0.002647999999999735 0.0031159999999996885 0.00439899999999956 0.006188999999999381 0.011281999999998871 0.020077999999997993 0.026849999999997314 0.011882999999998811 0.014028999999998596 0.008438999999999156 0.01579999999999842 0.007461999999999254 0.01229499999999877 0.00869699999999913 0.01460099999999854 0.012159999999998785 0.017659999999998233 0.5432329999999457 0.2149149999999785
0.053283850652151854 0.03807917228961296 0.02053531264052961 0.01333783175885439 0.009941520467813896 0.007174988753919984 0.006095366621668701 0.005330634277990709 0.005038236617172654 0.006680161943304813 0.007242465137185689 0.007984705353108447 0.006432748537997227 0.00937921727393302 0.005083220872683124 0.009694107062506311 0.004925775978396478 0.008299595141681737 0.005083220872683124 0.006657669815549578 0.007242465137185689 0.010526315789450008 0.01630679262254542 0.03180386864590237 0.042352676563107615 0.6554880791708153
0.04229256415051078 0.03839670350245664 0.007286008615832017 0.003614909159011772 0.0026034837984592555 0.0021726915152609615 0.0021914216145304524 0.0034088780670473704 0.0038396703502456644 0.006199662858201537 0.006930136729711687 0.009964412811369236 0.007960292189533695 0.012624086907636965 0.00608728226258459 0.007904101891725222 0.003633639258281263 0.005937441468428662 0.0030717362801965316 0.0045139539239473425 0.0036898295560897363 0.007023787226059143 0.008672035961774354 0.031166885184433103 0.045701442217558154 0.7231129424972408
0.038685208596651886 0.032458912768595985 0.012452591656111801 0.008043615676346328 0.007443109987346013 0.007190265486714301 0.007869785082162026 0.010176991150426395 0.010540455120084481 0.012721238938032994 0.013685208596691395 0.014080278128928444 0.013827433628296732 0.016972187104903648 0.010271807838163288 0.008012010113767364 0.006747787610608806 0.006099873577740045 0.003966498103659977 0.00510429835650268 0.004693426042976148 0.007158659924135337 0.01117256637166376 0.02737041719338279 0.028508217446225493 0.6747471554983016
0.04023449131513149 0.03278039702232844 0.016424317617863966 0.010155086848633976 0.006930521091810554 0.0057084367245650485 0.00500744416873387 0.00532258064516063 0.005596774193547692 0.0073014888337459925 0.010045905707194783 0.0182220843672434 0.02611042183622505 0.02458684863523268 0.01154838709677276 0.009295285359800336 0.007243176178659151 0.007506203473944478 0.006410669975185309 0.007557071960296829 0.009158808933001346 0.013251861042181979 0.020084367245655075 0.03291315136476018 0.047464019851110734 0.6131401985110901
0.01816277962873957 0.015816277962867293 0.0119942884340733 0.009871489766773026 0.009271775345069361 0.011456449309846998 0.01240837696334488 0.01609709662064917 0.019067110899562558 0.027967634459767746 0.03861494526414155 0.06247025226079844 0.08244169443118399 0.082208472156077 0.05055211803900497 0.03633507853401412 0.021318419800085045 0.016772965254632663 0.011627796287476616 0.011465968586381978 0.010395049976196861 0.0128034269395465 0.013588767253682252 0.017034745359344582 0.02473108043787495 0.3555259400283886
0.04752082351082917 0.0440633349048325 0.008899104196116416 0.004164702184495983 0.0026913405626224044 0.0027502750274973472 0.002907433600497196 0.00223950966524784 0.0034378437843716842 0.003634292000621495 0.0045379537953706235 0.0055005500549946944 0.00634527738486888 0.00783828382836744 0.00485227094137032 0.005677353449619524 0.0035164230708716084 0.00390931950337123 0.0024948923463725937 0.0035950023573715325 0.0031628162816219494 0.0055791293414946186 0.009233066163741095 0.03321939336784296 0.03616611661159012 0.7420634920620343
0.04633410672852037 0.03940061871614872 0.01018174787315925 0.004632637277647087 0.0028499613302386505 0.00249806651198666 0.001964423820571553 0.0020185614849180127 0.002455529775714441 0.002559938128382614 0.0028963650425356162 0.003971384377415324 0.005572312451660645 0.0057965970610959795 0.0036465583913365637 0.0034957463263714248 0.002935034802783088 0.0037122969837572652 0.003201856148490641 0.003955916473316336 0.004926527455527871 0.0069914926527428495 0.012532869296205517 0.03117942768753628 0.05954756380508138 0.7307424593964692
0.04081996434930335 0.02868092691616991 0.01408199643491251 0.013083778966108585 0.015472370766460833 0.018680926916187734 0.019768270944706297 0.019376114081961895 0.019108734402817986 0.02057040998213802 0.01948306595361946 0.02276292335111807 0.02276292335111807 0.02454545454541079 0.018502673796758462 0.018092691622071135 0.013778966131882746 0.016292335115835485 0.013511586452738839 0.013386809269138348 0.013351158645252494 0.013885918003540311 0.014616755793200327 0.023386809269120522 0.036007130124713 0.5059893048119323
0.04430816135083389 0.040307223264530886 0.012439024390240985 0.005651969981236948 0.0035858348968096656 0.0028025328330199806 0.002335834896809959 0.002237335834896286 0.0022865853658531224 0.0025187617260782084 0.003013602251406423 0.00448170731707212 0.006632270168853979 0.005173545966227679 0.003107410881800397 0.003227016885552714 0.0022115384615379427 0.002779080675421487 0.002305347091931917 0.0031003752345208488 0.0037499999999991204 0.006381332082550098 0.011500938086301243 0.03765009380862156 0.04409943714820729 0.7421130393994507
0.050353028613764526 0.042363433667669044 0.0122100122099798 0.008095768965312694 0.005308700960860783 0.004087699739862802 0.0030259595476906462 0.0025216329564088716 0.002548176461213176 0.0017518713170840583 0.0019376758507141858 0.0015926102882582347 0.0019376758507141858 0.004698200350361793 0.0023623719275830484 0.004193873759080018 0.001566066783453931 0.0040611562350584985 0.0017253278122797543 0.003371025110146597 0.002999416042886342 0.005229070446447871 0.009263683176702066 0.03692201518278675 0.041062801932258156 0.7448107448087679
0.04506511065249764 0.04174197680207661 0.008048103607764855 0.0034298726250598234 0.0025332669180939777 0.0028107877321548345 0.00238383263359967 0.0032235109940914938 0.0027111648758252962 0.003778552622213208 0.003579306909554131 0.00489575179676589 0.005116345264352724 0.012182452145440701 0.004184159965840615 0.007350743613458086 0.0032733224222562633 0.007884437486652043 0.0032875542588747687 0.0061125738276481085 0.004810360777054857 0.007756350957085493 0.009229346047100812 0.040076851917711466 0.052430086102574235 0.7121041770435408
0.045308254963395814 0.04183211424587821 0.007983281086723802 0.0033716475095761952 0.0018669453152198767 0.0014907697666307971 0.0011354928596299997 0.0019923371647495697 0.001309648206199018 0.00293974225008503 0.0023197492162993242 0.0037896203413418394 0.0037687216997535572 0.012978056426323248 0.002410309996515214 0.005719261581326563 0.0019993033786123307 0.008310693138273555 0.0020619993033771772 0.005426680599090612 0.0030024381748498764 0.004576802507833802 0.00835249042145012 0.03841866945312545 0.0436781609195098 0.7439568094735326
0.046494027164082706 0.04465308460149254 0.009143348060864483 0.005083046964485065 0.0029966453935495454 0.002597774504988343 0.0015750286368826961 0.0017284405170985432 0.0020148093601681243 0.0020864015709355197 0.002556864670264117 0.0035182457862834252 0.004387579774173225 0.005379643266235703 0.002700049091798908 0.00393757159220674 0.00222958599247031 0.0031091474390411663 0.0018818523973143902 0.00327278677793807 0.003692112583861385 0.0055637375224947185 0.010789968908514575 0.034957453771851006 0.046483799705401646 0.7471669939445803
0.04920398009942089 0.046865671641713326 0.017893864013237323 0.00943615257046528 0.005124378109444238 0.0035489220563788577 0.002470978441123597 0.004228855721386021 0.003117744610276753 0.0033167495854008015 0.0031509121061307614 0.0034825870646708413 0.0037147595356488974 0.00533996683249529 0.002868988391371693 0.004494195688218086 0.002553897180758617 0.004029850746261974 0.0027860696517366733 0.004046434494188978 0.0044610281923640775 0.008739635157531112 0.015472636815894739 0.03522388059695651 0.041376451077875 0.7130514096173913
0.033198653198638295 0.034868686868671214 0.014751964085290796 0.008022446689109754 0.0054141414141389834 0.004781144781142635 0.004152637485968955 0.004359147025811735 0.004202020202018315 0.005099887766552144 0.006235690235687436 0.008323232323228586 0.012552188552182916 0.010698092031420562 0.006437710437707547 0.006671156004486343 0.006069584736248678 0.006940516273846491 0.005840628507292552 0.006563411896742284 0.006778900112230402 0.009916947250276132 0.016430976430969055 0.032457912457897885 0.04018855218853415 0.6990437710434572
0.04063680518077695 0.03568267674041131 0.009776038855906699 0.005110631408525334 0.003615758229896488 0.0031705342687525172 0.0033054506206143266 0.003977334052886136 0.005358877495951064 0.0069589854290321215 0.009854290339986548 0.013801942795463087 0.015240151106309973 0.014921748515916104 0.009622234214784236 0.007628170534266695 0.004476524554774831 0.0040852671343755845 0.003281165677279201 0.0034295736643271913 0.0037587695628700057 0.005286022665945686 0.009975715056662176 0.0340933621154792 0.04104425256339961 0.7019077172151371
0.03190980651800208 0.034208783932843725 0.01096152431396498 0.007246376811580875 0.006363569484281683 0.006124475833138151 0.00542558669902629 0.0085338041638922 0.008699330537760798 0.01079599794009638 0.011439711616252042 0.015393952769779676 0.01726991834029046 0.028194659015617976 0.015044508202723746 0.019293018465351114 0.01425365997201822 0.01726991834029046 0.011439711616252042 0.016644596483453535 0.015283601853867278 0.01991834032218804 0.01938497756194478 0.03227764290437674 0.05725373353921641 0.5593687927599511
0.027698412698357742 0.03101190476184323 0.013154761904735805 0.009384920634902014 0.00793650793649219 0.006527777777764826 0.006369047619034982 0.007480158730143889 0.0075396825396675795 0.010138888888868772 0.015813492063460687 0.031527777777715225 0.04269841269832798 0.03605158730151577 0.01509920634917639 0.01632936507933268 0.00843253968252295 0.011031746031724143 0.00839285714284049 0.010952380952359222 0.009047619047601096 0.01583333333330192 0.018472222222185572 0.029583333333274637 0.044166666666579035 0.5593253968242871
0.05808293269213316 0.032031249999903755 0.024669471153772025 0.021213942307628565 0.014783653846109425 0.01177884615381076 0.010246394230738443 0.010006009615354548 0.00892427884612703 0.009074519230741963 0.008443509615359245 0.008593749999974178 0.008473557692282231 0.012379807692270492 0.007992788461514445 0.011478365384580894 0.008203124999975352 0.010006009615354548 0.007962740384591459 0.00793269230766847 0.009314903846125856 0.014903846153801371 0.019381009615326378 0.027463942307609783 0.04197716346141233 0.5946814903828285
0.03433749257276629 0.02576945929885575 0.014783125371351881 0.011978609625661331 0.009162210338675482 0.00818181818181332 0.007142008318474663 0.008431372549014599 0.007866904337487898 0.010190136660718841 0.010588235294111356 0.014753416518113634 0.016755793226371506 0.022828282828269264 0.014171122994643987 0.015151515151506149 0.011604278074859415 0.013321449792030112 0.010582293523463706 0.013933452168738007 0.01244800950682564 0.015597147950079859 0.01928104575162253 0.029536541889465515 0.04942959001779594 0.5921746880566892
0.02578944629475303 0.022830974188175333 0.008556931723563253 0.005088988343047196 0.004290695253954814 0.003423189009158856 0.0026358243130723026 0.004514987510407758 0.004408305578684201 0.006559637801831466 0.005279454621148768 0.008964925062447494 0.007800270607826405 0.020334096586177127 0.006468567860116233 0.011664758534553931 0.007133638634470903 0.015061927560365578 0.008314945878434206 0.017260616153204764 0.013114592006660434 0.019407785179016476 0.0167428184845953 0.02835553705245481 0.29050322647791993 0.43549385928390744
0.045668925202452276 0.03945795137491877 0.012421947655067019 0.008004517071847999 0.0042181480005174105 0.003188521323225759 0.0035870864886289786 0.003553872724845377 0.005314202205376264 0.006011691244831899 0.005679553606995883 0.009399495150759269 0.011525176032909774 0.013385146804791467 0.005347415969159866 0.006177760063749907 0.003952437890248597 0.00501527833132385 0.0030224525043077506 0.003653514016196182 0.002989238740524149 0.005314202205376264 0.010096984190214903 0.030158097515510303 0.032283778397660806 0.7205726052852379
0.013781738281247896 0.016143798828122537 0.005639648437499139 0.004321289062499341 0.004171752929686863 0.005609130859374144 0.0072082519531239 0.011381530761717013 0.016007995605466306 0.02639923095702722 0.04153747558593116 0.07159271240233282 0.0907974243163924 0.085174560546862 0.049705505371086166 0.03408966064452605 0.019355773925778298 0.015194702148435182 0.010197448730467193 0.009068298339842367 0.007180786132811404 0.008161926269530004 0.01009063720702971 0.016621398925778713 0.022322082519527844 0.39824523925775174
0.043858726150315906 0.033319304152579055 0.015361952861925923 0.009189113355763908 0.006593714927036697 0.004840067340058853 0.005243406285063756 0.00576950056115711 0.006067620650943344 0.006997053872041602 0.009329405162722135 0.011731902356881783 0.01402918069582276 0.01820286195283003 0.0075932940516140685 0.008803310886628783 0.0041912177328770495 0.009206649831633686 0.004471801346793505 0.008996212121196345 0.008049242424228309 0.013222502805812952 0.014187008978650766 0.02930345117839979 0.05799312570135733 0.6434483726139109
0.05359439300402907 0.04554076646083214 0.008889531892989825 0.0032793209876490494 0.0012217078189280773 0.000594778806583406 0.00041795267489644746 0.0005144032921802431 0.0004018775720158149 0.00041795267489644746 0.00025720164609012154 0.00046617798353834524 0.0006269290123446712 0.00260416666666248 0.00041795267489644746 0.002427340534975522 0.0003536522633739171 0.0015271347736600966 0.0007233796296284668 0.0018486368312727484 0.0015271347736600966 0.0033275462962909473 0.0079893261316744 0.041602366255077156 0.05978330761307262 0.7596450617271739
0.02428373628707987 0.026813292150317358 0.008360847800595482 0.006070934071769968 0.00545851528382826 0.00535200766853405 0.00492597720735721 0.008014698050889299 0.010624134625597444 0.014644797102953869 0.015496858025307548 0.025428693151492626 0.025907977420316572 0.034907870912677316 0.016561934178249648 0.02074235807854739 0.012275002662657698 0.014751304718248079 0.007535413782065355 0.013393332623246903 0.008520609223536797 0.01507082756413071 0.014644797102953869 0.026547023112081833 0.03860901054415111 0.5950580466487511
0.043915152610738625 0.04219771611069602 0.011449576666950722 0.006719093675605292 0.0032992859079765896 0.00311850311849842 0.0025761547500639127 0.0019132845219772918 0.0024556328904117995 0.001822893127238207 0.0027268070746290537 0.0029979812588463075 0.004173069390454408 0.004790743921171486 0.0028623941667376804 0.004896200548367085 0.0027268070746290537 0.0043839826448456055 0.003028111723759336 0.003736177649215499 0.0031636988158679625 0.005513875079084163 0.009250052728299662 0.03358040314556995 0.035614209527199354 0.75708819186966
0.022864583333332338 0.015941840277777085 0.01258072916666612 0.010902343749999526 0.009858940972221794 0.010091579861110672 0.010236545138888444 0.012190104166666138 0.014537760416666035 0.02008159722222135 0.02651345486110996 0.04032031249999825 0.04931119791666452 0.045796006944442455 0.03127387152777642 0.026233506944443305 0.01871223958333252 0.017026041666665926 0.013045572916666099 0.014200520833332717 0.013679253472221627 0.01708333333333259 0.02174305555555461 0.026907552083332165 0.05978342013888629 0.4390846354166476
0.026905472636762375 0.025373134328307716 0.013054726368133224 0.009492537313413945 0.007004975124364169 0.007084577114413762 0.007542288557198921 0.009114427860678379 0.011920398009926527 0.013373134328331596 0.017611940298472413 0.030487562188994056 0.0565572139302357 0.03757213930340782 0.01789054726364599 0.01729353233827404 0.011024875621868607 0.013154228855695215 0.007920398009934486 0.010149253731323086 0.0071044776119261605 0.011243781094504987 0.013373134328331596 0.023701492537266264 0.02953233830839894 0.5645174129342
0.033778966131847096 0.024509803921524936 0.013725490196053965 0.0145989304812574 0.015508021390346688 0.018413547237043824 0.01909090909087506 0.019572192513334096 0.02147950089122731 0.024081996434894684 0.03317290552578757 0.0526381461674641 0.0680213903742103 0.05547237076638953 0.03065953654183483 0.019500891265562387 0.012566844919763695 0.011907308377875387 0.009090909090892886 0.011301247771815862 0.01240641711227735 0.01573975044560474 0.015418894830632052 0.01999999999996435 0.02737967914433622 0.39996434937540115
0.02740798611110992 0.025899739583332207 0.011002604166666189 0.00697395833333303 0.005411458333333098 0.0051258680555553325 0.0051119791666664445 0.006011284722221961 0.0071827256944441325 0.009027343749999608 0.011314670138888398 0.015435329861110441 0.01878949652777696 0.018238715277776985 0.013704427083332738 0.011245225694443957 0.008716579861110732 0.007675781249999666 0.006352864583333057 0.006334201388888613 0.006395833333333056 0.007912326388888545 0.011611545138888384 0.028146701388887665 0.033075520833331894 0.6858958333333035
0.011343858140321184 0.014026250588664278 0.008129082457955794 0.009828613551180808 0.008047177345029287 0.011323381862089556 0.012551958555987158 0.014435776153296812 0.01654483281115436 0.021909617707840553 0.04031779183807294 0.12066670761897605 0.14683539119899494 0.05733357904855471 0.009316706595390141 0.008354321518503688 0.0035423961340714165 0.00827241640557718 0.0026414398918798423 0.005897168130708485 0.002846202674196109 0.0063885988082675255 0.004852877940895524 0.01259291111245041 0.13270675921917255 0.30929418268872105
0.04034423828116792 0.037679036458256675 0.012715657552057462 0.008158365885400068 0.006551106770820005 0.006408691406236962 0.006001790364571122 0.007141113281235472 0.006795247395819508 0.007344563802068391 0.007100423177068887 0.010498046874978642 0.014811197916636532 0.014343261718720818 0.006835937499986092 0.008443196614566155 0.005228678385406029 0.005147298177072861 0.004313151041657892 0.0052083333333227365 0.005574544270821991 0.007710774739567646 0.013183593749973178 0.03165690104160226 0.038716634114504565 0.6820882161444456
0.03141979683432893 0.02611515581035132 0.005583832656818538 0.0025556772544669463 0.002018770268234395 0.002169104224379509 0.0025127246955683425 0.003285870755743217 0.0031355367995981025 0.004316732169309717 0.003973111698120883 0.007194553615516194 0.005927453128007372 0.019865558490604417 0.005948929407456674 0.014539441187177503 0.005132830788383195 0.009041513648156172 0.005304641023977611 0.01005089878227337 0.007645555483951538 0.023409144599739258 0.016858879367702126 0.033739235014853555 0.18314971114364806 0.5651053411494854
0.028904113411839467 0.03148546073560983 0.008731930568732386 0.004042250376736613 0.002316235977004756 0.002019032204051736 0.0017818273148404054 0.0021613551375785343 0.0024180945470778565 0.0028101802757154086 0.0038538817882452624 0.00877797622369694 0.011303510632358751 0.011097002846457121 0.0042403862253719594 0.00338644862421117 0.0024460010046321308 0.003004130155717614 0.002034380755706587 0.0029427359490982108 0.003382262655578029 0.005761288162079901 0.011501646480994098 0.038907183122169044 0.04347686554668144 0.7572138192776752
0.04798428231364346 0.04197680129957314 0.0118638304303024 0.0072165337967763 0.0045339479351474135 0.004004987342713549 0.0038916386443348635 0.0035893754486583693 0.003929421543794425 0.004156118940551796 0.0047984282313643465 0.005251823024879088 0.006158612611908571 0.007934408886507973 0.004987342728662155 0.006952053500559368 0.0025314542637906393 0.004004987342713549 0.0021914081686545835 0.00381607284541574 0.0034004609513605603 0.004609513734066538 0.008387803680022716 0.031057543355759786 0.03525144519577114 0.7355197037792892
0.038974614235841275 0.035714285714196825 0.010726729716250058 0.008038825286192038 0.005400696864098057 0.004977600796403739 0.0056744649079002625 0.006545545047270917 0.006968641114965235 0.00801393728221002 0.010577401692357945 0.018715778994478058 0.017620706819269236 0.025634644101479257 0.011921353907386955 0.011149825783944375 0.006645097063198992 0.007590841214515702 0.0050771528123318135 0.00515181682427787 0.00495271279242172 0.006371329019396786 0.009507217521131142 0.028322548531537275 0.033300149327941016 0.6664260826265146
0.042390279087753814 0.0335497235013898 0.01575764301167812 0.012872440770103253 0.011374354990823994 0.011633283397119176 0.011818232258758589 0.01385266973679215 0.016090550962629065 0.017718100945055913 0.018624350367089045 0.01794003957902321 0.01884628900105634 0.020936211137581727 0.014259557232398861 0.014204072573907036 0.010283156707151448 0.010005733414692327 0.007176015831609284 0.008063770367478474 0.006880097652986221 0.009228948195806786 0.012632007249972012 0.024986591207484903 0.032107122380602364 0.5867687584372066
0.03841654459635294 0.03328704833984269 0.011639277140299109 0.006257375081380009 0.004144032796223826 0.0033801396687824447 0.003095308939615787 0.0033543904622394764 0.003777503967285036 0.004727999369303235 0.006185213724771939 0.008864402770995811 0.011508941650390259 0.010783513387043928 0.008260409037271873 0.007329940795898204 0.005824724833170388 0.005609830220540186 0.00479157765706365 0.005166371663411294 0.005655288696288882 0.007785479227701575 0.012978871663411046 0.037492434183755315 0.048240979512531014 0.7014424006143982
0.02759659808482363 0.02177433536361131 0.010915543619010905 0.008503509024347218 0.008303678480648278 0.009186130161622797 0.010674627915527462 0.013996610873978643 0.018319824788578992 0.024297635605006567 0.0304039774271413 0.036874970025417855 0.03892778923472833 0.03274023627963435 0.02524179495787532 0.020332837753584635 0.016263968155004298 0.013984940770226625 0.011511518232538624 0.010342909212987222 0.009469409940370415 0.009672597637203496 0.012177993061883328 0.02371061339983656 0.030461688488161554 0.5243142615062344
0.035357142857072706 0.03019841269835278 0.019484126984088326 0.016884920634887134 0.014146825396797328 0.012400793650769047 0.012857142857117346 0.01511904761901762 0.016071428571396682 0.018174603174567115 0.021527777777735065 0.028630952380895573 0.033690476190409345 0.03232142857136444 0.021190476190434144 0.02091269841265692 0.015337301587271156 0.016230158730126527 0.011666666666643519 0.012956349206323499 0.011726190476167209 0.013551587301560414 0.014007936507908714 0.018928571428533873 0.03480158730151825 0.5018253968244011
0.037350853635135746 0.031183579512750588 0.008260118933434058 0.0053462497602138215 0.005355841166313954 0.004513715710722326 0.003531555726068764 0.004715135238825108 0.005415307884134775 0.00752158066372386 0.006951851141375993 0.011298676385956014 0.011693842317281471 0.018365624400533596 0.009787070784575141 0.013065413389600409 0.008868214080182454 0.01105505467101265 0.007721081910606614 0.012171494341068066 0.011446384039898054 0.015121810857468804 0.019386150009587686 0.04122769998080928 0.08018799155954726 0.6084577018989817
0.025814141414130985 0.01840808080807337 0.01239999999999499 0.012331313131308148 0.012105050505045614 0.013345454545449153 0.01391111111110549 0.017640404040396913 0.020189898989890834 0.025179797979787807 0.03292525252523922 0.04708282828280926 0.053781818181796455 0.04901818181816201 0.03484040404038996 0.026016161616151105 0.019991919191911116 0.018703030303022745 0.015248484848478688 0.016202020202013657 0.015074747474741385 0.015006060606054543 0.014214141414135672 0.01823838383837647 0.029139393939382165 0.4231919191917482
0.04453333333325911 0.04018333333326636 0.009833333333316945 0.005183333333324694 0.0033499999999944165 0.002533333333329111 0.002866666666661889 0.0032833333333278612 0.0032166666666613056 0.002999999999995 0.0036666666666605556 0.003933333333326777 0.008816666666651972 0.006516666666655805 0.0027499999999954167 0.0038499999999935834 0.0022999999999961667 0.0033333333333277777 0.0021999999999963334 0.0030666666666615554 0.002866666666661889 0.004983333333325028 0.008933333333318444 0.03253333333327911 0.04084999999993191 0.7514166666654143
0.05517241379293358 0.048799261083593594 0.008497536945786645 0.003940886699495256 0.0020012315270874345 0.0017857142857087879 0.0014778325123107209 0.0012315270935922675 0.001262315270932074 0.0014470443349709143 0.0016933497536893677 0.0021243842364466613 0.0020012315270874345 0.005695812807864237 0.0016933497536893677 0.00492610837436907 0.0012007389162524606 0.0031096059113204753 0.0012007389162524606 0.002339901477825308 0.0018165024630485945 0.004279556650233129 0.006958128078796311 0.0335899014777291 0.03811576354668068 0.7636391625592253
0.030926997245174802 0.027625344352613275 0.01177685950413061 0.008085399449034698 0.006614325068869612 0.006359504132230529 0.006053719008263629 0.007724517906335025 0.007966942148759234 0.011104683195590758 0.013402203856747466 0.021219008264459886 0.026856749311291065 0.039070247933878914 0.02051239669421205 0.020508264462807093 0.01400137741046639 0.014907713498620537 0.012221763085397765 0.013391184573000911 0.012537190082642901 0.014953168044075075 0.01747520661156784 0.03007851239669007 0.04762258953167388 0.5570041322313283
0.024693312227918724 0.023110407597923932 0.013763355757804699 0.013280569845656287 0.012568262762158632 0.013043134151157069 0.01172140878511142 0.015314602295199592 0.017783933517991464 0.022619707162625548 0.026513652552412732 0.04039572615746704 0.04710724178864495 0.04972694895128633 0.034958448753434936 0.030027700831001165 0.023514048278572605 0.023893945389771354 0.018084685397690474 0.016201028887996675 0.013897902651354255 0.014151167392153422 0.01476850019785139 0.01989711119903451 0.031143648595147493 0.42781954887184187
0.04003278275110316 0.03363384188616305 0.013838103643885265 0.008101122178766546 0.00892069095949779 0.01172613793969321 0.011158744168417731 0.014121800529523006 0.014846803681708338 0.014468541167524687 0.015697894338621555 0.021151178918102538 0.02540663220266862 0.025280544697940735 0.016391375614624917 0.011001134787507876 0.007060900264761503 0.007785903416946835 0.005106543941479301 0.0059261127222105464 0.003940234522746374 0.004948934560569446 0.008353297188222314 0.027487076030678705 0.03158491993433493 0.6120287479491489
0.020043836805554684 0.01544878472222155 0.010289062499999552 0.00955946180555514 0.00915668402777738 0.010181857638888446 0.011491753472221722 0.014665364583332697 0.01854904513888808 0.025693142361109995 0.03522265624999847 0.049404079861108965 0.05786805555555304 0.05606987847221979 0.040436631944442684 0.030920138888887547 0.021878038194443495 0.017848090277777003 0.013790364583332734 0.012353298611110574 0.010861979166666196 0.011793402777777266 0.013878472222221619 0.021824218749999052 0.0346367187499985 0.4261349826388704
0.05012519706934498 0.041477325419545866 0.008786979504755665 0.0042196049336821395 0.0038254660113052363 0.003245849948986261 0.003222665306493502 0.003941389223769031 0.004080497078725586 0.00630622275803045 0.007488639525161159 0.010015765556871892 0.01449040155797438 0.014559955485452657 0.007929147732523581 0.009482518779538434 0.004451451358609729 0.004776036353508355 0.002480756746725214 0.003454511731421092 0.002828526384116599 0.004312343503653175 0.00839284058237876 0.03204117592499295 0.03690995084847234 0.7071547806716425
0.02727940840043534 0.02303429264274927 0.010829406112736372 0.0075994578147866145 0.006747289073937542 0.006987497712297683 0.007497941068812983 0.009339540629574067 0.011329840775986666 0.014832883418738728 0.018703388085648864 0.025700894491211553 0.02833890007320239 0.02829600567349522 0.019855817624448113 0.015313300695459012 0.010301804996338204 0.008668958180818673 0.006428440702780926 0.006142478038066472 0.005883681826499891 0.007849675146411762 0.0128440130856497 0.031504506771591397 0.03824750640555822 0.6104430705526214
0.0469294088301244 0.03655441922340791 0.02013802278207032 0.011141598071005048 0.007268645547516875 0.005492641556496966 0.0043136276710727004 0.00424877359274894 0.004144009312379788 0.004501538205703084 0.005186663340815634 0.006713228569051848 0.008312962501037946 0.00816329924336773 0.005579113660928647 0.005810260247774871 0.004968820154651206 0.006033092209194972 0.0061960588675469865 0.0073451401014372085 0.00942712230813845 0.013800615282279239 0.02090296832127365 0.03221252182588639 0.0490562900141267 0.6655591585597962
0.020289093298287278 0.014866403854574054 0.011504599211561212 0.010457731055626269 0.00976784932106663 0.009748138414364926 0.009967148488828303 0.012781427945682702 0.014851073149361618 0.020635129215939414 0.029086727989481146 0.048907139728416794 0.06342750766533871 0.058180026281196194 0.03614104248794653 0.026206745510287732 0.017435392028029472 0.014627682873408973 0.010919842312743995 0.011441086289966833 0.010935173017956431 0.013276390713969934 0.015173017958822784 0.018953131844060677 0.027054314498461005 0.46336618484440134
0.03107013949850973 0.030704321529531987 0.014364452248526083 0.01314505901860027 0.014023022144146855 0.01399863427954834 0.013876694956555758 0.01675446297918068 0.01772997756312133 0.02104672714851954 0.022607550482824583 0.02643644522479164 0.031094527363108245 0.031777387571866704 0.02092478782552696 0.020632133450344765 0.01497414886348899 0.018266510584288687 0.014023022144146855 0.014876597405094926 0.01302311969560769 0.012364647351447749 0.013730367768964661 0.023534289337568202 0.03902058335762604 0.49600039020462394
0.024958333333322934 0.022341666666657357 0.004704166666664706 0.0019624999999991823 0.0011749999999995104 0.0010041666666662482 0.0011583333333328508 0.0033291666666652796 0.0044291666666648214 0.00989583333332921 0.01771249999999262 0.049391666666646086 0.08601666666663083 0.1471374999999387 0.05274583333331136 0.044462499999981475 0.012499999999994791 0.013549999999994355 0.0034083333333319132 0.003658333333331809 0.00150416666666604 0.0027374999999988593 0.005233333333331152 0.018908333333325453 0.021366666666657763 0.444708333333148
0.03727333333333209 0.03408599999999886 0.01041566666666632 0.005216666666666493 0.003656333333333211 0.003182333333333227 0.003167333333333228 0.0035419999999998816 0.004010666666666533 0.005063999999999831 0.006242666666666458 0.008138333333333062 0.009656999999999678 0.009066666666666364 0.006328333333333122 0.005269666666666491 0.004030999999999865 0.00379366666666654 0.003183999999999894 0.0034766666666665507 0.004161666666666528 0.006440333333333118 0.012187999999999593 0.0380616666666654 0.047077333333331764 0.7232686666666426
0.02105263157889723 0.013527030245264283 0.004905929983317681 0.0034532031435973963 0.002691116932596592 0.004024767801848 0.003500833531784947 0.004501071683723503 0.003905691831379124 0.006501547987600616 0.006954036675382343 0.0119790426291689 0.012979280781107456 0.052012383900804926 0.009359371278853633 0.02210050011902334 0.006834960704913467 0.032650631102565726 0.007001667063569894 0.02507739938074523 0.009025958561540781 0.030030959752250463 0.01578947368417292 0.023410335794180972 0.31274112883945526 0.3539890450098738
0.0429632107023124 0.03611371237455778 0.019451505016709395 0.01188628762541011 0.007551839464877892 0.006682274247487169 0.005418060200665272 0.004909698996652234 0.00523745819397643 0.006140468227420642 0.006996655518389969 0.008033444816048138 0.008943143812703048 0.00962541806019423 0.00821404682273698 0.009953177257518426 0.007331103678924862 0.008287625418054657 0.006829431438122522 0.008769230769224904 0.010401337792635183 0.014167224080258082 0.01796655518393447 0.028989966555164556 0.04185284280933655 0.6572842809360152
0.029886710239644905 0.02682135076252139 0.004919389978212436 0.0032418300653587707 0.003394335511981831 0.0026078431372543336 0.0018322440087141978 0.004165577342047023 0.004045751633986047 0.006257080610020423 0.005278867102395364 0.009309368191719104 0.008631808278865222 0.022318082788666163 0.005503267973855011 0.012468409586053929 0.006551198257079183 0.016823529411761042 0.008019607843135507 0.018764705882348853 0.01293681917211047 0.019470588235289875 0.013808278867099387 0.03279956427014536 0.2133921568626986 0.5067516339868177
0.03227586206886659 0.031264367815996126 0.008459770114916599 0.004873563218375866 0.004107279693474001 0.003003831417615314 0.0037701149425171795 0.005731800766265956 0.006528735632163897 0.00993103448272818 0.011034482758586867 0.01820689655166833 0.022344827586138406 0.030927203065039304 0.013210727969308165 0.015509578544013764 0.008153256704955852 0.013455938697276763 0.006191570881207076 0.011954022988469107 0.0076015325670265085 0.015203065134053017 0.014773946360107973 0.027984674329416138 0.11828352490385201 0.5552183908028959
0.03645190429687411 0.033011474609374196 0.011318359374999724 0.007099853515624826 0.005689453124999861 0.0051357421874998746 0.004867187499999881 0.004947753906249879 0.005488281249999866 0.006868164062499832 0.009134277343749777 0.013381103515624673 0.017346923828124576 0.015727050781249616 0.011975830078124708 0.009982421874999757 0.007987548828124805 0.007179687499999824 0.006324218749999846 0.006587890624999839 0.007081542968749827 0.009194091796874776 0.014813476562499638 0.034720458984374154 0.042616455078123956 0.6650688476562338
0.04025493421036079 0.03959703947352139 0.01245888157889614 0.007236842105233401 0.004687499999980725 0.004235197368403638 0.005838815789449676 0.008100328947335114 0.008881578947331902 0.011060855263112413 0.014185855263099564 0.023930921052533177 0.02611019736831369 0.018832236842027828 0.008922697368384363 0.011143092105217339 0.006949013157866163 0.007853618421020338 0.005016447368400426 0.005222039473662738 0.003001644736829763 0.004934210526295501 0.0092105263157516 0.029934210526192703 0.03618421052616701 0.6462171052605007
0.03445069204150759 0.027357266435974328 0.01482266435985518 0.011133217993074769 0.010177335640134006 0.009969723183386691 0.010406574394459167 0.012378892733558659 0.013689446366776086 0.015813148788920497 0.0187067474048362 0.024039792387532854 0.02785899653978034 0.02637543252594015 0.016782006920407967 0.014186851211066527 0.010947231833905299 0.009619377162625597 0.008715397923871663 0.00923442906573995 0.009844290657435188 0.010813148788922658 0.013961937716256936 0.02937283737022951 0.03961937716261262 0.569723183390757
0.0387320044296717 0.03462716869692975 0.012617201919525173 0.008325950535251325 0.006018826135104094 0.005393133997784165 0.00492248062015413 0.005442967884827345 0.005874861572534907 0.007456626061275848 0.00822074566260461 0.011620524178661568 0.0153599114064202 0.015574012550753863 0.010649686231079614 0.010275009228495705 0.008724621631596766 0.009182355112585977 0.008102620893317073 0.008959025470651725 0.008874123292726306 0.011138796603910827 0.015479881875227855 0.03305094130674916 0.04467331118493085 0.6507032115170449
0.04933355610007364 0.04267839904950867 0.010920212370975848 0.004446053315509929 0.0027892255142186505 0.0020327467141892995 0.0018888765129567234 0.0018517487190902523 0.0022230266577549646 0.0023158461424211425 0.002821712333851813 0.0037545481547469023 0.004896227816140892 0.0057037573327366415 0.0033600653449156457 0.0037081384124138133 0.002390101730154085 0.0033043736541159387 0.002297282245487907 0.0029841464320176244 0.003295091705649321 0.00562486077077039 0.011402873691239974 0.03920695032299361 0.04846569391844487 0.7363044850371574
0.03404639991553605 0.031359533361482346 0.006899282094593684 0.003992029138512987 0.003833667652026521 0.004184702280404853 0.004898648648648002 0.0058527766047289575 0.007347972972972004 0.009786739864863574 0.013575538429052262 0.018327702702700285 0.02161898226351066 0.01943887246621365 0.013303684543917163 0.009699641047296018 0.006652502111485608 0.005427839949323608 0.003812552787161659 0.003778241131756258 0.0036225190033779 0.004852459881756116 0.007580236486485486 0.03270032728040109 0.03920898437499482 0.6841981630066665
0.04546277252152125 0.04447552447545129 0.011962155491547574 0.007470176881929296 0.0035870012340541556 0.002863019333602858 0.002204853969556224 0.003109831345120346 0.0028136569312993604 0.004080625257089131 0.0034718222953459945 0.00531468531467657 0.006943644590691989 0.006055121349229033 0.002731386260793531 0.0047881530234392625 0.0025997531879842044 0.0042122583298984575 0.002682023858490034 0.004327437268606619 0.004195804195797292 0.006680378445073336 0.012192513368963896 0.037350884409646484 0.03976964212251786 0.7286548745360285
0.016373042505587118 0.014551873601784622 0.0063898210290805404 0.0060577460850090685 0.00644574944071363 0.005816554809841367 0.004967142058163812 0.01083962527963827 0.010587947427289364 0.015925615212522396 0.01535934004473736 0.021203859060395274 0.01883738814317015 0.04807396532436798 0.016428970917220207 0.027754474272920947 0.014586828859055304 0.038915687919449486 0.017456655480978238 0.03165548098432898 0.01866261185681674 0.03351510067112923 0.022004334451893873 0.02642267897090799 0.22054320469790947 0.330624300894739
0.02143350604486799 0.017754749568190405 0.005319516407590122 0.0037996545768500868 0.003730569948180085 0.0058031088082801325 0.005578583765102628 0.01186528497407277 0.01613126079444537 0.027651122625168133 0.03775474956815587 0.05775474956812132 0.059395509499033855 0.07127806563027413 0.03785837651116086 0.030794473229653205 0.017737478411022904 0.016113989637277868 0.010846286701190248 0.011986183074245274 0.008531951640745196 0.013091537132965299 0.012297063903260281 0.019343696027600443 0.03673575129527334 0.43941278065554507
0.04691130666928891 0.03834602264299008 0.007267513719283857 0.00337729272754135 0.002382335492163203 0.0019003065209862125 0.00135647896376089 0.0018755870865668797 0.0018168784298209643 0.0024904830177477845 0.0027160478568241967 0.004332080881988082 0.004894448015027903 0.009547881544467313 0.003503979828940431 0.0056267612597006396 0.002855094675432944 0.006893632273691448 0.002941612695900609 0.0064177831611192905 0.006164408958321129 0.011367849903590693 0.01505722549067612 0.04279552083846999 0.07433751915753871 0.6928239481878514
0.04765295358637222 0.044013713080052703 0.011682489451445986 0.006170886075933094 0.004878691983109497 0.004931434599143113 0.00524789029534481 0.0061445147679162855 0.005907172995765013 0.0058808016877482045 0.006830168776353296 0.006513713080151599 0.005511603375512891 0.00733122362867265 0.004852320675092689 0.006249999999983518 0.0037447257383867493 0.006856540084370104 0.004720464135008648 0.00524789029534481 0.004773206751042264 0.0072257383966054176 0.011366033755244288 0.03082805907164866 0.03652426160327921 0.7089135021078351
0.03839285714278096 0.0402380952380154 0.017499999999965276 0.008551587301570334 0.004861111111101466 0.00335317460316795 0.0037499999999925596 0.0058333333333217595 0.007003968253954357 0.00801587301585711 0.010277777777757385 0.016845238095204672 0.020833333333291997 0.021924603174559673 0.013253968253941956 0.010753968253946916 0.005654761904750685 0.006488095238082365 0.003968253968246095 0.004960317460307618 0.005714285714274376 0.008055555555539572 0.014900793650764086 0.030119047618987857 0.027182539682485747 0.6615674603161477
0.018109758410099538 0.019778511017522322 0.007300792657474683 0.0057078924412983885 0.004664922061659148 0.006181969886588952 0.006371600864705178 0.010221109720464555 0.012970758903149826 0.01909583949630391 0.0209352599840313 0.03381120339812301 0.036522926385185034 0.04998672583143705 0.031744225736656154 0.03491106307119712 0.021068001668712654 0.02347631509078872 0.01359654113093337 0.015265293738356155 0.009822884666420482 0.014241286456528536 0.011245117002292174 0.018090795312287914 0.023798687753586303 0.5310805173123012
0.041778205422788116 0.03812327665440629 0.008681353400734048 0.0036678538602935907 0.0022001378676467427 0.0015553193933821295 0.0013097426470586354 0.0013528262867645116 0.001670209099264466 0.0019488166360291318 0.00271139705882314 0.0035041360294112613 0.004644416360293451 0.00522317325367572 0.002800436580881951 0.0027717141544113667 0.0017980238970585654 0.0023466222426467218 0.0016874425551468165 0.0022819967830879076 0.002886603860293703 0.005669806985293303 0.012306123621321762 0.04275333180146445 0.055231789981609714 0.7490952435660689
0.03601507981062803 0.03858185610002691 0.007399534771782707 0.003950429132902963 0.0028876233255737396 0.0024865645303551644 0.0024865645303551644 0.0030279939039002408 0.003489211518401602 0.004993182000471258 0.004531964385969896 0.0076602229886747805 0.005574717253538191 0.015701451832807207 0.005935670169234909 0.011851287398708889 0.005554664313777263 0.012653404989146038 0.005695034892103764 0.009063928771939792 0.006817999518715773 0.01295419908555997 0.016563728242527144 0.03625571508775917 0.057592042993387355 0.6802759284497467
0.05238390092863039 0.045510835913171795 0.009009287925668701 0.003188854489154214 0.0011455108359097663 0.0011145510835878806 0.0010526315789441095 0.002507739938072731 0.002972136222901015 0.0033746130030855273 0.00461300309596095 0.007151702786355568 0.00839009287923099 0.010216718266222238 0.004303405572742095 0.004179566563454552 0.0011455108359097663 0.0030959752321885574 0.0011764705882316517 0.0017027863777037066 0.0012383900928754229 0.003126934984510443 0.0062848297213427716 0.033034055727451904 0.04083591331256707 0.7472445820410302
0.043280956848019865 0.04031660412757028 0.012797842401497936 0.0057856472795483616 0.00324108818011181 0.0028752345215753107 0.002455440900562276 0.0025797373358342917 0.0026102251407123336 0.0029901500938079293 0.0036327392120066525 0.005886491557221884 0.008618667917446384 0.007047373358347315 0.0044582551594736265 0.004207317073169745 0.0031355534709185894 0.00375234521575897 0.0035318949343331302 0.004223733583488691 0.004924953095683648 0.007945590994369619 0.013123827392116998 0.036655722326445435 0.04379690431518673 0.7261257035645576
0.01809895833325478 0.014105902777716554 0.0029079861110984893 0.0044270833333141186 0.0061197916666401045 0.0032552083333192046 0.0018229166666587546 0.0072916666666350185 0.004947916666645191 0.01006944444440074 0.008246527777741985 0.012803819444388872 0.012803819444388872 0.0667534722219325 0.007378472222190197 0.025390624999889796 0.00429687499998135 0.04240451388870484 0.003298611111096794 0.02369791666656381 0.005729166666641801 0.027821180555434803 0.008897569444405826 0.019921874999913533 0.2516927083322409 0.40581597222046084
0.04791641235350953 0.039240519205724175 0.013272603352862896 0.006533304850259586 0.004018147786457822 0.0028635660807288027 0.0021451314290361857 0.001881917317708094 0.001814524332682061 0.002009073893228911 0.002235412597655966 0.0031967163085933436 0.004581451416015042 0.004263559977213 0.0026067097981767517 0.0029525756835933744 0.002089182535807026 0.0025151570638017634 0.0024477640787757306 0.003164927164713139 0.00408935546874948 0.006575266520181456 0.012650807698566099 0.039277394612625215 0.050792694091790415 0.734865824381417
0.04512141618740946 0.03841366077469046 0.014517612483083331 0.007410774695533527 0.004666092269958788 0.003737102503382456 0.0031358360115016156 0.0028794718369414326 0.0027261819181322515 0.002934973359268895 0.003252124915425822 0.00404632527063546 0.005106140054126524 0.0051286049560209735 0.0036379926420834164 0.003956465663057664 0.0033406630581862976 0.003915500253720727 0.0038256406461429316 0.004954171600134664 0.005947913142759701 0.008938388024356059 0.01588797149864472 0.036872832797694724 0.05324578188429607 0.7124003615526798
0.04147641831850468 0.0388972431077517 0.015857826384134948 0.007655502392341009 0.005080884028250134 0.003886990202777905 0.003918888129412659 0.0038642059694673665 0.003850535429481043 0.0038459785828189354 0.005085440874912242 0.006830713146499507 0.009469127363859891 0.008083845978579137 0.005659603554337817 0.00627933470038447 0.004137616769193831 0.00472544998860573 0.004014581909316922 0.005285942128044983 0.005901116427429528 0.008548644338114126 0.014609250398717426 0.03380724538617735 0.03988152198676697 0.709346092503664
0.0394038033235958 0.03745968372672274 0.01202225681744492 0.006718758147047903 0.003731815777905765 0.0024208385784817836 0.001854734787821428 0.0028528651555646866 0.002294210098991967 0.0036945721074675836 0.003858444257395581 0.0089161347029006 0.018577142814564823 0.019672106725447353 0.006443154985805362 0.0058398075247068255 0.002875211357827595 0.004469240452581754 0.0023091075671672397 0.003977624002797761 0.004551176527545753 0.0075232214285126196 0.015828559936227046 0.04334418365595538 0.053742616442295596 0.6856187290964793
0.04173853052765744 0.036537798179646724 0.008331785496302885 0.004776182768581272 0.003475999681578592 0.0030514501021491457 0.0026269005227196993 0.003290259240578209 0.003688274471293315 0.005068060604439015 0.004325098840437485 0.005519144532582803 0.005943694112012249 0.01613288401831896 0.0041393583994371016 0.008995144214161395 0.004112824050722761 0.01013612120887803 0.0025472974765766783 0.005996762809440929 0.0027065035688627207 0.00796030461430212 0.008809403773161011 0.029028577493488396 0.07135086369286132 0.6997107755971562
0.047486701332713266 0.035622497160852244 0.017213555675042694 0.01132628055701594 0.0077401231247153784 0.005618313310604212 0.005737851891680898 0.006484968023410182 0.005976929053834268 0.006574621959217696 0.006544737313948524 0.010788356942170856 0.01467336082716313 0.01909628832700049 0.00914470145236643 0.012073396688745222 0.0061263522801801255 0.009652740421942344 0.005468890084258356 0.007949315641599577 0.007590699898369521 0.013029705337358706 0.015480246249430757 0.032753571215011795 0.04667981591044564 0.6331659793179333
0.024662698412649477 0.023333333333287038 0.006507936507923595 0.0049404761904663875 0.005396825396814689 0.00501984126983131 0.005595238095226994 0.007619047619032502 0.010376984126963537 0.016051587301555453 0.02105158730154553 0.0321626984126346 0.047539682539588214 0.05400793650782935 0.02513888888883901 0.021865079365035983 0.012738095238069964 0.01680555555552221 0.008928571428553713 0.013214285714259495 0.008869047619030021 0.014603174603145629 0.010178571428551234 0.021527777777735065 0.06099206349194247 0.5208730158719824
0.04403723954474154 0.03595881976248471 0.01857051376774895 0.01647702083637142 0.012019112358967491 0.010836904585954295 0.008201566425279047 0.008694152997367878 0.007462686567145799 0.007339539924123591 0.006822324023430318 0.009900990098985516 0.009851731441776632 0.012979656174540713 0.00874341165457676 0.009408403526896683 0.006280478794132603 0.007388798581332474 0.005861780207857096 0.00839860105411458 0.008669523668763437 0.011748189744318634 0.014358898576389442 0.03317570563018281 0.049455691837718696 0.6273582582123359
0.022241395839218477 0.014667817083622529 0.003642987249527164 0.0024925702233606914 0.0017735595820066456 0.002828108522659246 0.0023008340523329456 0.0056082830025615555 0.005800019173589301 0.00992234685068583 0.007717380883866755 0.01241491707404652 0.009011600038304037 0.05675390662421266 0.00910746812381791 0.02497363627636385 0.005752085130832365 0.03738855335041037 0.005176876617749128 0.021618253283378304 0.004793404275693637 0.024254625635009804 0.011072763876852302 0.023871153292954313 0.2529000095855963 0.4219154443465539
0.026564163217027415 0.018270254287401203 0.011654346540506852 0.00996008279124631 0.009006505026610141 0.009578651685391843 0.010240981667650762 0.013632465996449789 0.016256652868122966 0.023095801301001907 0.027471910112355488 0.03728119455942678 0.03917208752217043 0.04488024837373671 0.029892075694850695 0.027204316972201773 0.019574216439973452 0.020443524541688286 0.014655529272617585 0.016541986989944333 0.014908338261381592 0.019191306918980012 0.01951655824955359 0.025881135422822905 0.06419722057952924 0.4309284447072101
0.04288098375047364 0.03172595520416034 0.015880544576168852 0.012929292929270217 0.011752305665328498 0.01101449275360384 0.011348265261288805 0.013017127799713629 0.014281949934098757 0.0171277997364653 0.018216952129963607 0.019622310057058195 0.017760210803657864 0.020324989020605488 0.014018445322768523 0.014510320597251629 0.01020641194552445 0.010645586297741509 0.007061923583650308 0.008203776899414662 0.008063241106705202 0.010364514712322592 0.011646903820796405 0.02494510320592895 0.032727272727215234 0.5897233201570667
0.03976739796851554 0.03376361182283558 0.00803126143850544 0.004104994051975987 0.0030469321925325073 0.002166167185211989 0.0014240940702779808 0.0015928120424595087 0.0014526903367494263 0.001948835560029004 0.0017615300146410365 0.002638005581990838 0.002557936035870791 0.005140178898242311 0.002483585743045033 0.003618857521961415 0.0026551633418737054 0.004674059754757751 0.003513051336017067 0.00563775393484546 0.00720625915080424 0.011524295387992496 0.021505822199850512 0.05488195461199801 0.09560732750730698 0.6772954223095664
0.01556575880897498 0.014226581794124619 0.009669901561776635 0.009617725833925323 0.01013948311243845 0.011913457859383086 0.011617795401558979 0.01685276009597403 0.023879091446617484 0.037375213050823725 0.05177571393778605 0.07661136039501093 0.08337681310639783 0.0726807888968787 0.042244947650279585 0.029687989147396975 0.020383317680579528 0.017165814463081904 0.01309610769067951 0.01259174232145015 0.010191658840289764 0.009826428745330575 0.010556888935248953 0.013200459146382133 0.028766217955357113 0.3469859821205138
0.028235224551299065 0.028205658871140637 0.007317505839211014 0.003060047896397333 0.0020843804511691977 0.0027791739348922637 0.0027791739348922637 0.004508766224160321 0.006800106436438518 0.014324572036758531 0.020489016349790837 0.036897968837718564 0.04414156047653351 0.04464417703922679 0.026328238181080436 0.02294296780294039 0.010554947816558916 0.011722792182816836 0.0069922833574683025 0.009520149011013924 0.005854004671368811 0.009948851373311135 0.012121928864955618 0.02584040445846637 0.04174674038370081 0.5701593590152113
0.03818452380941016 0.036369047618939374 0.020297619047558637 0.015952380952333475 0.012440476190439165 0.007767857142834024 0.006190476190457766 0.0067559523809322735 0.008601190476164877 0.011130952380919252 0.011339285714251966 0.013898809523768157 0.03369047619037592 0.03392857142847045 0.017291666666615205 0.01690476190471159 0.009374999999972098 0.011011904761871989 0.009255952380924833 0.011458333333299231 0.01193452380948829 0.01449404761900448 0.01622023809518982 0.027589285714203604 0.03675595238084299 0.5611607142840441
0.04349460655298448 0.04037132363561592 0.011133925214693502 0.007692530148333692 0.003181121489912429 0.004627085803508988 0.005407906532851129 0.007750368720877554 0.006767112987631894 0.007490095144430174 0.007316579426798587 0.013158275253728684 0.020561612539343063 0.015500737441755109 0.00294976719973698 0.005407906532851129 0.00147488359986849 0.0032678793487282225 0.002053269325307113 0.004974117238772162 0.0032967986350001537 0.005986292258289753 0.009716880187368875 0.0334885335028963 0.034934497816492854 0.6979958934593308
0.02866666666661889 0.02414999999995975 0.010883333333315195 0.008433333333319278 0.009083333333318195 0.009216666666651305 0.007749999999987083 0.011316666666647806 0.012699999999978832 0.01993333333330011 0.025966666666623388 0.041366666666597725 0.044899999999925166 0.047466666666587554 0.02683333333328861 0.02371666666662714 0.014633333333308945 0.014483333333309194 0.010816666666648638 0.01051666666664914 0.008333333333319445 0.012099999999979833 0.0164999999999725 0.026966666666621723 0.047949999999920084 0.4853166666658578
0.03694637628110745 0.03470585880306971 0.009917185212297265 0.004934285779647904 0.003195632778184023 0.0026179881954608263 0.002197623078330579 0.002557936035870791 0.002919678806734575 0.003533068722547079 0.00435235175695399 0.005873673133234885 0.007447897602487954 0.007517958455342995 0.005101573938505859 0.004998627379208656 0.0041078536786231315 0.004063529465592391 0.0035244898426056454 0.004063529465592391 0.004316606423864683 0.006123890464860032 0.010467663341872588 0.033857979502191354 0.05165629575401897 0.7390004461016513
0.028232060185177016 0.024973958333326107 0.012126736111107601 0.01005787037036746 0.009473379629626888 0.010384837962959957 0.010989583333330154 0.013903356481477459 0.016877893518513636 0.021533564814808583 0.027424768518510584 0.03425347222221231 0.03817708333332229 0.035471643518508254 0.026715856481473753 0.02177662037036407 0.01571180555555101 0.012806712962959257 0.010002893518515623 0.009198495370367708 0.00916087962962698 0.01035590277777478 0.012618634259255608 0.023642939814807973 0.03145543981480571 0.5226736111109599
0.0065804597701054875 0.007959770114931092 0.0028448275862028092 0.002499999999996408 0.00097701149425147 0.0012212643678143373 0.0008908045976998696 0.0032327586206850104 0.0033045977011446773 0.006824712643668355 0.005890804597692686 0.010431034482743634 0.010905172413777435 0.055373563218311245 0.006695402298840955 0.02163793103445167 0.0051436781609121495 0.03693965517236072 0.005603448275854018 0.022571839080427338 0.005416666666658884 0.025660919540193016 0.009655172413779231 0.017658045976986125 0.4788505747119557 0.24522988505711893
0.04114581782448228 0.020507399577160912 0.01938778548669881 0.020197719084054374 0.01929547687817667 0.01738379537265361 0.01565077569007663 0.015752017389746076 0.01655897329005254 0.01851829794836122 0.02187714021974753 0.0296102194562637 0.03419885060892886 0.03328767531190385 0.024086591430180722 0.02081112467616925 0.017550546407403285 0.01749992555756856 0.016276092070387913 0.01629693594973162 0.016999672453319535 0.018015067147063094 0.01798826787362118 0.02132328856861468 0.04027335258909559 0.4495071911382397
0.057184145334237595 0.047343793008369994 0.010287641067952493 0.003784750894564462 0.002339664189367122 0.001341866226254673 0.001169832094683561 0.0012386457473120057 0.0014794935315115623 0.00144508670519734 0.002064409578853343 0.0016859344893968967 0.002270850536738677 0.005642719515532471 0.0019267822735964534 0.003887971373507129 0.0017547481420253413 0.00289017341039468 0.002236443710424455 0.003715937241936017 0.0029245802367089025 0.004438480594534687 0.009083402146954708 0.035198183319449496 0.04527938342951665 0.7473850811975385
0.04912698412688665 0.04109126984118831 0.010952380952359222 0.004682539682530392 0.003115079365073184 0.0028174603174547274 0.002400793650788887 0.002896825396819649 0.003055555555549493 0.0037103174603100985 0.0037103174603100985 0.004365079365070704 0.0059325396825279115 0.006527777777764826 0.0033730158730091806 0.004583333333324239 0.0023809523809476566 0.004404761904753165 0.0025793650793599614 0.003492063492056563 0.003015873015867032 0.004384920634911934 0.007440476190461428 0.03257936507930044 0.037460317460243135 0.749920634919147
0.038396187318610865 0.03673849979271293 0.008081226688752422 0.0042063820969660045 0.0024036469125520024 0.002755905511805313 0.0022585992540359334 0.0029838375466162788 0.0033360961458695896 0.005428926647315729 0.005822627434716489 0.00727310401987718 0.009573145462060562 0.014214670534574772 0.007169498549508559 0.008474927476153181 0.005636137588052971 0.009490261085765665 0.0052009946125047635 0.006402818068780765 0.004123497720671107 0.00822627434726849 0.009780356402797803 0.029879817654310237 0.06469125569816682 0.6974513054274815
0.029452914798201876 0.02651718983557152 0.008798206278025592 0.0048714499252608566 0.003777279521673576 0.0030911808669651583 0.002559043348280634 0.002959641255604939 0.002967115097159497 0.00370553064274982 0.004313901345290835 0.008381165919281258 0.014231689088189203 0.012825112107621401 0.006071748878922859 0.006022421524662777 0.004557548579969423 0.0058714499252607065 0.004778774289984338 0.006657698056800201 0.00712855007473735 0.011275037369206087 0.020463378176379603 0.04891928251120345 0.06807025411060268 0.6817324364722449
0.041403478411262865 0.030998529029958036 0.01834386086350622 0.015856191053007146 0.012957514925990832 0.014623172103455432 0.015921086787194078 0.016007614432776655 0.01613740590115052 0.01901445011677119 0.020507052003070635 0.020918058319587873 0.02483343428219946 0.025698710738025224 0.020809898762609653 0.02026910097771855 0.016332093103711316 0.01635372501510696 0.013995846672981751 0.013801159470420954 0.013390153153903716 0.01341178506529936 0.014104006229959972 0.022280868737513452 0.03796400449935545 0.5040667993412995
0.043270718231852946 0.04296132596666094 0.014011049723694978 0.007469613259635493 0.005613259668483477 0.005348066298318904 0.0034917127071668872 0.004331491712688038 0.004552486187825182 0.005171270718209188 0.006099447513785196 0.006585635359086914 0.006939226519306346 0.008088397790019498 0.005215469613236616 0.006276243093894912 0.0048618784530171846 0.006143646408812624 0.00464088397788004 0.0050386740331269005 0.004729281767934898 0.006939226519306346 0.009900552486144085 0.030718232044063123 0.03730386740315004 0.7142983425382793
0.047635894447582545 0.029114292849352547 0.024806459668640625 0.02189294930487411 0.016086739365653694 0.013131607425261942 0.013318904520075503 0.012923499542135761 0.013110796636949324 0.01325647215513765 0.015420794139649918 0.016856738533220558 0.018022142678727166 0.020623491217804414 0.01388079580451619 0.014962956796772323 0.013693498709702627 0.014026471322704515 0.012007824856380571 0.01140431199531465 0.010842420710873964 0.01448430866558211 0.015982685424090603 0.022975110297130244 0.057687505202577025 0.5218513277272083
0.020232910141135773 0.018688413183797162 0.013050999289511242 0.011969851419374216 0.010487134340329152 0.011243937849425071 0.014410156611969217 0.020093905414975296 0.02438760695637663 0.028032619775695745 0.03220276156050999 0.05025793099179832 0.05693015784750111 0.05481419701594722 0.032017421925629355 0.024001482717041975 0.014811725820877256 0.013035554319937857 0.00915886695701795 0.009637661013792917 0.00840206344792203 0.008185833873894625 0.007876934482426904 0.011166713001558139 0.09205201865738107 0.4028511413826293
0.020474967907508104 0.011489088575059406 0.006290115532714088 0.0035943517329794787 0.003112965340169727 0.003562259306792162 0.0035301668806048455 0.005327342747094585 0.00487804878047215 0.00686777920408579 0.00677150192552384 0.011617458279808673 0.010943517329875021 0.05474967907556242 0.008600770218200895 0.024711168164233917 0.008344030808702363 0.03507702182273724 0.008729139922950163 0.022657252888245643 0.008632862644388213 0.02439024390236075 0.0143453145057306 0.02140564826694029 0.32573812580126527 0.3441591784327851
0.03295189658814384 0.025888253160889 0.014480469025872428 0.013880059334555767 0.010983965529381282 0.010842692660836184 0.006781097690164649 0.009818464363884232 0.01172564808924304 0.015787243059914576 0.016387652751231236 0.02094370276181061 0.02263897718435177 0.033728897365141876 0.01508087871718909 0.018294836476590044 0.010065691883838152 0.015222151585734187 0.008193826375615618 0.01190223917492441 0.010948647312245006 0.014056650420237137 0.01515151515146164 0.026629935720750758 0.050222504767781936 0.5573921028446797
0.029865264892574326 0.02278264363606481 0.009156545003254043 0.007500966389973005 0.0076382954915354875 0.009441375732420675 0.011825561523435996 0.016717274983721834 0.023279825846351205 0.031677246093745975 0.040556589762364634 0.04528935750324945 0.044077555338536065 0.03755569458007335 0.029223124186194202 0.024672190348304153 0.02003860473632558 0.01715215047200303 0.014185587565102364 0.012345631917316139 0.01032002766926952 0.009384155273436307 0.010206858317055994 0.02000172932942454 0.027815500895178754 0.4672902425129614
0.03284426229505505 0.025959016393421346 0.009188524590156403 0.00595081967212627 0.005278688524585837 0.005065573770487651 0.005180327868848213 0.007729508196714975 0.007811475409829662 0.011344262295072668 0.014106557377037617 0.02336065573768577 0.027721311475387114 0.03659836065570771 0.017303278688510407 0.019131147540967924 0.010786885245892797 0.012073770491793381 0.00713934426228923 0.007631147540977351 0.006286885245896486 0.00839344262294394 0.012516393442612692 0.027270491803256334 0.04027049180324568 0.6130573770486778
0.05576578776030321 0.04728190104157047 0.008605957031232491 0.002766927083327704 0.001668294270829939 0.001037597656247889 0.001037597656247889 0.0007934570312483857 0.0009562174479147212 0.0008748372395815534 0.0010986328124977648 0.0012613932291641004 0.001770019531246399 0.0037231445312424253 0.001037597656247889 0.0033772786458264622 0.0007324218749985099 0.002970377604160623 0.0008951822916648454 0.002075195312495778 0.001057942708331181 0.0032755533854100026 0.007446289062484851 0.03922526041658686 0.047302246093653764 0.7619628906234498
0.05417032484619792 0.04688323090416481 0.00986245244363517 0.0037167105648120667 0.0021363769388289835 0.001755926251092315 0.0015218027509466732 0.0014632718759102627 0.001638864501019494 0.001638864501019494 0.0013754755633556468 0.0014340064383920573 0.0011413520632100047 0.0026338893766384725 0.0013169446883192363 0.003131401814447962 0.0014047410008738521 0.0021656423763471884 0.001872988001165136 0.003014340064375141 0.0025168276265656515 0.0036874451272938618 0.00936494000582568 0.037313432835711695 0.04714661984182866 0.755692127595096
0.03951851851844534 0.03485185185178731 0.0065740740740619 0.0034074074074010976 0.0045740740740656035 0.0035925925925859394 0.0028703703703650547 0.00346296296295655 0.003907407407400172 0.005833333333322531 0.005222222222212552 0.00968518518516725 0.00920370370368666 0.032092592592533165 0.00907407407405727 0.017888888888855762 0.006740740740728258 0.013907407407381653 0.006481481481469479 0.01192592592590384 0.008055555555540638 0.016166666666636728 0.014037037037011042 0.03324074074067918 0.07211111111097757 0.6255740740729155
0.0489215123430474 0.030222258672947137 0.02126219962269076 0.015603214959370944 0.013901418846850854 0.012138112031468593 0.01129746575901891 0.011584515705709045 0.01129746575901891 0.013429836791574203 0.01572623636509529 0.02013450340355094 0.019642417780653565 0.02140572459603583 0.013716886738264338 0.012999261871538999 0.007627327154909318 0.008816534076911308 0.008016894939703074 0.009616173214119544 0.012076601328606421 0.018596735831996645 0.01982694988924008 0.02817190191087474 0.03983843188706668 0.5541294185176862
0.04628151931043066 0.04140672605390881 0.010475002176216594 0.006122508197179228 0.0035400284362837246 0.002553463134368588 0.0020311638568841044 0.0020021472303571883 0.002698546267003167 0.0021182137364648516 0.0024954298813147564 0.0028726460261646616 0.0034239619301760613 0.0055711922931678285 0.002321330122153262 0.0042944607259835345 0.0016539477120341992 0.004091344340295124 0.0013927980732919571 0.0032498621710145667 0.0024664132547878408 0.005484142413587081 0.009633520006936036 0.03241157183056492 0.04204509183750096 0.7573629689790287
0.05231560891921633 0.04335810939570752 0.01035512356263784 0.006035194714420827 0.004129343751972145 0.0033352391842851937 0.003271710818870238 0.0029223048090879795 0.003430531732407628 0.003589352645945018 0.003430531732407628 0.0030493615399178916 0.0029223048090879795 0.00517756178131892 0.0013340956737140776 0.0037799377421898865 0.0011752747601766875 0.002350549520353375 0.0010799822120542532 0.0030175973572104135 0.0020329076932785943 0.005781081252761003 0.011371577409277137 0.035194714439885665 0.04297693920321778 0.7425830633354216
0.03668478260849628 0.03266304347808335 0.010380434782552279 0.007228260869525933 0.0057065217390994205 0.008586956521692462 0.0075543478260459 0.010108695652118974 0.010543478260812263 0.01597826086947838 0.01592391304339172 0.020706521739017898 0.02114130434771119 0.020760869565104558 0.014293478260791883 0.015380434782525106 0.011249999999938858 0.012391304347758742 0.006467391304312677 0.00809782608691251 0.006467391304312677 0.011739130434718808 0.01559782608687175 0.026630434782463963 0.0319021739128701 0.6158152173879575
0.024940476190426705 0.026230158730106687 0.00795634920633342 0.007579365079350041 0.005853174603162989 0.0050793650793550015 0.004444444444435626 0.005059523809513771 0.005515873015862071 0.008373015872999259 0.007003968253954357 0.010674603174581994 0.00884920634918879 0.0233730158729695 0.007876984126968498 0.019047619047581253 0.010734126984105686 0.014821428571399163 0.010734126984105686 0.018650793650756645 0.016130952380920376 0.027976190476134966 0.02515873015868024 0.0397817460316671 0.16261904761872495 0.4955357142847311
0.042696280991720834 0.03919765840219036 0.010017217630850546 0.004376721763083892 0.002537878787877914 0.0015220385674925888 0.0013808539944898826 0.001473829201101421 0.0014256198347102529 0.0021384297520653794 0.0024931129476575436 0.0033918732782357466 0.004793388429750416 0.005661157024791439 0.0024965564738283416 0.0030922865013763455 0.0017286501377404516 0.0028546831955913034 0.0017561983471068333 0.0022899449035804786 0.0024242424242415894 0.0051790633608797595 0.011532369146001538 0.042293388429737504 0.050984848484830925 0.7502617079887224
0.0395553098702796 0.0374362754129432 0.009274614581385435 0.005957864995989319 0.004913703089475727 0.0039309624715805815 0.004176647626054368 0.005650758552897086 0.008076899453325726 0.010472329709445144 0.014863951845664074 0.018303544008297083 0.023524353540865045 0.019808365579449025 0.010503040353754366 0.009059640071220872 0.003838830538652912 0.004852281800857281 0.00288680056506699 0.0037159879614160184 0.003838830538652912 0.005712179841515533 0.00819974203056262 0.025643387998201452 0.031631963638499995 0.6841717339208766
0.04646636771299754 0.03678325859491229 0.016372197309414593 0.00942899850523028 0.006484304932734457 0.005428998505230878 0.004412556053811 0.00397907324364664 0.0039237668161429115 0.004390134529147326 0.004985052316890137 0.005860986547084326 0.006454409566516225 0.007092675635275472 0.0056352765321366766 0.005707025411060432 0.004932735426008231 0.005668161434976731 0.005351270553063475 0.006306427503735978 0.007727952167412896 0.010515695067263003 0.015630792227202445 0.03470553064274519 0.04810313901344573 0.6876532137517657
0.03540293375650592 0.024052937825517776 0.01322046915689936 0.01201756795247243 0.012776692708331708 0.013114929199217083 0.013244628906248316 0.014699300130206464 0.016958872477211385 0.020161946614580768 0.02539825439452802 0.033335367838537425 0.03904596964517733 0.03646341959634953 0.027364095052079852 0.021897633870439925 0.018469492594398694 0.016558329264320812 0.013885498046873234 0.013197580973305614 0.01180140177408704 0.011795043945311 0.013271331787107687 0.022702534993486696 0.03651046752929223 0.48265329996738654
0.027669753086412636 0.015658436213987742 0.010051440329215521 0.010421810699585797 0.012322530864194362 0.015606995884769648 0.02037551440328694 0.029061213991762074 0.042541152263363545 0.0543106995884634 0.05119341563784691 0.04623456790122268 0.0418029835390839 0.0370318930041057 0.031931584362131706 0.027355967078182265 0.02393518518517903 0.021507201646085 0.018233024691353336 0.01708847736625075 0.01555812757201246 0.014138374485593071 0.012312242798350742 0.01697273662551004 0.028109567901227338 0.3585751028805662
0.04517926356578202 0.03684593023246888 0.009641472868193697 0.00683139534882066 0.006346899224790826 0.004433139534872982 0.0038517441860371807 0.004360465116268507 0.003754844961231214 0.006298449612387843 0.005910852713163975 0.00966569767439519 0.012790697674387619 0.015915697674380048 0.008842054263544471 0.011167635658887676 0.0057655038759550255 0.009762596899201156 0.0043362403100670145 0.007097868217037069 0.005402131782932649 0.007437015503857953 0.01094961240307425 0.03384205426348391 0.0496366279068565 0.6739341085254992
0.027188439692559328 0.028274306715610854 0.006911961242885667 0.005742565987291717 0.004656698964240192 0.005366688940850805 0.00511610424322353 0.006201971266275055 0.007434012696275823 0.011130136986278127 0.014387738055432702 0.023701135983913085 0.02984046107578132 0.040594721015618535 0.019921483461368357 0.01850150350814713 0.009960741730684178 0.01300952221848269 0.007371366521869004 0.009939859672548571 0.006828433010343242 0.012466588706956928 0.015118610090178921 0.029882225192052535 0.05527480788494973 0.5851779151340938
0.04678457637022308 0.039599453800508486 0.00884322777811027 0.006274790298438537 0.004096495220742257 0.003023603615309761 0.003348722283622639 0.004421613889055135 0.005331946160331192 0.005884647896463084 0.0062422784316072495 0.00725014630337717 0.010891475388481398 0.010403797386012081 0.004551661356380286 0.005461993627656343 0.0035763053514416532 0.004584173223211574 0.0033812341504539265 0.006502373366257551 0.006307302165269825 0.009818583783048902 0.01463034007407949 0.03709604005449933 0.05478249561071987 0.6869107224114477
0.0216284403669711 0.018619393476043668 0.013488786952088846 0.01076707441386272 0.008957059123342957 0.009161569826706859 0.009987257900101302 0.013465851172272334 0.01714322120285314 0.025403287461772082 0.03424566768603248 0.04741080530071054 0.05336455147808019 0.05219164118246355 0.039252675840976095 0.03230377166156777 0.02429599898063046 0.020732670744137316 0.016316896024463793 0.014703109072374192 0.012959352701324353 0.01350216615698181 0.015373980632007176 0.019097222222221006 0.02952599388379017 0.42610155453616044
0.04729729729712548 0.04446381865720552 0.014131066550370055 0.008173496076692191 0.006284510316745552 0.0047587910490963425 0.005485324033691204 0.005231037489083002 0.004395524556798912 0.0038869514675825088 0.003487358326055335 0.004104911362960967 0.004795117698326086 0.006902063353651184 0.003015111886068675 0.005013077593704544 0.00283347863991996 0.0047587910490963425 0.0021795989537845843 0.004068584713731224 0.00319674513221739 0.00603022377213735 0.01122493461199061 0.0333115373436744 0.03607236268513487 0.724898285379523
0.03366935483857391 0.034758064515988875 0.010040322580604676 0.007419354838679761 0.007661290322549753 0.00866935483867472 0.006733870967714783 0.009999999999959677 0.010685483870924654 0.01520161290316451 0.01604838709670948 0.023749999999904233 0.028467741935369082 0.028266129032144087 0.017620967741864432 0.015685483870904494 0.011733870967694621 0.012419354838659599 0.010483870967699661 0.00963709677415469 0.009314516128994699 0.009233870967704701 0.013064516128979579 0.023427419354744242 0.025564516128929175 0.6004435483846756
0.05153687010473054 0.04854440667929458 0.014703709176833515 0.008127678439455712 0.003805231269381538 0.00236441554602348 0.0015516477020779088 0.0015147037091712918 0.0015147037091712918 0.00177331165951761 0.0013669277375448245 0.0019210876311440775 0.0022166395743970124 0.0048766070636734275 0.0009235998226654219 0.003177183389969051 0.0011083197871985062 0.0031402393970624345 0.0014408157233580582 0.0037313432835683045 0.0016624796807977594 0.003989951233914622 0.010381262006759342 0.035872617112324985 0.042522535835516025 0.7462317127207543
0.04358465608451195 0.03621031746019772 0.011871693121653863 0.008399470899443123 0.007043650793627501 0.006249999999979332 0.005853174603155247 0.006382275132254027 0.007109788359764849 0.00836640211637445 0.00925925925922864 0.011375661375623758 0.015707671957620014 0.013822751322705612 0.008234126984099754 0.008763227513198534 0.006316137566116679 0.006613756613734743 0.00400132275130952 0.0046626984126829935 0.005390211640193815 0.006283068783048006 0.011078042328005694 0.027579365079273877 0.032076719576613504 0.6877645502622759
0.039226698347468995 0.035835403391217546 0.00920185765199438 0.004644130035630966 0.00218166108650571 0.0016632465709003927 0.0024624689491252565 0.005572956042757159 0.008078626201516193 0.012139539907091178 0.018317312884721205 0.03088886488815015 0.03224970299161411 0.04348201749639598 0.021795010260240208 0.013932390106892898 0.006112971163179365 0.004989739712701178 0.002332865320223927 0.002894481045463021 0.0016848471757172807 0.00339129495625145 0.006976995355854894 0.02844799654384178 0.03449616589257048 0.6270007560198142
0.044398615654377284 0.03899397904508843 0.011757455079856451 0.0066372730289512225 0.005523159341948696 0.005215000237033103 0.005783909353800351 0.006945432133866815 0.009292182240531712 0.010998909590833454 0.012681932394603228 0.017256909875273178 0.018394728108807674 0.020978523680792255 0.010572227753258018 0.00983738681076699 0.004859432039053573 0.005120182050905229 0.003034181956091987 0.004172000189626482 0.0037690228985830156 0.0045986820272019184 0.007253591238782407 0.02934622860657719 0.03396861518031108 0.6686104394807078
0.05446967277851722 0.0495285793515243 0.006201576444082954 0.002588191795091531 0.0011596443757228288 0.0007226769297982846 0.0007058704895704176 0.0011764508159506958 0.0011428379354949617 0.001008386413672025 0.0013949345389129679 0.00161341826187524 0.0023529016319013916 0.0037982554914979608 0.0019327406262047147 0.0027058368766866006 0.0012436765768621641 0.003176417203066879 0.0014957731802801705 0.002588191795091531 0.0015629989411916389 0.0031091914421554107 0.005562931715424005 0.03715903934381412 0.04206651989035131 0.769533285153578
0.037449392712424256 0.03721322537099456 0.009615384615352175 0.005533063427781602 0.004892037786758124 0.005668016194312861 0.007354925775953593 0.007557354925750481 0.008974358974328696 0.0119770580296492 0.011943319838016385 0.01707152496620421 0.023245614035009292 0.032759784075463025 0.014473684210477483 0.0161268556004854 0.005971659919008192 0.008097165991875516 0.0035087719298127233 0.00479082321185968 0.0038124156545080554 0.0074561403508520375 0.010053981106578765 0.026821862348087644 0.03043184885279881 0.6471997300922834
0.015632515632478035 0.011471861471833883 0.001130351130348412 0.0005291005290992566 0.000577200577199189 0.0007455507455489525 0.0007215007214989862 0.002308802308796756 0.002068302068297094 0.0031505531505455734 0.0031746031745955396 0.005411255411242397 0.005555555555542194 0.04848484848473188 0.005002405002392972 0.01885521885517351 0.003583453583444965 0.032972582972503675 0.0030543530543457086 0.023039923039867627 0.0038720538720445597 0.027248677248611713 0.010990860990834558 0.020202020201971614 0.45192400192291504 0.2982924482917309
0.05248881052479912 0.0300081378000305 0.01885257018849374 0.018530448935273072 0.01707242642069532 0.01636036891357595 0.014071612640692269 0.012986572629843708 0.012935711379335182 0.012545775125436481 0.01312220263119978 0.014156381391539814 0.013885121388827673 0.01773362267730616 0.012477960124758446 0.012935711379335182 0.010070527600688203 0.012054116370520727 0.010290926352891817 0.013003526380013218 0.014783670147811637 0.014512410145099497 0.01691984266916974 0.0274820290247737 0.04426624169258737 0.5464532754636063
0.049986844235744975 0.038502115042093575 0.016690110913210324 0.009682136496112765 0.006681610265543196 0.004981480731864655 0.0040491924384709905 0.003985943571890687 0.0035267568005176884 0.004308512791450232 0.004746194948185928 0.00816922360751192 0.012332264005827456 0.010969883419687732 0.0064792138924862274 0.006856177137304832 0.005172492308937169 0.005954248299869713 0.005067499190413867 0.006047856622408561 0.0071951910621752555 0.01102807237694161 0.017669203367873414 0.035058846745461884 0.04866114799222182 0.666197781735667
0.0463652728788819 0.042940565223055394 0.012542625901894503 0.0060444626575057525 0.0029856425717461827 0.002956371566140828 0.0025758484932712163 0.0023270449456257013 0.0016977183251105745 0.001873344358742703 0.0017269893307159292 0.0023709514540337334 0.0034100721530238264 0.0030880910913649246 0.0016538118167025424 0.003307623633405085 0.0011415692186088346 0.0029856425717461827 0.001595269805491833 0.004741902908067467 0.002883194052127441 0.0049614354501076275 0.01128397266086425 0.037100999604787126 0.043028378239871455 0.7524111990856435
0.03156611737816093 0.02389981014524792 0.01003380827742134 0.006611584211949124 0.007742878910762063 0.007888726068470533 0.00779149462999822 0.010132959767996186 0.010691157315244823 0.013649343188576659 0.013781980387819697 0.020332967755412854 0.01927056452603883 0.03122181363513456 0.016070912900292337 0.01756156455061551 0.012200011059500016 0.01662066221828983 0.011541202782078605 0.015125479245004675 0.013760936616775927 0.0182133838383837 0.022606539851065224 0.03260793764899579 0.10894329548526545 0.5001328676054915
0.04777830864764559 0.04290492116558574 0.00984233158141499 0.003583373148573419 0.0016722408026675956 0.0018155757286105322 0.0026278069756205075 0.0029144768275063807 0.003392259913982837 0.003965599617754584 0.0048256091734122045 0.004777830864764559 0.006784519827965674 0.014094601051055448 0.005207835642593369 0.009937888198710281 0.00281892021021109 0.011419015766787294 0.002436693741029925 0.005351170568536305 0.0022455805064393428 0.00735785953173742 0.009460105112233826 0.032967032966875455 0.047109412326578545 0.7127090300969292
0.043157485358705394 0.03829754987188325 0.010564890647875502 0.005278870790628821 0.0037060761346993237 0.0029025210468517078 0.0028224515007316607 0.0025507869692529294 0.0029797309663246105 0.0029368365666174426 0.00363458546852071 0.004867084553440007 0.00806271733162403 0.006402704062956625 0.0036588922950214387 0.003613138268667126 0.002510752196192906 0.0035302090958999346 0.002464998169838593 0.003288570644216221 0.0035344985358706513 0.00641843200951592 0.012086212024156398 0.039221209278910936 0.05132314924962663 0.7301856469618282
0.05194257566164119 0.03189389147637304 0.023192072527891454 0.016847794836377345 0.014317750560607368 0.012918559408098215 0.011557702259767393 0.011174362217984063 0.010331014126060738 0.010235179115614905 0.008912655971462418 0.009257662009067415 0.010177678109347407 0.013953577520913205 0.00939183102369158 0.012611887374671551 0.008663484944303253 0.01042684913650657 0.008050140877449926 0.009698503057118243 0.009851839073831576 0.01228604833915572 0.016119448756989018 0.028309662085698906 0.04653748107249624 0.5913403484549645
