0.03227027027025089 0.029795795795777902 0.010246246246240093 0.007225225225220885 0.006132132132128449 0.005081081081078029 0.0042882882882857125 0.005963963963960382 0.0061741741741704655 0.007945945945941174 0.008648648648643455 0.012126126126118844 0.014978978978969982 0.02299099099097718 0.009555555555549817 0.013753753753745494 0.00831231231230732 0.015987987987978385 0.009291291291285711 0.0165225225225126 0.012714714714707078 0.021969969969956774 0.018846846846835526 0.030300300300282103 0.12216216216208879 0.5467147147143864
0.03900311526477321 0.033962616822408746 0.018193146417434147 0.010928348909650512 0.008373831775695718 0.0073271028037337526 0.006635514018687455 0.006834890965727829 0.00705919003114825 0.009052959501551992 0.010423676012454565 0.013501557632390342 0.017090342679117076 0.016454828660425885 0.011744548286597043 0.011352024922111308 0.00809345794392019 0.00798130841120998 0.007140186915883402 0.008722741433016372 0.009320872274137495 0.01282866043612908 0.01706542056073703 0.02725233644858115 0.036168224299042886 0.6374890965728115
0.03641666666661609 0.03190277777773347 0.012638888888871335 0.007861111111100192 0.007361111111100887 0.00656944444443532 0.007208333333323322 0.007930555555544542 0.008166666666655324 0.010916666666651505 0.01379166666664751 0.018583333333307524 0.025361111111075887 0.020902777777748745 0.013930555555536208 0.011361111111095331 0.008222222222210803 0.006958333333323669 0.005124999999992882 0.006611111111101929 0.0056249999999921875 0.007486111111100714 0.010361111111096721 0.02726388888885102 0.03162499999995608 0.6498194444435419
0.03839759036142265 0.03203614457829396 0.012903614457823552 0.007897590361441026 0.00643373493975516 0.005771084337345921 0.005506024096382225 0.006921686746983782 0.008740963855416421 0.01084939759035491 0.013307228915654635 0.022126506024083056 0.02313253012046799 0.02409036144576862 0.010626506024089984 0.009722891566259204 0.006373493975899775 0.007698795180718253 0.00557228915662315 0.006831325301200704 0.006512048192767161 0.009656626506018279 0.014421686746979264 0.02878313253010314 0.035879518072267545 0.6398072289152772
0.0434313099041256 0.03663258785940151 0.015814696485612897 0.00950798722044121 0.006428115015970333 0.0053418530351403565 0.004511182108623316 0.004894568690092719 0.005162939297121302 0.0067092651757145625 0.008581469648556817 0.0126198083067012 0.01562939297123602 0.016607028753982997 0.00920766773162351 0.007610223642167661 0.005840255591050582 0.006070287539932224 0.005469648562296824 0.00604472843450093 0.007999999999994888 0.01105431309903447 0.01626837060701836 0.030811501597424403 0.04100958466451054 0.6607412140570857
0.0471370734527872 0.03963434226585754 0.011487050960716717 0.005944348049601657 0.003936122357168665 0.003245292718971716 0.003132832080195468 0.0035505430242215304 0.0041289120236422325 0.005414176466799347 0.006747638326574854 0.009398496240586404 0.011406721933019396 0.012627723154018656 0.00861127176915267 0.007550928603548051 0.005269584216944172 0.006619111882259143 0.004803675856299718 0.006201400938233081 0.004884004883997037 0.007101086048443061 0.010298181350796385 0.030316175052968453 0.0363087205191885 0.7042445858224018
0.044430014429950315 0.03971139971134241 0.01316017316015417 0.007936507936496483 0.005714285714277468 0.004588744588737967 0.004704184704177916 0.00424242424241812 0.0047330447330379034 0.006075036075027309 0.00803751803750644 0.011500721500704905 0.013953823953803818 0.0137662337662139 0.00943722943721582 0.008571428571416203 0.006262626262617225 0.006551226551217097 0.005036075036067769 0.006334776334767193 0.006753246753237008 0.008210678210666362 0.010432900432885379 0.029509379509336926 0.03357864357859512 0.6867676767666857
0.03777710843371218 0.03370481927708813 0.018789156626494705 0.011204819277101683 0.007975903614453026 0.007295180722887171 0.006668674698791163 0.006427710843369622 0.007379518072284711 0.008445783132525033 0.010469879518065982 0.015451807228906354 0.024204819277093854 0.01832530120480824 0.009307228915657044 0.008325301204814261 0.005192771084334222 0.005861445783128999 0.00462048192770806 0.006060240963851771 0.006933734939754859 0.010012048192765053 0.015144578313243888 0.031951807228896414 0.03507228915660538 0.6473975903610558
0.027777777777722664 0.03283730158723643 0.015694444444413303 0.009722222222202932 0.006428571428558673 0.004682539682530392 0.00543650793649715 0.00712301587300174 0.006249999999987599 0.0083333333333168 0.009563492063473088 0.019464285714247093 0.04253968253959813 0.054761904761796106 0.013511904761877953 0.012281746031721663 0.00710317460316051 0.012440476190451508 0.0065873015872885176 0.01005952380950385 0.00543650793649715 0.01255952380949889 0.01380952380949641 0.03140873015866784 0.05279761904751429 0.5713888888877552
0.04201680672262143 0.03354905180457589 0.012943108277773039 0.007373064168184145 0.005296371422123545 0.005747126436772357 0.005634437683110154 0.007389162561564459 0.007099391480718794 0.008451656524665231 0.008403361344524287 0.012186483788898247 0.016259377314117873 0.023519752728639813 0.009852216748752612 0.012250877362419506 0.006407160565365261 0.012621140410166745 0.006101291091139281 0.01028687337002111 0.009111690653258135 0.015438359251721823 0.016871116262569832 0.03176213013936095 0.046137995427982005 0.6272899964573436
0.03258181584604718 0.0322767125926835 0.013199730224470565 0.009795420239570614 0.006696213508034338 0.0056203230882782215 0.00484953592188578 0.0074188264765272524 0.006182355397106044 0.010325336416465419 0.010823136461427204 0.019109098500145954 0.018129556476188892 0.025692905546414728 0.013874168995063952 0.014484375501791302 0.009329736326541847 0.011433342968154554 0.007017374827364522 0.0102932202845324 0.009875710569403161 0.012204130134546996 0.014596781963556866 0.029514725246443916 0.04289109419654608 0.6217843722892029
0.0250454545454166 0.022333333333299496 0.009621212121197544 0.00545454545453719 0.004030303030296924 0.004939393939386455 0.004863636363628994 0.013363636363616116 0.013727272727251928 0.02319696969693455 0.02471212121208377 0.03840909090903271 0.03389393939388804 0.05360606060597938 0.03251515151510225 0.036318181818126793 0.020136363636333126 0.018696969696941367 0.011166666666649748 0.00993939393937888 0.0060909090908998625 0.007863636363624448 0.008787878787865473 0.020590909090877893 0.02527272727268898 0.5254242424234463
0.030062147709158257 0.020764079587575656 0.012333188803757233 0.011016363957522738 0.012782836312227548 0.015689486277696375 0.018515842045224076 0.023574376515515128 0.02617590852880767 0.030656324773922602 0.03312938607050934 0.040901864431210515 0.048192577604264916 0.05834176422402348 0.034944034943978824 0.03295273883503886 0.021550962727398707 0.02118160941686952 0.012863130510168677 0.01226895344540433 0.008992950169406317 0.011449952626404827 0.011321481909699022 0.01885307767657681 0.026191967368395894 0.4052929935276368
0.02241477272725999 0.021289772727260632 0.010329545454539586 0.008267045454540758 0.008147727272722644 0.008482954545449726 0.008380681818177057 0.011284090909084497 0.010454545454539515 0.014988636363627848 0.01597727272726365 0.03032954545452822 0.039488636363613924 0.058522727272694024 0.026494318181803127 0.026465909090894052 0.015079545454536887 0.02043749999998839 0.011443181818175316 0.017306818181808348 0.015409090909082154 0.022051136363623835 0.025517045454530957 0.02802272727271135 0.060340909090874806 0.46307386363610054
0.038277333333312916 0.03638399999998059 0.011103999999994079 0.0056159999999970045 0.004069333333331163 0.003258666666664929 0.0031573333333316496 0.003119999999998336 0.0038079999999979693 0.004815999999997432 0.0057866666666635804 0.008127999999995665 0.0094986666666616 0.016399999999991255 0.006026666666663453 0.008261333333328928 0.004021333333331188 0.009354666666661678 0.0033919999999981907 0.006751999999996399 0.004826666666664092 0.010079999999994625 0.012703999999993224 0.033077333333315695 0.06784533333329715 0.6802346666663038
0.010896196002561418 0.012846550612487352 0.007817537072843621 0.007124435847828619 0.007914248871682924 0.007140554480968503 0.005980012894896873 0.0073339780786471085 0.008139909735641295 0.014200515796237588 0.015167633784630614 0.02944874274656762 0.046437782076005095 0.07501611863301899 0.018697614442265156 0.02601547388777238 0.012798194713067701 0.03257575757570507 0.011863313990954444 0.02588652482265331 0.014264990328797123 0.025950999355212844 0.015957446808484918 0.02464539007088226 0.15393294648588984 0.38194713088268545
0.046265861027162375 0.03950453172203051 0.013432024169176174 0.005709969788516187 0.003202416918427068 0.002519637462234127 0.002024169184288807 0.0024954682779441116 0.0022779456193339712 0.0028096676737143144 0.003117824773412013 0.004114803625375157 0.005510574018123559 0.00577643504531373 0.004066465256795126 0.004453172205435375 0.0026706948640467247 0.00421148036253522 0.0028580060422943457 0.004175226586100196 0.0038731117824750013 0.007528700906339862 0.01328700906343608 0.03459214501508484 0.04372205438063823 0.7358006042291626
0.029670164917532334 0.0260119940029907 0.00989505247376015 0.006464767616189966 0.005085457271362793 0.005304347826085366 0.005334332833581609 0.008395802098948007 0.009178410794599946 0.014503748125932683 0.01960719640179322 0.03826986506745479 0.052398800599684436 0.051811094452758076 0.02731934032982689 0.0212713643178347 0.013511244377807043 0.012323838080955826 0.007745127436279537 0.008350824587703642 0.006821589205395256 0.0087406296851548 0.011535232383804637 0.02772413793102617 0.037202398800588544 0.535523238380649
0.03297886011689106 0.03384630212678493 0.016995437897550286 0.010409304118726452 0.007132300970238495 0.0050118871682756985 0.004144445158381828 0.006072094069257097 0.007325065861326021 0.009381224699592974 0.010586005268890019 0.022794448371100055 0.041974555034308976 0.04040030842376084 0.018633939471794266 0.013525669857974803 0.008304954057687617 0.010425367859650413 0.005959647882789373 0.00756602197518543 0.007614213197957312 0.01121249116492448 0.018087772280379607 0.02997494056411043 0.036641393047554066 0.5830013493533011
0.02750933333331866 0.02413333333332046 0.009882666666661396 0.006863999999996339 0.005434666666663768 0.005306666666663837 0.005135999999997261 0.007397333333329388 0.008159999999995648 0.012010666666660261 0.014250666666659067 0.028687999999984698 0.03667733333331377 0.04218666666664417 0.01670399999999109 0.02048533333332241 0.011269333333327324 0.020069333333322628 0.00916266666666178 0.015631999999991663 0.009919999999994709 0.018826666666656625 0.01715733333332418 0.02806399999998503 0.06350933333329946 0.5355626666663811
0.024334148224356127 0.025106150283027043 0.01375128667007567 0.011387030365395994 0.010470277920724282 0.00995560988161034 0.008990607308271696 0.013236618630961728 0.012802367472959337 0.01815813175498881 0.019123134328327452 0.032504503345289974 0.038487519299989566 0.05613098301586443 0.026119402985032618 0.019798636129664503 0.009939526505388029 0.010309444158501175 0.006819351518259747 0.007687853834264527 0.00731793618115138 0.010036026762721893 0.013654786412741806 0.027663407102374447 0.03506176016463738 0.5311534997418117
0.04885223765424246 0.044608410493755454 0.02025462962959707 0.010738168724262573 0.005867412551430897 0.004758230452667248 0.004002700617277516 0.0040509259259194135 0.004195601851845108 0.004886831275712309 0.004661779835383453 0.007362397119329729 0.008262602880645153 0.009580761316857027 0.005658436213982674 0.007410622427971626 0.004324202674890168 0.007490997942374789 0.00520833333332496 0.007635673868300483 0.007603523662539217 0.010850694444427001 0.016091177983513227 0.031491126543159255 0.03890174897113088 0.6752507716038528
0.04609073359065944 0.03883526383520136 0.012097812097792635 0.006370656370646122 0.004005791505785061 0.003169240669235571 0.003796653796647689 0.004182754182747454 0.00548584298583416 0.00545366795365918 0.007577220077207888 0.010215572715556282 0.01312741312739201 0.012966537966517106 0.009218146718131889 0.00863899613898224 0.0057432432432340036 0.005888030888021416 0.0037001287001227475 0.00543758043757169 0.004890604890597023 0.006354568854558632 0.011373873873855576 0.030550193050143903 0.03492599742594124 0.6999034749023489
0.02162101337445084 0.017200360082276878 0.006221064814804814 0.003022119341558928 0.001945087448556544 0.002346965020572359 0.002427340534975522 0.0028452932098719692 0.0035525977366198036 0.004195601851845108 0.004790380658428513 0.007844650205748706 0.010513117283933717 0.04607124485589302 0.007973251028793767 0.020174254115193906 0.006558641975298099 0.03223058127566835 0.006478266460894936 0.021781764403257166 0.010882844650188267 0.026186342592550496 0.015094521604914007 0.022505144032885633 0.372733410493228 0.32280414094598314
0.03827053697289781 0.03381712161983561 0.013632577213870255 0.0075772138920806465 0.005783032167105948 0.007176726899898794 0.007176726899898794 0.00802575932332432 0.00911508394205896 0.01095732410609548 0.014033064206052106 0.016612200435703234 0.02061707035752176 0.03290401127766099 0.016067538126335917 0.017589388696626955 0.010188389081106324 0.01792579777005971 0.008954889145186218 0.012703447392008356 0.010765090349848192 0.016291810841957754 0.01605151864664864 0.027505446623049618 0.03780597206196686 0.5824522619495988
0.045075075075048 0.03789189189186913 0.011555555555548614 0.006180180180176469 0.0038918918918895546 0.0037117117117094825 0.003297297297295317 0.0037837837837815112 0.004090090090087634 0.004864864864861943 0.005729729729726288 0.009423423423417763 0.011783783783776706 0.011807807807800715 0.006414414414410562 0.00636036036035654 0.0047567567567539 0.005129129129126049 0.003465465465463384 0.00428228228227971 0.00463063063062785 0.007525525525521006 0.012012012012004797 0.03257057057055101 0.04098498498496037 0.7087807807803551
0.02769388935290803 0.02631240763344742 0.01460194049988016 0.009943455631931594 0.009381224699592974 0.008802930026330395 0.008192507871219893 0.009911328150083673 0.012497590438841326 0.01879457688103387 0.024191993831484623 0.04274561459865909 0.04859281629498073 0.05527533251934833 0.029059307331444677 0.024513268649963834 0.013091948853027868 0.014585876758956201 0.008754738803558513 0.00925271477220129 0.007405384565945824 0.009943455631931594 0.010810897641825466 0.021188074278703995 0.03021589667796984 0.5042408276031224
0.042886731391558 0.0406148867313653 0.018453074433645016 0.009359223300964815 0.00609708737863683 0.004977346278313931 0.00441423948219779 0.004776699029123122 0.004893203883491979 0.005365695792876786 0.006271844660190116 0.008077669902907394 0.009915857605171576 0.008498381877017153 0.0049449838187670256 0.005598705501614499 0.003391585760515604 0.004621359223297979 0.0038511326860816496 0.005598705501614499 0.005521035598701928 0.007974110032357299 0.01365048543688437 0.03497734627829451 0.04034951456308068 0.6949190938506828
0.023292353823081473 0.019481259370309 0.009079460269862345 0.007433283358318611 0.007529235382306588 0.008869565217388645 0.009130434782605957 0.012128935532230246 0.01493553223387858 0.02088455772113317 0.027832083958012645 0.04489655172412447 0.054809595202382363 0.05209295352322276 0.03186206896550769 0.02589205397300573 0.016734632683653154 0.015994002998495953 0.011058470764614376 0.012218890554718975 0.010077961019487233 0.012380809595198687 0.013763118440775483 0.022443778110937798 0.04800899550223448 0.46716941529221373
0.0215513513513397 0.01961621621620561 0.008810810810806048 0.007221621621617718 0.006897297297293569 0.006729729729726092 0.0056594594594564 0.008924324324319501 0.008778378378373633 0.014086486486478872 0.013583783783776442 0.0274270270270122 0.03196756756755029 0.062691891891858 0.023113513513501018 0.03097297297295623 0.012540540540533761 0.027848648648633595 0.008962162162157318 0.01851891891890891 0.00924864864864365 0.021945945945934082 0.01625945945945067 0.025729729729715822 0.06946486486482732 0.491448648648383
0.033612040133760526 0.03012263099217942 0.014955406911920315 0.009503901895200945 0.007597547380151841 0.006950947603117642 0.007056856187287036 0.007642140468223165 0.008500557413596153 0.011337792642134149 0.013740245261976734 0.024202898550711147 0.031911928651041296 0.030490523968767842 0.014632107023403215 0.015016722408018384 0.008366778149382182 0.013043478260862294 0.007095875139349445 0.010289855072458033 0.007920847268668941 0.013350055741352647 0.018221850613144804 0.0295763656633057 0.053355629877339265 0.5715050167220894
0.045585828439322254 0.038477584159625045 0.016013606752004087 0.00954719039823891 0.006803376014879492 0.00584063412598145 0.004829755142638507 0.005214851898197723 0.005439491672273933 0.007076152883400603 0.00957928179453551 0.012740284329750745 0.013366066557534473 0.015484098713110163 0.010108789833429433 0.009884150059353223 0.00630595937228217 0.006562690542654981 0.005455537370422234 0.006610827637099883 0.007300792657476813 0.010349475305653943 0.014425082635322318 0.029491993196576662 0.03613491222997315 0.6613715862766577
0.04488023952093121 0.03476047904189535 0.01788622754489947 0.009574850299395464 0.006802395209576765 0.005191616766463957 0.0049580838323323604 0.005017964071853283 0.005365269461074631 0.005886227544906655 0.007191616766462759 0.01050898203592185 0.012407185628735086 0.012940119760471294 0.007604790419157123 0.007562874251492478 0.005167664670655588 0.0064071856287386784 0.005251497005984879 0.006694610778439105 0.006718562874247474 0.010233532934125609 0.016790419161666594 0.029616766467048132 0.04086826347302942 0.673712574849896
0.03431176470586217 0.033505882352921464 0.012529411764698512 0.00820588235293635 0.006488235294113831 0.005599999999996706 0.005099999999997 0.006347058823525678 0.006405882352937408 0.009082352941171127 0.011211764705875758 0.0172176470588134 0.02616470588233755 0.02479999999998541 0.014470588235285605 0.013252941176462793 0.008841176470583035 0.009599999999994353 0.007482352941172069 0.008164705882348139 0.006947058823525325 0.01043529411764092 0.015676470588226073 0.031099999999981705 0.04125882352938749 0.6257999999996319
0.034082840236619165 0.028915187376668806 0.009625246548304487 0.005936883629179612 0.004556213017742492 0.0035305719921034898 0.004240631163699723 0.0051479289940726865 0.005167652859950359 0.006094674556200996 0.0058974358974242655 0.008185404339234348 0.00788954635106925 0.028343195266216287 0.006923076923063268 0.012840236686365206 0.004437869822476454 0.01796844181456022 0.00441814595659878 0.01122287968439601 0.0044773175542318 0.013076923076897284 0.011025641025619278 0.02785009861927446 0.19226824457555766 0.5358777120305013
0.03244696969694512 0.026219696969677107 0.009295454545447503 0.005893939393934929 0.00528030303029903 0.005136363636359745 0.004431818181814824 0.007681818181812362 0.0077196969696911215 0.012765151515141845 0.013310606060595977 0.025757575757556245 0.02569696969695023 0.03377272727270169 0.017022727272714377 0.018924242424228088 0.012515151515142034 0.01765151515150178 0.010681818181810089 0.016431818181805734 0.013659090909080561 0.01987878787877282 0.0189696969696826 0.028886363636341752 0.06669696969691917 0.5432727272723157
0.030212738690198943 0.029443803665209784 0.008250032038946158 0.004549532231185842 0.004565551710873117 0.0043412789952512795 0.004933999743680421 0.011165577342030043 0.012399077277950149 0.018758810713797962 0.019415609380976202 0.028626810201158807 0.025919518134009483 0.038078303216650525 0.01730103806225602 0.020488914520023566 0.01244713571701197 0.018838908112234334 0.009499551454553537 0.011838395488895556 0.008234012559258885 0.014065103165426654 0.014449570677921233 0.027185057029304138 0.04358900422907281 0.5614026656405207
0.05075823432813233 0.03952155574867265 0.01600180302003284 0.008902411539314044 0.005344666602264489 0.004249975852403088 0.0038475160178952196 0.004217779065642458 0.0043626646060652904 0.005054895521418824 0.005940307157336134 0.008757525998891211 0.010480054090584886 0.013055797031435242 0.005924208763955819 0.0068257187932534436 0.004024598345078682 0.0045397469332487525 0.0027850220547944475 0.0039280079847967934 0.004571943720009382 0.00766283524902981 0.01379632312692972 0.034176889146408165 0.03881322643993881 0.6924562928608576
0.0436848072561863 0.04011337868476177 0.011825396825383418 0.006133786848065608 0.004206349206344437 0.0038662131519230543 0.0038435374149616286 0.003390022675733118 0.004058956916095171 0.004376417233555129 0.004716553287976512 0.005907029478451353 0.007006802721080491 0.00823129251699747 0.004444444444439405 0.0054308390022614166 0.0039342403628073305 0.004614512471650097 0.0030725623582731603 0.00368480725623165 0.004183673469383011 0.006417233560083427 0.010430839002255747 0.03284580498862489 0.03764172335596639 0.7319387755093743
0.028380434782577846 0.027728260869535077 0.012434782608682136 0.008010869565208684 0.005445652173907124 0.005782608695645889 0.006054347826080376 0.00806521739129558 0.009499999999989675 0.013869565217376228 0.018260869565197544 0.02855434782605592 0.037826086956480626 0.03491304347822292 0.01854347826084941 0.013782608695637192 0.008619565217381935 0.008554347826077658 0.007326086956513776 0.008184782608686755 0.00830434782607793 0.01001086956520651 0.01259782608694283 0.023978260869539154 0.023902173913017497 0.6113695652167268
0.026160100062522725 0.02076297686052485 0.01610381488429262 0.011963727329573506 0.011457160725446244 0.011713570981856339 0.013502188868034082 0.017854909318312785 0.02055034396496526 0.02666041275795706 0.03292057535957916 0.04419637273293046 0.046848030018732424 0.0652345215759442 0.027823639774841886 0.02506566604126012 0.013545966228884586 0.021575984990605642 0.010193871169474551 0.011944965603494718 0.009149468417755378 0.014140087554712858 0.014677923702304767 0.02190118824263796 0.028198874296417636 0.4358536585363128
0.010774278215208958 0.012742782152214248 0.0071259842519591525 0.005026246719153509 0.004514435695532133 0.00435695538057171 0.004842519685033015 0.00774278215222081 0.008123359580041832 0.01234908136481319 0.01498687664040028 0.021456692913357667 0.026522309711251284 0.056220472440871104 0.012270341207332978 0.021456692913357667 0.008254593175842186 0.03014435695534102 0.0065485564304376 0.019750656167953084 0.00960629921258582 0.02286089238842144 0.012808398950114425 0.021824146981598656 0.29919947506522415 0.3384908136478497
0.04496399999998201 0.03705199999998518 0.013007999999994796 0.007343999999997062 0.005163999999997934 0.004211999999998315 0.003991999999998403 0.0039519999999984195 0.003863999999998454 0.004755999999998098 0.006159999999997536 0.009883999999996047 0.012587999999994964 0.009307999999996278 0.005443999999997822 0.005839999999997664 0.003687999999998525 0.00432399999999827 0.0033359999999986656 0.004103999999998358 0.00419999999999832 0.006719999999997312 0.011331999999995467 0.03437999999998625 0.041707999999983314 0.7086759999997165
0.04798192771081447 0.03979518072286759 0.012144578313245696 0.005036144578310219 0.003680722891564048 0.0028313253012031137 0.0024759036144563398 0.0023614457831311075 0.002626506024094803 0.0026987951807212656 0.003493975903612353 0.0053313253012016075 0.006373493975899775 0.007048192771080091 0.004162650602407131 0.005078313253008989 0.003403614457829275 0.003993975903612052 0.0028373493975886524 0.0036024096385520467 0.004036144578310821 0.006301204819273313 0.012096385542161388 0.034385542168653985 0.040915662650577764 0.7353072289152197
0.04164477798621535 0.03719199499684979 0.014746716697926987 0.00762976860537359 0.00483427141963425 0.004202626641648404 0.003971232020010024 0.004540337711066579 0.005409631019383734 0.00634146341463018 0.008117573483422066 0.011588492807997756 0.01525953721074718 0.013289555972474491 0.008642901813628116 0.007979987492177624 0.006010006253904934 0.006879299562222089 0.005747342088801909 0.006491557223260481 0.007210756722947335 0.010143839899931117 0.015909943714811813 0.029631019387098417 0.03821138211379724 0.6783739837394132
0.0408530318601605 0.03322520554979248 0.012782631038006195 0.008896454265145015 0.0060219681397642244 0.00566867934223139 0.0066964285714178175 0.007692060637192169 0.010036613566273708 0.011706706063701652 0.013906731757428849 0.019832348406956846 0.026544835560080703 0.019848406988662883 0.013344681397717523 0.012782631038006195 0.007643884892074056 0.007322713257953297 0.00566867934223139 0.0069533658787144246 0.006471608427533287 0.00941032887973823 0.012975334018478649 0.02741199897220675 0.03418872045215476 0.6321139516947711
0.043665634674895565 0.03730030959750012 0.01482972136221992 0.008074303405567756 0.0058823529411728285 0.00535603715169947 0.0039380804953535985 0.004594427244579199 0.0038390092879233193 0.004563467492257237 0.005021671826622278 0.007733746130026171 0.008904024767796344 0.008253869969035137 0.004513931888542096 0.005808049535600119 0.0034303405572734176 0.004959752321978353 0.004080495356034625 0.005715170278634232 0.005250773993804798 0.00798142414860187 0.013975232198133762 0.033523219814220725 0.0402724458204085 0.7085325077394994
0.03746312684358875 0.02767330383475724 0.01310840707962185 0.008573008849541717 0.008628318584054889 0.007724926253673073 0.008794247787594406 0.010232300884936887 0.010711651917384381 0.013145280235963964 0.018786873156307546 0.03480825958695647 0.042275073746234744 0.04771386430669669 0.02564528023594092 0.017846607669583615 0.010896017699094956 0.009181415929186613 0.0061209439527910746 0.00825958702063374 0.0071533923303702925 0.008849557522107579 0.009955752212371025 0.02302728613565076 0.030235988200534226 0.5531895280225789
0.036089955022477936 0.031202398800590343 0.01049475262368501 0.005742128935530512 0.004302848575710854 0.003922038980508569 0.0037691154422777305 0.004899550224886087 0.006128935532232045 0.008878560719637517 0.012794602698646839 0.020629685157415104 0.027223388305838914 0.029958020989496265 0.014389805097446959 0.012332833583204698 0.007343328335829882 0.0077091454272840455 0.004827586206895104 0.005961019490253085 0.005232383808094383 0.008293853073460781 0.012455772113939294 0.03301649175411304 0.03905247376310673 0.6433493253371384
0.028751902587475262 0.024687975646842178 0.010273972602724089 0.009315068493136507 0.011293759512920405 0.011445966514442244 0.0111111111110942 0.013805175038030738 0.015890410958879924 0.019908675799056457 0.022359208523558053 0.03750380517498097 0.04993911719931516 0.05378995433781767 0.02377473363771115 0.019634703196317146 0.011217656012159486 0.011735159817333736 0.008782343987810073 0.010380517503789375 0.008919330289179727 0.010806697108050522 0.010441400304398111 0.020547945205448177 0.029010654490062387 0.5146727549459442
0.04387755102034847 0.037428571428520505 0.011823129251684595 0.008530612244886352 0.007251700680262242 0.007156462585024277 0.0058639455782233145 0.0054693877550946 0.006517006802712222 0.006625850340127039 0.007523809523799287 0.009265306122436374 0.013700680272090203 0.013782312925151316 0.008299319727879865 0.0082040816326419 0.005632653061216826 0.0077687074829826275 0.0055918367346862695 0.005564625850332565 0.006231292516998325 0.008734693877539137 0.011183673469372539 0.029700680272068434 0.03472108843532691 0.6835510204072333
0.026120845921434366 0.024725075528685966 0.006960725075524495 0.004942598187308192 0.004283987915405267 0.004851963746220633 0.0033836858006021852 0.005419939577036 0.004658610271900509 0.007287009063439705 0.006422960725071648 0.014006042296064045 0.017631419939566385 0.03598187311176074 0.011377643504524847 0.01804229607249665 0.008386706948635416 0.020356495468265647 0.008229607250750315 0.015927492447120287 0.01056193353473682 0.021589123867056442 0.02101510574016857 0.03339577039272906 0.1477583081570104 0.5166827794558811
0.03439510939505406 0.027332689832645862 0.012258687258667538 0.010424710424693654 0.01240347490345495 0.010601673101656045 0.010489060489043614 0.013095238095217027 0.013095238095217027 0.015218790218765736 0.016119691119665186 0.024420849420810135 0.03357464607459206 0.04131274131267485 0.01933719433716323 0.02025418275415017 0.012274774774755028 0.01848455598452625 0.00855855855854479 0.014124839124816402 0.008751608751594673 0.017004504504477148 0.019707207207175503 0.02800836550832045 0.04438545688538548 0.5143661518653244
0.04884615384607557 0.03910256410250144 0.013605769230747427 0.006955128205117059 0.0036217948717890674 0.0033012820512767606 0.003221153846148684 0.0031410256410206072 0.0033974358974304527 0.003044871794866915 0.003557692307686606 0.004326923076916143 0.004727564102556527 0.0070993589743475975 0.00416666666665999 0.005448717948709217 0.0023717948717910707 0.004615384615377219 0.002419871794867917 0.004102564102557528 0.003173076923071838 0.006137820512810676 0.010272435897419436 0.036073717948660135 0.038365384615323135 0.7349038461526685
0.0188746666666566 0.01779199999999051 0.008239999999995605 0.006458666666663222 0.0060213333333301216 0.006058666666663435 0.005466666666663751 0.010815999999994231 0.012063999999993566 0.0163733333333246 0.015562666666658367 0.029978666666650677 0.026666666666652444 0.04359999999997675 0.01734399999999075 0.025557333333319703 0.01801599999999039 0.02040533333332245 0.01188266666666033 0.021029333333322117 0.014570666666658896 0.02467199999998684 0.022197333333321495 0.03165333333331645 0.08111999999995674 0.48757866666640665
0.042840909090876636 0.037272727272699036 0.017053030303017382 0.011060606060597682 0.007977272727266683 0.006749999999994886 0.005999999999995454 0.005575757575753352 0.005803030303025907 0.006575757575752594 0.007159090909085486 0.009340909090902015 0.010219696969689227 0.00998484848484092 0.007439393939388303 0.007151515151509733 0.005454545454541322 0.006742424242419135 0.005666666666662374 0.006757575757570638 0.007772727272721385 0.011106060606052192 0.015242424242412695 0.030984848484825012 0.03818181818178926 0.6738863636358531
0.036011790336992165 0.03460207612451204 0.013808791490430268 0.010620915032662725 0.007817506087389757 0.00813789568113524 0.007064590542087875 0.009387415096742619 0.007497116493644276 0.00935537613736807 0.010236447520168146 0.014305395360735766 0.020280661284089004 0.018053953607557904 0.011133538382655496 0.010460720235789983 0.007336921696771535 0.00935537613736807 0.0075772138920806465 0.007593233371767921 0.007465077534269728 0.009563629373302634 0.012847622709193823 0.028466615404286064 0.03243944636673004 0.6485806740986663
0.020999999999987036 0.018790123456778524 0.009574074074068165 0.006240740740736888 0.005419753086416407 0.005925925925922268 0.004987654320984575 0.010006172839499996 0.01131481481480783 0.01990123456788895 0.0228209876543069 0.043024691357998135 0.046882716049353776 0.06267283950613416 0.039209876543185675 0.04349999999997315 0.026030864197514797 0.03037037037035162 0.016925925925915478 0.02218518518517149 0.015098765432089446 0.022530864197516955 0.017543209876532382 0.022907407407393266 0.04622222222219369 0.4089135802466612
0.05126948775051873 0.033838158871541325 0.022204899777266366 0.012821083890116687 0.00850037119524239 0.006547884187077544 0.0055233853006640505 0.005634743875274214 0.005805493689676462 0.006221232368221068 0.006956198960648139 0.01121009651075634 0.017112100965094943 0.015248700816618227 0.00867854491461865 0.008507795100216401 0.005746102449884376 0.007631774313283124 0.0062806236080131545 0.007438752783958843 0.008173719376385913 0.013541202672595738 0.01843355605046887 0.029858945805471524 0.045256124721569965 0.6315590200440746
0.030260355029567892 0.027798816568030887 0.009633136094668857 0.0056094674556179825 0.003940828402364532 0.0038461538461515704 0.0035917159763292354 0.005390532544375508 0.005644970414197844 0.008325443786977322 0.008313609467450703 0.011928994082833178 0.012704142011826802 0.023597633136080712 0.009106508875734257 0.013615384615376558 0.007591715976326869 0.015005917159754434 0.006857988165676415 0.013183431952654921 0.009189349112420598 0.017213017751469106 0.01692899408283022 0.03010059171595852 0.15902958579872248 0.5415917159760109
0.03963636363633879 0.03527899686518164 0.016244514106572887 0.010188087774288283 0.007504702194352662 0.006438871473350195 0.005134796238241294 0.00516614420062372 0.005385579937300699 0.007360501567393505 0.009598746081498685 0.014420062695915723 0.015492163009394676 0.0184263322883897 0.011398119122249906 0.011297805642626146 0.008163009404383597 0.008871473354226413 0.007141065830716526 0.008175548589336567 0.00931034482758037 0.012087774294663269 0.018921630094032024 0.029686520376156936 0.04305956112849965 0.6356112852660591
0.030272108843514535 0.024104308390004457 0.0130536659107989 0.010506424792131137 0.00834467120180775 0.008987150415715052 0.008616780045344961 0.011836734693868605 0.012758881330300257 0.016447467876026873 0.018730158730144573 0.030226757369591666 0.03547996976565723 0.037717309145852064 0.021262282690838047 0.017120181405882753 0.011413454270588501 0.013000755857888888 0.008072562358270542 0.009629629629622351 0.008185941043077712 0.013560090702937596 0.016840513983358396 0.028941798941777067 0.0462962962962613 0.5385941043079829
0.04186666666660464 0.03639999999994607 0.009762962962948499 0.005422222222214189 0.00475555555554851 0.004592592592585789 0.004192592592586381 0.005051851851844367 0.005362962962955018 0.007140740740730162 0.00837037037035797 0.011555555555538437 0.018933333333305283 0.014948148148126002 0.009925925925911221 0.00791111111109939 0.0049037037036964385 0.006177777777768625 0.003688888888883424 0.004577777777770996 0.003318518518513602 0.007140740740730162 0.00919999999998637 0.029259259259215912 0.035288888888836606 0.7002518518508144
0.04119341563780358 0.03510288065838806 0.013155006858692517 0.007805212620016728 0.0057613168724200805 0.004389574759939109 0.004115226337442914 0.004869684499307449 0.006296296296287659 0.00722908093277472 0.009794238683114137 0.015569272976659027 0.018148148148123253 0.016652949245518994 0.009437585733869084 0.00919067215362251 0.005679012345671222 0.007105624142651433 0.005102880658429214 0.005720164609045651 0.005953360768167416 0.008079561042512923 0.011742112482837117 0.02946502057609127 0.03668038408774118 0.675761316871501
0.009484126984108165 0.016884920634887134 0.00793650793649219 0.008769841269823869 0.0077777777777623455 0.0083333333333168 0.009444444444425706 0.014940476190446547 0.014940476190446547 0.020416666666626157 0.025813492063440847 0.06343253968241383 0.11047619047597128 0.13948412698385024 0.052460317460213374 0.045555555555465164 0.02136904761900522 0.02440476190471348 0.011547619047596136 0.017797619047583736 0.01047619047616969 0.01299603174600596 0.009007936507918635 0.011190476190453987 0.023412698412651957 0.3016468253962269
0.04121481481475375 0.03474074074068927 0.012281481481463286 0.00888888888887572 0.00791111111109939 0.004785185185178096 0.004207407407401174 0.0049037037036964385 0.005911111111102354 0.0077481481481366694 0.00971851851850412 0.01607407407405026 0.0180740740740473 0.01597037037034671 0.00919999999998637 0.009762962962948499 0.005318518518510639 0.005333333333325432 0.004711111111104132 0.005007407407399989 0.004103703703697624 0.0066666666666567904 0.010562962962947314 0.030162962962918278 0.03641481481476087 0.680325925924918
0.030490666666650405 0.0329919999999824 0.008602666666662078 0.004757333333330796 0.0034613333333314874 0.003535999999998114 0.004165333333331112 0.0050879999999972865 0.006709333333329755 0.00895466666666189 0.012303999999993438 0.017749333333323868 0.024410666666653646 0.022789333333321178 0.014794666666658777 0.01199466666666027 0.00720533333332949 0.006682666666663103 0.004538666666664246 0.005226666666663879 0.005242666666663871 0.006943999999996297 0.009583999999994888 0.02779733333331851 0.030463999999983754 0.6835146666663021
0.01980180180178991 0.01787987987986914 0.009825825825819924 0.009393393393387751 0.01011411411410804 0.011423423423416562 0.013063063063055217 0.016642642642632648 0.01999999999998799 0.02839639639637934 0.03887087087084753 0.056204204204170445 0.07022822822818604 0.06254054054050298 0.03663663663661463 0.02721921921920287 0.018792792792781506 0.018288288288277305 0.012726726726719083 0.011411411411404558 0.008900900900895554 0.009267267267261702 0.010504504504498196 0.01795195195194117 0.027627627627611034 0.41628828828803827
0.03756751543203837 0.036490483539035994 0.014419367283927438 0.008535879629615908 0.008166152263361358 0.006044238683117856 0.005738811728385837 0.006960519547313914 0.00848765432097401 0.010577417695456247 0.013631687242776441 0.021508487654286413 0.02867798353904855 0.024884259259219256 0.014178240740717949 0.012281378600803302 0.009339634773647538 0.010545267489694983 0.009259259259244375 0.008777006172825397 0.009870113168708413 0.013422710905328216 0.014676568930017559 0.024450231481442177 0.03465792181064387 0.6068512088467611
0.0418253968253494 0.03894557823124836 0.010147392290237927 0.005396825396819278 0.003321995464848841 0.0030725623582731603 0.002687074829928926 0.004308390022670852 0.0036054421768666606 0.005578231292510682 0.006133786848065608 0.010079365079353652 0.012074829931959099 0.01792517006800689 0.007131519274368331 0.009274376417223045 0.004285714285709427 0.005238095238089299 0.0036054421768666606 0.004387755102035842 0.004195011337863724 0.006893424036273363 0.011927437641709832 0.032199546485224266 0.03819727891152132 0.7075623582758418
0.023868563685620684 0.022337398373968607 0.009647696476958234 0.006836043360428973 0.005982384823844185 0.0065311653116486915 0.007174796747962619 0.012716802168013065 0.013976964769638226 0.019742547425460878 0.024756097560958836 0.03645663956637096 0.043075880758778405 0.04718157181568619 0.02705962059618763 0.026172086720849478 0.016734417344162103 0.020542005420040282 0.012560975609747588 0.015101626016249932 0.011470189701889249 0.014810298102970996 0.015542005420043671 0.022127371273697745 0.044620596205931826 0.4929742547422134
0.03965765765763384 0.02436036036034573 0.015861861861852334 0.014114114114105637 0.013591591591583428 0.012840840840833128 0.011801801801794713 0.012762762762755097 0.013315315315307318 0.015201201201192071 0.01650450450449459 0.032264264264244884 0.06464264264260382 0.04651651651648858 0.018024024024013197 0.014738738738729886 0.010654654654648255 0.012480480480472985 0.01041441441440816 0.012246246246238891 0.012990990990983189 0.01529729729728811 0.016840840840830727 0.024222222222207674 0.038840840840817514 0.4798138138135256
0.033599999999944 0.025183333333291362 0.017333333333304446 0.013483333333310862 0.010583333333315695 0.013149999999978084 0.016583333333305694 0.018999999999968334 0.018183333333303027 0.02111666666663147 0.025133333333291444 0.03968333333326719 0.05444999999990925 0.05096666666658172 0.026599999999955666 0.01903333333330161 0.011916666666646805 0.011716666666647139 0.008633333333318944 0.010133333333316443 0.009716666666650471 0.010299999999982833 0.013749999999977083 0.02308333333329486 0.027683333333287194 0.4689833333325517
0.047984182098688294 0.03743891460899331 0.014419367283927438 0.008744855967064131 0.00705697016459771 0.006510416666656201 0.006880144032910751 0.007458847736613524 0.006365740740730507 0.007330246913568463 0.008278677983525787 0.01096322016459143 0.013117283950596198 0.013647762345657073 0.007410622427971626 0.007973251028793767 0.005304783950608756 0.005819187242789 0.004147376543203209 0.004983281892996104 0.0051118827160411655 0.007892875514390604 0.011413323045249142 0.02972286522628967 0.0356063528806012 0.6784175668713374
0.04665123456782924 0.04020061728388858 0.016512345678986864 0.009413580246899053 0.007469135802457609 0.006219135802459539 0.0060030864197438225 0.0066666666666563784 0.006388888888879029 0.007978395061716083 0.00827160493825884 0.010092592592577018 0.014722222222199502 0.013456790123436023 0.008935185185171396 0.009814814814799669 0.005354938271596674 0.005787037037028106 0.004691358024684118 0.006728395061718012 0.0071913580246802606 0.009567901234553136 0.015617283950593183 0.033070987654269954 0.03827160493821254 0.6549228395051622
0.03950468540824698 0.033601070950423556 0.010227576974551235 0.007951807228905018 0.007135207496643728 0.006305220883525696 0.006372155287809408 0.006827309236938651 0.007831325301194335 0.010629183400253508 0.011820615796503587 0.015247657295829655 0.0209370816599452 0.01670682730921458 0.009825970548848961 0.0104685408299726 0.007014725568933046 0.007817938420337593 0.005435073627837436 0.007402945113778577 0.006385542168666151 0.009451137884860173 0.012971887550183438 0.028246318607726577 0.033601070950423556 0.6602811244971081
0.04018796992476167 0.03422305764406739 0.012155388471162713 0.007167919799489764 0.005388471177938109 0.004423558897237565 0.004586466165407786 0.006052631578939783 0.006541353383450449 0.007957393483699301 0.009122807017532427 0.011441102756877894 0.014010025062639085 0.021904761904734456 0.011015037593971159 0.012719298245598096 0.007418546365905491 0.013395989974920556 0.00582706766916563 0.009661654135326238 0.00789473684209537 0.014586466165395254 0.01385964912278965 0.029110275689186577 0.03637844611524263 0.6529699248112119
0.03348558929485093 0.025411734431250946 0.01880146680388124 0.014893206381859732 0.013236618630961728 0.01194994853317687 0.013912120432298777 0.017498713329874068 0.017900797735431836 0.020876222336559322 0.023320895522350553 0.03198983530617603 0.037377766340650126 0.02927174472460552 0.014764539372081246 0.014040787442077263 0.010502444673168904 0.010196860524945 0.008073854863599983 0.010068193515166513 0.00973044261449799 0.011853448275843004 0.015568708183196781 0.024060730828576845 0.03570509521352981 0.5255082346877806
0.032821333333324584 0.029741333333325404 0.012746666666663268 0.007818666666664581 0.0061119999999983705 0.005970666666665074 0.00626399999999833 0.007319999999998048 0.008415999999997755 0.010679999999997152 0.012821333333329915 0.0183759999999951 0.022762666666660596 0.02125599999999433 0.013711999999996343 0.01181599999999685 0.009079999999997578 0.009957333333330678 0.00768799999999795 0.008605333333331038 0.008279999999997793 0.010365333333330569 0.013559999999996384 0.028879999999992297 0.03679999999999019 0.6381493333331631
0.04011081081079997 0.03388648648647733 0.015262162162158038 0.009635135135132531 0.007472972972970953 0.005824324324322751 0.005478378378376897 0.005951351351349743 0.006710810810808997 0.008437837837835558 0.010278378378375601 0.016408108108103673 0.025629729729722803 0.01928108108107587 0.010572972972970116 0.009408108108105565 0.006737837837836017 0.007732432432430342 0.0058108108108092405 0.006945945945944069 0.006883783783781923 0.010627027027024154 0.016259459459455065 0.03198378378377514 0.037721621621611426 0.638948648648476
0.02431231231229771 0.020612612612600233 0.008882882882877547 0.007699699699695075 0.006648648648644655 0.0064804804804765885 0.007939939939935171 0.011921921921914762 0.014576576576567822 0.022270270270256895 0.03490090090087994 0.06065465465461822 0.0786306306305834 0.07431231231226768 0.038630630630607427 0.02356156156154741 0.012786786786779107 0.010516516516510201 0.007207207207202878 0.007339339339334931 0.007297297297292915 0.008954954954949577 0.010648648648642253 0.018720720720709478 0.024822822822807913 0.4496696696693996
0.026522522522506593 0.024150150150135646 0.009399399399393753 0.007027027027022807 0.0061741741741704655 0.006198198198194476 0.005297297297294116 0.00816216216215726 0.009057057057051617 0.012834834834827126 0.016360360360350535 0.028600600600583424 0.03797597597595317 0.05597597597594236 0.025069069069054012 0.024978978978963975 0.012474474474466982 0.02073273273272028 0.00998798798798199 0.01662462462461464 0.011603603603596635 0.020816816816804314 0.019459459459447773 0.028480480480463376 0.09046246246240813 0.46557357357329393
0.045777108433707366 0.03873493975901281 0.014608433734930959 0.008180722891561337 0.005186746987948683 0.003626506024094201 0.0032349397590341958 0.0028734939759018836 0.002891566265058499 0.003909638554214512 0.004855421686744063 0.008108433734934875 0.009451807228909969 0.008355421686741955 0.004542168674696059 0.004879518072286217 0.0032891566265040428 0.0045180722891539045 0.0038554216867446654 0.0051686746987920675 0.006403614457827468 0.009337349397584736 0.015439759036135278 0.03308433734937766 0.04068072289154176 0.7090060240959585
0.037336802042624434 0.036212683271448644 0.015577074400578797 0.010743363684522902 0.007981243275348106 0.006632300749937158 0.006503830033231354 0.006359300476937323 0.0068731833437605415 0.009474715357053083 0.014918661977461549 0.027460615695865713 0.039103274397329246 0.03449438743550851 0.016010663069460886 0.012028070851580948 0.0072264778147015036 0.007290713173054406 0.005957829487231684 0.006776830306231188 0.008784185254759384 0.0099885982238763 0.013152189622756737 0.02856867562745328 0.03359509241856788 0.5909492380071125
0.01858086443500933 0.016448634090008258 0.00849685776579374 0.005723355136581821 0.005370655380265855 0.005819545979213448 0.007743362831845993 0.01766705143000887 0.01858086443500933 0.02828010773369841 0.03002757470817297 0.04982685648318291 0.05138194177239422 0.06816724381161317 0.03044440169291002 0.029995511093962427 0.016384506861587173 0.027702962677908647 0.013787354110533239 0.019158009490799092 0.011334487623426743 0.019302295754746533 0.014508785430270442 0.02178722585606357 0.07276837245082601 0.3907111709625646
0.01852980132449922 0.014026490066222069 0.007615894039733418 0.006017660044148782 0.005924944812360723 0.0061876379690935564 0.005766004415009764 0.00779690949227201 0.007207505518762206 0.009653421633551953 0.010781456953640004 0.01720088300220371 0.019673289183218614 0.029070640176594022 0.012653421633551291 0.016147902869753608 0.010434878587194165 0.01734216335540456 0.010280353200880733 0.01614128035319732 0.013172185430460668 0.019924944812357633 0.022139072847677233 0.02604635761588829 0.32202207505511654 0.34824282560698716
0.035847058823508325 0.03128235294115807 0.008388235294112712 0.005017647058820578 0.004347058823526854 0.004194117647056356 0.003894117647056533 0.005070588235291135 0.0053705882352909585 0.007282352941172187 0.00830588235293629 0.012941176470580623 0.017552941176460262 0.02553529411763204 0.010288235294111596 0.013176470588227544 0.007152941176466381 0.013694117647050768 0.0064470588235256195 0.010335294117640979 0.007899999999995353 0.01572941176469663 0.01711764705881346 0.032488235294098534 0.08191176470583417 0.6087294117643478
0.04421768707476977 0.03906122448974277 0.014952380952360608 0.009904761904748429 0.007034013605432606 0.005387755102033486 0.004544217687068647 0.004163265306116785 0.004489795918361238 0.004748299319721431 0.00650340136053537 0.0082040816326419 0.010244897959169734 0.010748299319713267 0.0072653061224390945 0.007727891156452071 0.004952380952374214 0.006639455782303892 0.004965986394551067 0.005795918367339053 0.006367346938766847 0.010285714285700291 0.012693877551003138 0.031210884353699033 0.03778231292511866 0.6901088435364761
0.03895580110495085 0.037314917127051206 0.013723756906069766 0.008430939226514679 0.005596685082869836 0.004386740331489289 0.0038729281767934404 0.004331491712704789 0.005049723756903287 0.006066298342538085 0.007784530386736031 0.012922651933694518 0.01658011049722841 0.013287292817672217 0.007651933701653231 0.005933701657455285 0.00422099447513579 0.004745856353588538 0.003618784530384741 0.004806629834251488 0.004331491712704789 0.006392265193366634 0.010491712707176524 0.03359668508285436 0.03587845303865421 0.7000276243090056
0.042602666666643946 0.03563733333331433 0.01331733333332623 0.008474666666662146 0.006581333333329823 0.004927999999997372 0.004154666666664451 0.004117333333331138 0.004463999999997619 0.005551999999997039 0.007071999999996228 0.010181333333327902 0.012858666666659808 0.011109333333327408 0.007546666666662641 0.006202666666663359 0.0048746666666640666 0.005167999999997243 0.00393066666666457 0.004767999999997457 0.005951999999996825 0.008938666666661899 0.01473599999999214 0.03179733333331637 0.03816533333331298 0.6968693333329616
0.04244444444441895 0.032750750750731084 0.019195195195183666 0.01103903903903241 0.007849849849845136 0.006708708708704679 0.005771771771768305 0.0059879879879843915 0.0065645645645606215 0.008234234234229289 0.01064264264263625 0.016714714714704676 0.020078078078066018 0.018084084084073224 0.010204204204198075 0.008876876876871545 0.006060060060056421 0.006930930930926768 0.005489489489486192 0.0073633633633589405 0.009267267267261702 0.012702702702695074 0.018294294294283305 0.028690690690673457 0.03876276276273948 0.6352912912909098
0.009375999999984999 0.010079999999983873 0.00759999999998784 0.006527999999989555 0.00411199999999342 0.0034239999999945217 0.002879999999995392 0.0057919999999907325 0.007439999999988096 0.011263999999981978 0.014239999999977215 0.024271999999961165 0.034415999999944935 0.06543999999989529 0.015007999999975987 0.024495999999960806 0.009567999999984691 0.032831999999947466 0.008735999999986022 0.024223999999961242 0.01134399999998185 0.024975999999960037 0.012575999999979878 0.02079999999996672 0.29751999999952394 0.3110559999995023
0.022456140350863123 0.01965538847116563 0.00947368421052038 0.007644110275684434 0.006867167919795196 0.007781954887213169 0.008471177944856847 0.01163533834585737 0.013377192982447758 0.01914160401001307 0.02261278195487305 0.03519423558895038 0.04712406015034641 0.052349624060117575 0.03197368421050628 0.02634085213030931 0.017807017543848492 0.01538847117793522 0.01166040100249896 0.010626566416033443 0.008890977443603452 0.009360902255633232 0.01185463659147127 0.01819548872179311 0.024548872180435746 0.5295676691726006
0.04508136482937266 0.037627296587906756 0.01167454068240857 0.006057742782149051 0.004094488188974229 0.0037375328083969882 0.003454068241468003 0.003448818897635985 0.004083989501310192 0.004892388451441001 0.006745406824143441 0.009889763779522368 0.014556430446186585 0.01376377952755183 0.008335958005244969 0.007128608923880772 0.004939632545929166 0.004950131233593202 0.003711286089236897 0.004377952755903213 0.004808398950128709 0.008503937007869552 0.013690288713903575 0.032881889763762266 0.038582677165334076 0.698981627296221
0.029185185185141946 0.021644444444412377 0.013762962962942573 0.009659259259244948 0.00971851851850412 0.010681481481465657 0.012859259259240209 0.017748148148121853 0.01860740740737984 0.025407407407369766 0.03048888888884372 0.046414814814746054 0.053303703703624736 0.05271111111103302 0.03742222222216678 0.029703703703659698 0.018933333333305283 0.01865185185182422 0.012562962962944351 0.012592592592573938 0.009496296296282227 0.011688888888871572 0.011170370370353821 0.014355555555534288 0.02517037037033308 0.4460592592585984
0.04715662650599569 0.02925301204817515 0.017144578313242682 0.01604216867468913 0.015355421686737737 0.013680722891558023 0.012481927710835854 0.011626506024089382 0.012240963855414313 0.01271084337348632 0.01464457831324419 0.017391566265049764 0.01819277108432639 0.018662650602398394 0.014337349397581724 0.014487951807220187 0.011572289156619535 0.013150602409630632 0.011156626506017375 0.011975903614450617 0.012210843373486619 0.01389759036143741 0.016933734939748837 0.02586144578311695 0.04175301204816762 0.5560783132526771
0.02215686274508133 0.023318250377056322 0.010708898944184985 0.008054298642527862 0.006681749622921055 0.006990950226239072 0.007850678733025753 0.010723981900444402 0.012224736048256241 0.015497737556549398 0.019766214177963978 0.02995475113119913 0.038061840120634946 0.03734539969831271 0.023506787330299015 0.020550527903453582 0.013906485671181065 0.01405731523377522 0.010075414781289536 0.010475113122164046 0.009283559577670223 0.011116138763189204 0.012941176470578476 0.022812971342365904 0.036696832579157845 0.5652413272997245
0.04107395498389642 0.031736334405124286 0.019286173633428112 0.01250160771703376 0.008398713826361159 0.006836012861731938 0.00650160771703762 0.006881028938902327 0.007819935691313298 0.01007717041799995 0.013157556270088001 0.01847588424436111 0.021048231511240485 0.020463022508025425 0.013903536977483021 0.011446945337613217 0.008572347266875516 0.008938906752405827 0.00756913183279256 0.008874598070733843 0.00921543408359536 0.012610932475876134 0.017093247588413445 0.027588424437281295 0.03837942122184027 0.6115498392279025
0.028099255583112607 0.022059553349864983 0.010669975186098923 0.007379652605455395 0.005652605459054267 0.005647642679897941 0.005781637717118719 0.008094292803966206 0.007349875930517444 0.011176178660044082 0.014491315136469235 0.024709677419342577 0.030277915632739315 0.04101736972702679 0.022550868486341167 0.024307692307680245 0.013196029776668389 0.018982630272943432 0.008843672456571293 0.014208436724558706 0.00931017369726585 0.01823821339949467 0.01911662531016421 0.029861042183608008 0.05846153846150945 0.5405161290319899
0.034683381549285304 0.033494053358994705 0.01147540983604713 0.00708775313402911 0.007457409193173485 0.006428801028597832 0.006444873031169327 0.007441337190601991 0.00842172934746316 0.010848601735758842 0.013532626165198437 0.017984570877502437 0.021793635486946652 0.02487945998067361 0.011941497910620474 0.011250401800046207 0.006862745098028186 0.009514625522324792 0.005657344905166092 0.008550305368035117 0.007200257152029572 0.009177113468323405 0.014448730311773628 0.02923497267754864 0.032192221150703644 0.641996142718351
0.029937228392032934 0.026589409303031403 0.013713182037640893 0.009480122324143763 0.007838403347806474 0.007323354257190853 0.008627072267811642 0.012135844197630556 0.01398680186703044 0.0195396748752301 0.022710445839332512 0.036938676967589026 0.04400450667947207 0.045131176565193734 0.023563495895664633 0.01891195879604231 0.010816030902928028 0.010864316755173242 0.007355544825354329 0.008562691131484688 0.008852406244955976 0.010606792209865433 0.01303718010620789 0.02142282311279346 0.02261387413484208 0.545436986961942
0.004063999999997832 0.003621333333331402 0.002031999999998916 0.0015413333333325113 0.0012693333333326563 0.0011519999999993855 0.0014346666666659015 0.0022399999999988054 0.002629333333331931 0.0043626666666643395 0.004591999999997551 0.007247999999996134 0.009594666666661549 0.03890666666664592 0.00633066666666329 0.016522666666657856 0.004949333333330694 0.02609599999998608 0.003989333333331206 0.01593066666665817 0.004837333333330754 0.018063999999990366 0.007242666666662804 0.010213333333327886 0.6716959999996418 0.12943999999993097
0.04239333333330507 0.03297333333331135 0.02165999999998556 0.01583999999998944 0.0110999999999926 0.0095999999999936 0.008826666666660783 0.00845999999999436 0.009053333333327298 0.0101999999999932 0.011859999999992094 0.015226666666656516 0.016366666666655757 0.016546666666655635 0.012466666666658355 0.012613333333324924 0.009893333333326738 0.010933333333326044 0.010813333333326125 0.011713333333325525 0.013446666666657702 0.016059999999989295 0.018019999999987987 0.026366666666649087 0.03937999999997375 0.5881866666662745
0.04562577447330158 0.041189591078015876 0.010768277571238206 0.005018587360588577 0.003444857496897838 0.002763320941756179 0.0033952912019784443 0.0035315985130067763 0.0035068153655470795 0.0036802973977649563 0.004250309789337979 0.006171003717464472 0.007360594795529913 0.0078190830235343 0.003965303593551468 0.005910780669137657 0.002713754646836786 0.004498141263934947 0.0025898389095383024 0.0031846344485710228 0.002936802973974056 0.005179677819076605 0.008971499380410195 0.03552664188347519 0.03918215613378044 0.736815365550512
0.014478764478741185 0.014462676962653695 0.0071106821106706715 0.004922779922772003 0.0048423423423345525 0.005035392535384434 0.004890604890597023 0.008333333333319927 0.010328185328168713 0.015733590733565422 0.022232947232911464 0.041731016730949595 0.054359716859629405 0.08227155727142492 0.03426640926635414 0.033944658944604335 0.016119691119665186 0.029054054054007312 0.008510296010282319 0.019111969111938364 0.010762548262530949 0.020656370656337426 0.011840411840392792 0.01933719433716323 0.13893178893156544 0.36673101673042674
0.04251274362817316 0.035250374812583134 0.013751124437776987 0.007343328335829882 0.005310344827584614 0.004440779610193571 0.004074962518739408 0.004647676161917647 0.004839580209893601 0.005946026986504964 0.0071484257871043035 0.009733133433280439 0.011322338830581313 0.01034182908545417 0.006482758620687711 0.005910044977509472 0.004440779610193571 0.005208395802097389 0.004347826086955218 0.005373313343326725 0.006074962518738808 0.008671664167913441 0.013742128935528113 0.03320239880058974 0.04062668665665948 0.6992563718138832
0.02347222222217565 0.021031746031704303 0.014186507936479789 0.012936507936482268 0.012658730158705042 0.011805555555532131 0.011666666666643519 0.012440476190451508 0.01603174603171422 0.02343253968249319 0.037976190476115126 0.0845833333331655 0.10097222222202187 0.07732142857127515 0.030813492063430925 0.019623015872976938 0.010337301587281076 0.010972222222200451 0.009424603174584475 0.008373015872999259 0.007222222222207892 0.007797619047603576 0.007857142857127268 0.01624999999996776 0.01890873015869264 0.3919047619039843
0.03431176470586217 0.033505882352921464 0.012529411764698512 0.00820588235293635 0.006488235294113831 0.005599999999996706 0.005099999999997 0.006347058823525678 0.006405882352937408 0.009082352941171127 0.011211764705875758 0.0172176470588134 0.02616470588233755 0.02479999999998541 0.014470588235285605 0.013252941176462793 0.008841176470583035 0.009599999999994353 0.007482352941172069 0.008164705882348139 0.006947058823525325 0.01043529411764092 0.015676470588226073 0.031099999999981705 0.04125882352938749 0.6257999999996319
0.04287002157177811 0.037106796741625446 0.014552947615804512 0.009143887440018764 0.006713030039591241 0.005940307157336134 0.005602240896349525 0.0051997810618416565 0.0073086705946628855 0.008870214752553413 0.01138156411988251 0.015583244792144655 0.017563347177923367 0.014585144402565142 0.009997102289175445 0.008194082230580196 0.005103190701559768 0.006101291091139281 0.0048939115876156765 0.005666634469870783 0.0044109597862062346 0.008194082230580196 0.012266975755799821 0.02810779484202951 0.03551305579697429 0.6691297208527816
0.020485133020333602 0.012363067292638308 0.005143453312464714 0.004971309337503928 0.006004173187268647 0.006291079812203291 0.0054251434533096375 0.010704225352107093 0.010396452790813564 0.016807511737080436 0.013714136671875998 0.027047470005202374 0.02559207094417027 0.05381846635364955 0.017694314032332972 0.03025039123629095 0.016932707355233733 0.03098069900885186 0.015487741262381071 0.030740740740724706 0.0211111111111001 0.03677621283253168 0.028862806468425217 0.037522170057361755 0.1487323943661196 0.36614501825750334
0.04117333333331137 0.03646933333331388 0.015663999999991646 0.009749333333328133 0.007599999999995947 0.0070613333333295674 0.006287999999996646 0.005802666666663572 0.006245333333330002 0.00709866666666288 0.0075519999999959725 0.010383999999994462 0.014746666666658801 0.010981333333327476 0.006949333333329627 0.0068479999999963475 0.004778666666664118 0.005050666666663973 0.0048106666666641006 0.005775999999996919 0.006250666666663333 0.00840533333332885 0.01231999999999343 0.03426133333331506 0.04199466666664427 0.6757386666663062
0.03383733333332431 0.026325333333326314 0.015167999999995956 0.011671999999996888 0.009354666666664173 0.008029333333331192 0.0074586666666646775 0.008869333333330969 0.009399999999997494 0.013221333333329808 0.01571199999999581 0.027005333333326133 0.0366346666666569 0.03534399999999058 0.022125333333327432 0.021167999999994355 0.012367999999996701 0.013071999999996513 0.00814933333333116 0.011034666666663724 0.00939466666666416 0.014391999999996161 0.018887999999994964 0.02846399999999241 0.05599466666665173 0.5269173333331928
0.045064584538196346 0.040517961570528054 0.01317396054236043 0.00689223057643003 0.005189255189246852 0.003968253968247593 0.0035344772186820667 0.0032613585245111795 0.004144977829181697 0.004418096523352583 0.005783689994207018 0.008177495019587144 0.008643403380231599 0.011792301265966532 0.006008611271759513 0.006619111882259143 0.004626951995365614 0.006522717049022359 0.0050446629393916765 0.007165349270600916 0.007583060214626979 0.009623417518138899 0.014137908874728267 0.032822440717124826 0.037706445601121866 0.6975772765235242
0.03241730279897188 0.024198473282435053 0.0131583969465607 0.009516539440200535 0.007923027989819363 0.007166030534348866 0.006898854961829867 0.007961195928750648 0.008444656488546932 0.010346692111955996 0.013228371501268057 0.02150445292620181 0.029319338422382532 0.035324427480904794 0.014662849872768873 0.012929389312972987 0.00813613231551904 0.012468193384219953 0.007404580152669401 0.011577608142489957 0.011307251908393351 0.01651717557251383 0.019869592875311745 0.03373409669210123 0.13286577608138267 0.4911195928751619
0.040915662650577764 0.030120481927692698 0.019283132530108864 0.013566265060232792 0.010090361445777053 0.008650602409633343 0.007939759036139795 0.0077168674698748696 0.00866265060240442 0.010343373493969672 0.01393975903613618 0.017596385542158074 0.02231927710842029 0.018921686746976554 0.013753012048184486 0.011620481927703843 0.009180722891560734 0.009072289156621042 0.00800602409638072 0.009102409638548734 0.009566265060235201 0.013084337349389708 0.017379518072278687 0.02759638554215205 0.0366385542168454 0.6049337349393946
0.02686285714284947 0.019805714285708625 0.012145714285710816 0.009574285714282978 0.00782571428571205 0.007765714285712067 0.007742857142854931 0.0109485714285683 0.011622857142853823 0.01734571428570933 0.018739999999994646 0.033228571428561934 0.038937142857131735 0.04564857142855839 0.026437142857135304 0.030677142857134094 0.015939999999995447 0.024431428571421592 0.011611428571425254 0.0202457142857085 0.013339999999996188 0.02297428571427915 0.01930571428570877 0.023199999999993372 0.04654857142855813 0.4770942857141494
0.049575221238908805 0.03861946902652589 0.014684365781702251 0.007858407079641382 0.005044247787607643 0.003911504424776453 0.003333333333331367 0.0037522123893783173 0.0039823008849534025 0.005480825958698831 0.0074218289085501935 0.01460176991149581 0.01963421828907396 0.018017699115033616 0.0081828908554524 0.006513274336279343 0.004123893805307302 0.004985250737460186 0.0037699115044225544 0.004607669616516456 0.005215339233035271 0.009374631268431048 0.016106194690255985 0.03325073746310723 0.04175811209437064 0.6661946902650937
0.037310313785948256 0.02948173868308018 0.015448173868287923 0.012201003086400139 0.009275334362125007 0.009259259259244375 0.00935570987652817 0.01003086419751474 0.011043595678994593 0.014081790123434154 0.018004115226308508 0.0239679783950232 0.02793852880653945 0.02557548868308646 0.012667181069938485 0.009387860082289435 0.0060120884773565905 0.007282021604926566 0.0049511316872348395 0.0056905864197439385 0.005545910493818245 0.008246527777764521 0.011541923868294203 0.025720164609012153 0.03313078703698378 0.6168499228385146
0.03773333333331321 0.02575466666665293 0.017775999999990518 0.015450666666658426 0.014495999999992269 0.015317333333325163 0.01385066666665928 0.014165333333325779 0.015685333333324968 0.018085333333323687 0.021445333333321895 0.028074666666651694 0.03414933333331512 0.02889599999998459 0.019845333333322748 0.01856533333332343 0.014778666666658785 0.015194666666658562 0.013999999999992534 0.013557333333326102 0.0133119999999929 0.015621333333325002 0.017077333333324226 0.023898666666653922 0.03610133333331408 0.4971679999997348
0.029231231231213673 0.025255255255240087 0.01272072072071308 0.00906306306305762 0.008006006006001197 0.007801801801797116 0.008594594594589432 0.010726726726720284 0.012042042042034809 0.01512312312311404 0.01910510510509363 0.03607807807805641 0.05110510510507441 0.04973573573570587 0.027549549549533002 0.021675675675662656 0.014264264264255698 0.013861861861853536 0.010222222222216082 0.01021621621621008 0.008672672672667464 0.011225225225218483 0.01424624624623769 0.025075075075060016 0.03693693693691475 0.5114654654651583
0.041432396251617896 0.03591700133864 0.01730923694776799 0.009089692101728126 0.006961178045506076 0.006064257028104331 0.006854082998652137 0.006907630522079106 0.008219544846039867 0.009999999999986613 0.010655957161966993 0.01788487282460792 0.022168674698765503 0.023413654618442553 0.014270414993287456 0.01190093708164404 0.007710843373483653 0.00791164658633479 0.006211512717528498 0.006224899598385241 0.006117804551531302 0.010682730923680479 0.01527443105754314 0.030187416331954233 0.0347791164658169 0.6258500669335665
0.0358048874473591 0.029125590058075967 0.014145338942207788 0.009055585883547324 0.00793166564977372 0.007353649529547295 0.00815644969652844 0.008686297806735997 0.01008317009728319 0.013117754728471922 0.017372595613471993 0.02694197360388725 0.03185511062581187 0.026074949423547614 0.01647345942645311 0.012347066568170022 0.009103753893566192 0.008284897723245425 0.006695353392622756 0.006791689412660493 0.00677563340932087 0.007225201502830312 0.011431874377811515 0.022285732635396606 0.035644327413962874 0.6112359911361047
0.042049999999929914 0.039216666666601306 0.014633333333308945 0.006949999999988417 0.0050999999999915 0.004449999999992583 0.00464999999999225 0.005449999999990917 0.005233333333324611 0.0068166666666553055 0.007616666666653972 0.009783333333317028 0.011483333333314194 0.012499999999979167 0.007999999999986667 0.008733333333318778 0.0065666666666557225 0.007183333333321361 0.0050999999999915 0.005983333333323361 0.006199999999989667 0.00823333333331961 0.010866666666648555 0.02864999999995225 0.03641666666660597 0.6921333333321797
0.036285240464314854 0.032752902155860075 0.014063018242111059 0.008490878938633092 0.006633499170807103 0.005837479270310251 0.00598673300165341 0.006616915422880085 0.007462686567157991 0.009635157545597317 0.012097844112759455 0.019941956882238855 0.02610281923712595 0.02108623548920308 0.010621890547254874 0.009220563847421873 0.006127694859033061 0.006915422885566405 0.004991708126032345 0.005646766169149547 0.006351575456047801 0.008499170812596601 0.012354892205628229 0.029195688225514764 0.03684908789383346 0.6502321724704393
0.027893333333296143 0.03219999999995707 0.011799999999984266 0.008133333333322489 0.0060533333333252625 0.006519999999991306 0.0063866666666581515 0.009253333333320995 0.010666666666652445 0.015813333333312248 0.019573333333307234 0.03525333333328633 0.04574666666660567 0.07015999999990645 0.02358666666663522 0.020199999999973066 0.010106666666653191 0.009946666666653404 0.0053999999999928 0.006306666666658258 0.005586666666659218 0.009533333333320623 0.01175999999998432 0.02591999999996544 0.028786666666628283 0.5374133333326168
0.03141489361701292 0.027909574468077684 0.007359042553189532 0.004683510638296627 0.0038537234042542944 0.0034547872340416346 0.0032287234042544604 0.0054893617021262 0.005627659574466588 0.009518617021274064 0.009313829787231566 0.018316489361697257 0.019385638297867186 0.0400611702127553 0.014797872340421596 0.022079787234036682 0.008292553191487155 0.021058510638292272 0.006218085106381325 0.015311170212761885 0.007651595744678816 0.01818085106382495 0.01595478723403831 0.032952127659565705 0.08240159574465894 0.5654840425530411
0.03520241691840773 0.03424169184287961 0.012586102719025627 0.00800604229606767 0.006120845921446453 0.0050211480362507424 0.004447129909362872 0.0046465256797555005 0.005764350453168723 0.007776435045312522 0.011063444108754645 0.02233232628397442 0.04171601208456694 0.03482779456191249 0.01345619335346619 0.010241691842894115 0.006169184290026484 0.007462235649542319 0.005232628398788379 0.006006042296068878 0.006151057401808972 0.01026586102718413 0.013613293051351292 0.03271903323260863 0.04345619335344806 0.6114743202413224
0.0375851851851295 0.033629629629579806 0.010888888888872758 0.005881481481472768 0.0051407407407331246 0.004844444444437267 0.0046962962962893385 0.006503703703694069 0.0071111111111005765 0.00878518518517217 0.011851851851834294 0.019140740740712384 0.021481481481449658 0.027214814814774495 0.014755555555533695 0.01219259259257453 0.006859259259249097 0.009170370370356784 0.005185185185177504 0.006399999999990518 0.004785185185178096 0.007777777777766255 0.010222222222207079 0.028029629629588104 0.03453333333328217 0.6553333333323624
0.036818181818119834 0.032777777777722596 0.011969696969676818 0.008905723905708913 0.0075252525252398565 0.0053367003366913525 0.005084175084166525 0.007356902356889972 0.008030303030289511 0.009865319865303257 0.010235690235673004 0.014579124579100034 0.018720538720507204 0.026531986531941866 0.011430976430957187 0.013367003366980863 0.0061952861952757655 0.012558922558901417 0.006296296296285696 0.010723905723887671 0.00792929292927958 0.015101010100984679 0.01441077441075015 0.028737373737325357 0.03501683501677606 0.6344949494938813
0.03225559105429249 0.02902236421723385 0.009156549520760922 0.0057891373801879946 0.004722044728431488 0.004805111821083192 0.0053099041533512395 0.007591054313094191 0.008402555910537762 0.011041533546318823 0.01254313099040732 0.02304792332266898 0.03744408945684508 0.040383386581443845 0.013412140575071303 0.013322683706061775 0.007233226837056081 0.011182108626190937 0.006357827476034276 0.00826837060702347 0.0061341853035104576 0.010159744408939195 0.01252396166133385 0.027412140575062357 0.07097124600634443 0.5815079872200757
0.043787629994456054 0.038893718406840375 0.016726230722147 0.01001320068255576 0.007453556135085718 0.004861714800855047 0.004781222833953474 0.0058598151904345605 0.005956405550716449 0.007743327215931383 0.010029299075936074 0.019945909398209945 0.025515953507798842 0.021008403361310716 0.009143887440018764 0.009063395473117191 0.005360764995644804 0.006181783058040855 0.004749026047192844 0.004845616407474732 0.005827618403673931 0.008757525998891211 0.014424160468761995 0.0335651501979562 0.03456325058753572 0.6409414340438505
0.037508143322463355 0.0349153094462427 0.012416938110745141 0.007026058631919536 0.004934853420193832 0.004250814332246173 0.004403908794786839 0.005052117263842002 0.005879478827359648 0.007648208469052883 0.009983713355045607 0.015426710097714845 0.023986970684031276 0.01707491856676968 0.010169381107488544 0.008084690553743295 0.005872964169379194 0.005583061889248996 0.004485342019542513 0.005397394136806059 0.00582410423452579 0.007970684039085352 0.013342019543969595 0.03171986970683006 0.03518241042344131 0.6758599348532001
0.025883076923060994 0.02191999999998651 0.011864615384608083 0.009679999999994042 0.007919999999995125 0.007323076923072417 0.006781538461534288 0.010639999999993452 0.013870769230760695 0.018923076923065277 0.02153230769229444 0.0345415384615172 0.03303999999997967 0.045643076923048836 0.024732307692292472 0.0299507692307508 0.01966153846152636 0.021981538461524935 0.013901538461529906 0.01908307692306518 0.013827692307683798 0.01975999999998784 0.019458461538449563 0.02500923076921538 0.058689230769194654 0.4643815384612527
0.032960451977363886 0.028937853107311933 0.013536723163826512 0.010949152542360509 0.00811299435027332 0.007887005649708602 0.00813559322032979 0.010361581920892246 0.012440677966087638 0.015412429378513658 0.01911864406777501 0.032225988700528556 0.05161581920898122 0.04762711864401398 0.018926553672295 0.01392090395478653 0.008745762711854524 0.008711864406769817 0.006451977401122653 0.008248587570612148 0.00957062146891574 0.011875706214675846 0.015683615819191317 0.02568361581918002 0.02759322033895187 0.5452655367225477
0.048383999999980644 0.041659999999983335 0.008127999999996749 0.003259999999998696 0.001779999999999288 0.00119999999999952 0.0014639999999994143 0.001519999999999392 0.001819999999999272 0.002271999999999091 0.0031319999999987473 0.005383999999997846 0.0067719999999972915 0.00692399999999723 0.004031999999998388 0.003935999999998426 0.002667999999998933 0.003531999999998587 0.002311999999999075 0.002983999999998806 0.0029119999999988352 0.005039999999997984 0.009879999999996048 0.03579599999998568 0.042135999999983145 0.7510719999996995
0.04326892109493837 0.03600644122377455 0.014009661835726233 0.007423510466976774 0.005056360708526479 0.005136876006432952 0.004186795491136575 0.006618357487912048 0.005732689210940849 0.008663446054736451 0.008663446054736451 0.01442834138483989 0.015104669887254259 0.02421900161026696 0.006779388083724993 0.007632850241533602 0.00420289855071787 0.00719806763283865 0.003929146537835863 0.003993558776161041 0.004605475040250232 0.006940418679537938 0.01289855072461691 0.030628019323622177 0.03803542673101765 0.6746376811583339
0.030583333333321198 0.02886111111109966 0.010365079365075252 0.00825793650793323 0.006833333333330621 0.006496031746029168 0.0060277777777753856 0.007448412698409743 0.008813492063488566 0.011757936507931843 0.014781746031740166 0.023706349206339798 0.030214285714273724 0.03301190476189166 0.018583333333325958 0.016738095238088595 0.010702380952376706 0.010646825396821172 0.008253968253964978 0.010083333333329333 0.008924603174599633 0.011003968253963888 0.01459126984126405 0.03217460317459041 0.0430198412698242 0.5881190476188143
0.027981981981965175 0.022390390390376942 0.013177177177169264 0.010420420420414161 0.01021621621621008 0.011213213213206478 0.012048048048040811 0.01371771771770948 0.014552552552543813 0.018018018018007197 0.020060060060048013 0.025303303303288106 0.027183183183166856 0.029387387387369738 0.018420420420409356 0.017531531531521 0.01291891891891116 0.014468468468459778 0.01016816816816206 0.0140180180180096 0.012024024024016802 0.016276276276266502 0.018792792792781506 0.02927327327325569 0.05572972972969626 0.5247087087083936
0.04556803995000553 0.025193508114824976 0.01682896379523492 0.011685393258412377 0.009975031210973814 0.011098626716590388 0.013171036204727626 0.01545568039948133 0.016142322097358126 0.015205992509344311 0.015680399500604642 0.021622971285865638 0.025418227215948292 0.02656679151057857 0.01636704119848144 0.013258426966275582 0.01037453183519304 0.010749063670398566 0.00811485642945304 0.008789013732822985 0.008826466916343537 0.012446941323330279 0.018551810237180336 0.03031210986263382 0.03466916354552476 0.5579275905111636
0.009163366336629127 0.009435643564351764 0.005123762376235087 0.005039603960393544 0.004891089108908469 0.00459405940593832 0.003950495049502995 0.0068118811881154396 0.007376237623758724 0.011618811881182366 0.012648514851478887 0.019599009900980395 0.022900990098998562 0.04797029702967922 0.01536633663365576 0.02302970297028563 0.01190099009900401 0.030861386138598585 0.010282178217816691 0.022034653465335625 0.012262376237617691 0.026455445544541357 0.017178217821773673 0.026222772277214743 0.2378118811880011 0.3954702970295072
0.01698483462885137 0.01261240664531644 0.008621018137470831 0.007716049382708699 0.004972565157745606 0.0054393385154650215 0.005267870751404828 0.006858710562407733 0.006487197073610647 0.009659350708724224 0.011564548087170815 0.023757811309229007 0.04146662094189008 0.09189719554937138 0.01602270995273584 0.026796601127851323 0.01205989940556693 0.032883706751988186 0.00923068129857374 0.01762307575063098 0.008078036884613551 0.019928364578551357 0.013698369151030999 0.021985977747273677 0.18334666971480781 0.38504039018405634
0.04378333333329685 0.030008333333308327 0.020933333333315887 0.016233333333319805 0.012799999999989334 0.010374999999991355 0.009424999999992146 0.010749999999991041 0.013049999999989124 0.014399999999988 0.01626666666665311 0.019516666666650404 0.027158333333310702 0.022074999999981602 0.013724999999988562 0.012249999999989792 0.009466666666658777 0.009666666666658611 0.0077999999999935 0.009683333333325264 0.011108333333324076 0.013441666666655465 0.017616666666651987 0.02764166666664363 0.03966666666663361 0.5611583333328657
0.026122850122837285 0.02381326781325611 0.005999999999997052 0.0030073710073695295 0.002334152334151187 0.0025012285012272722 0.002923832923831487 0.003739557739555902 0.004373464373462224 0.005523341523338809 0.006147420147417127 0.010412776412771297 0.016442260442252363 0.027479115479101975 0.009144963144958652 0.01331203931203277 0.006235872235869171 0.016191646191638234 0.005444717444714769 0.011454545454539826 0.0065847665847633486 0.014909090909083583 0.012992628992622608 0.026383292383279418 0.24749385749373587 0.4890319410317007
0.040705128205062974 0.031874999999948916 0.018974358974328566 0.017243589743562108 0.013926282051259734 0.012532051282031198 0.010689102564085434 0.010160256410240128 0.012580128205108045 0.012932692307671582 0.01706730769228034 0.020961538461504867 0.021618589743555097 0.019887820512788642 0.012580128205108045 0.010641025641008588 0.00798076923075644 0.008509615384601748 0.0068429487179377515 0.007548076923064827 0.008028846153833287 0.01046474358972682 0.014647435897412424 0.02905448717944062 0.036522435897377366 0.5860256410247019
0.021883058470758054 0.018764617691148795 0.005157421289353776 0.003277361319339347 0.0020929535232377533 0.00174812593703096 0.0015592203898046298 0.0027946026986498365 0.0032413793103438556 0.00488755622188759 0.00617391304347641 0.012716641679156607 0.015757121439275636 0.03561919040478692 0.009634182908542838 0.016113943028480925 0.005916041979008721 0.020854572713636926 0.005619190404795916 0.014971514242874072 0.007409295352321616 0.019736131934027065 0.015367316341824477 0.02477361319339587 0.35487556221878414 0.3690554722637574
0.04543920991282444 0.03659060238001995 0.013433934486545463 0.007223040117765883 0.005183413078141971 0.0037572077045703637 0.003864556496129517 0.004370629370622668 0.004539320328787052 0.006348914243641349 0.0071156913262067295 0.009722733406929022 0.009385351490600255 0.013050545945262773 0.006778309409877962 0.00890994969940972 0.005505459452819431 0.0075604220340946505 0.0044779781621818214 0.005812170285845583 0.004968715495023665 0.008235185866752185 0.011839038154809472 0.03177524230150936 0.04211139737449069 0.6920009814736044
0.042618666666643934 0.03977599999997879 0.010959999999994155 0.0063413333333299515 0.004954666666664024 0.004266666666664391 0.0033866666666648605 0.004047999999997841 0.00425599999999773 0.005263999999997193 0.006506666666663196 0.012394666666660056 0.019066666666656497 0.016303999999991305 0.007013333333329593 0.006239999999996672 0.004239999999997739 0.0051519999999972525 0.0038453333333312825 0.004629333333330864 0.0046186666666642034 0.008154666666662317 0.012458666666660023 0.034287999999981715 0.03961599999997887 0.6895999999996322
0.03465846994530784 0.03151639344257989 0.01601092896172676 0.009617486338784675 0.008715846994523612 0.00774590163933368 0.009836065573757054 0.011693989071022275 0.011516393442607218 0.014166666666647313 0.017609289617462283 0.025792349726740722 0.03137978142072216 0.029357923497227652 0.017035519125659787 0.01523224043713766 0.010573770491788833 0.011366120218563707 0.008811475409824028 0.009918032786871697 0.009726775956270865 0.013346994535500893 0.012581967213097565 0.02468579234969305 0.03127049180323597 0.5758333333325467
0.028555910543112743 0.024127795527141133 0.010287539936095663 0.009386581469642564 0.009597444089450737 0.011795527156541984 0.013821086261972 0.01672204472842382 0.02015335463257498 0.0253482428114854 0.030811501597424403 0.04030031948879214 0.04660702875396383 0.045661341853005966 0.031597444089436676 0.026523961661324903 0.018952076677304183 0.018044728434493264 0.011738019169321573 0.013565495207659064 0.01015335463258137 0.012319488817883502 0.012281150159736562 0.02278594249199822 0.03594249201275659 0.45292012779523777
0.041201982651745725 0.03639405204456457 0.013593556381643626 0.009999999999987609 0.007434944237909002 0.006964064436174765 0.0078190830235343 0.008166047087970054 0.007992565055752177 0.009132589838898225 0.010198265179665182 0.014299876084244982 0.016964064436162374 0.017187112763299643 0.009999999999987609 0.010966542750915778 0.007905824039643239 0.007930607187102937 0.006022304832706292 0.007199504337041884 0.00685254027260613 0.008674101610893836 0.01371747211894211 0.02900867410157496 0.037657992565009096 0.6467162329607847
0.04518438177872226 0.039140997830785625 0.014629067245112959 0.008524945770061378 0.005210412147503163 0.004255965292839802 0.004212581344900559 0.0038524945770048364 0.004099783080258525 0.004099783080258525 0.004451193058566398 0.006334056399129573 0.007895878524942345 0.008616052060733789 0.0054273318871993805 0.005757049891537632 0.004125813449022071 0.005084598698479356 0.004212581344900559 0.00532754880693912 0.005405639913229759 0.008590021691970243 0.014498915401295227 0.03342733188718723 0.04038177874184799 0.7072537960951378
0.03505979938265969 0.031266075102830394 0.012876157407386709 0.009693287037021455 0.007153420781881505 0.00718557098764277 0.0072498713991653 0.011236496913562185 0.012876157407386709 0.019177597736594686 0.019499099794207338 0.026491769547282516 0.02546296296292203 0.027359825102836677 0.018164866255114834 0.01766653806581522 0.010979295267472062 0.01424254115224048 0.0087287808641835 0.01046489197529182 0.006799768518507588 0.013487011316850747 0.013085133744834932 0.02496463477362242 0.06055491255134299 0.5482735339497359
0.042555891238644984 0.03630815709967595 0.016265861027180504 0.01031419939576416 0.008525679758303005 0.006918429003016968 0.005788519637458738 0.006048338368576406 0.006416918428999144 0.008386706948635416 0.010386706948634207 0.014543806646516892 0.017546827794551332 0.01468277945618448 0.010120845921444035 0.00874924471298565 0.005897280966763808 0.007166163141989628 0.006761329305131866 0.008561933534738029 0.00853172205437551 0.01279154078549076 0.017552870090623836 0.02819939577037571 0.04256193353471748 0.6384169184286173
0.039072922191621146 0.03441181670598966 0.012584984811205 0.008470353761819968 0.006975585450910562 0.007698860440060275 0.007923879325573518 0.009916903740119394 0.010141922625632637 0.0103187231785359 0.011829564266981967 0.014497645338067574 0.017278235851909803 0.016988925856249917 0.008132825433550102 0.009322210971262963 0.006188019351614209 0.008952537087919777 0.006718421010323997 0.008181043766160082 0.006477329347274094 0.009032900975603077 0.014095825899651067 0.02923638233918505 0.03145442563924417 0.6540977546319268
0.028384384384367335 0.02438438438436974 0.011345345345338532 0.009561561561555819 0.007513513513509001 0.0075675675675630225 0.007273273273268905 0.01006606606606002 0.011237237237230488 0.016066066066056418 0.018750750750739488 0.03221021021019087 0.03464264264262184 0.04213213213210683 0.024930930930915956 0.024522522522507795 0.01634834834833853 0.015309309309300115 0.009651651651645854 0.013381381381373344 0.010978978978972384 0.015183183183174064 0.016240240240230488 0.02861861861860143 0.04574774774772027 0.5179519519516409
0.03902345251819969 0.03303216711515918 0.01568307061384134 0.012302960399826503 0.009851980007673568 0.00865051903112801 0.00965974625142628 0.00981994104829902 0.010636934512349998 0.01228694092013923 0.014689862873230344 0.019976291170030795 0.02571126489807492 0.022875816993427407 0.012655388952946534 0.011021402024844577 0.006984493143651505 0.0076412918108297425 0.005895168524916866 0.007208765859273342 0.006744200948342394 0.010973343585782754 0.016035499166961367 0.02726515442774051 0.030501089324569877 0.6128732538757323
0.0317213114753665 0.02441256830597758 0.011106557377034008 0.007991803278677607 0.0063387978141989905 0.006311475409827443 0.006161202185783933 0.008838797814195574 0.009166666666654144 0.013920765027303387 0.019316939890683994 0.038155737704865904 0.04773224043709326 0.06147540983598159 0.025614754098325664 0.019590163934399468 0.00982240437157128 0.009221311475397238 0.0051775956284082275 0.005027322404364717 0.004617486338791506 0.006639344262286012 0.009795081967199734 0.022295081967182658 0.03346994535514553 0.5560792349719179
0.03139130434781667 0.026980509745119344 0.007697151424285548 0.004731634182907127 0.004110944527734899 0.004185907046475507 0.004170914542727385 0.006335832083956121 0.006776611694150891 0.011283358320836196 0.013349325337327331 0.023604197901042397 0.026638680659662177 0.03840479760118788 0.020830584707639932 0.021313343328329442 0.011445277361315908 0.015049475262364304 0.00718140929535017 0.009043478260866853 0.006161919040477913 0.009388305847073647 0.012476761619186663 0.02803898050973672 0.03483358320838536 0.6145757121437437
