0.030799999999948667 0.026033333333289943 0.014866666666641888 0.01078333333331536 0.008399999999986 0.008316666666652806 0.008283333333319527 0.011149999999981416 0.010399999999982666 0.013466666666644223 0.014599999999975667 0.024333333333292777 0.031099999999948166 0.02954999999995075 0.015516666666640805 0.014733333333308778 0.009749999999983749 0.010866666666648555 0.006283333333322861 0.007883333333320194 0.006949999999988417 0.01123333333331461 0.01638333333330603 0.027216666666621304 0.04591666666659014 0.5851833333323581
0.03989473684208777 0.025026315789462707 0.022021929824551745 0.01783771929823779 0.013991228070169302 0.012710526315783899 0.012144736842099936 0.012793859649117195 0.013442982456134454 0.01521929824560736 0.017456140350869537 0.025460526315778307 0.030820175438582974 0.024346491228059496 0.01612719298244907 0.013837719298239544 0.01033771929824108 0.010403508771925262 0.009824561403504463 0.010973684210521502 0.012342105263152481 0.015100877192975834 0.018438596491219983 0.024320175438585823 0.05420175438594114 0.5209254385962627
0.04119519519517045 0.02981981981980191 0.017837837837827126 0.012534534534527006 0.011297297297290513 0.010870870870864342 0.01096696696696038 0.010462462462456178 0.011651651651644654 0.013117117117109238 0.017183183183172863 0.022648648648635045 0.026378378378362537 0.02243843843842496 0.01564564564563625 0.012864864864857137 0.009867867867861941 0.010018018018012002 0.009135135135129648 0.010120120120114042 0.010534534534528208 0.012360360360352938 0.0165225225225126 0.026192192192176462 0.03620420420418246 0.5721321321317885
0.03569718309856641 0.030669014084485444 0.01602816901407322 0.012239436619709691 0.010654929577457286 0.010302816901401194 0.010704225352105138 0.009788732394359304 0.010795774647879721 0.012753521126751582 0.016049295774636586 0.02040845070421098 0.024147887323926656 0.0210281690140697 0.014077464788722481 0.011478873239428537 0.009176056338021706 0.009556338028162284 0.008260563380275874 0.0093028169014019 0.009704225352105841 0.011936619718301454 0.01423239436618716 0.026218309859136466 0.03661971830983336 0.5981690140840858
0.04540262172280393 0.03785580524341025 0.008239700374524121 0.005861423220968294 0.004897003745313767 0.005543071161043499 0.0064232209737767575 0.00877340823969216 0.009119850187257379 0.010093632958792047 0.01324906367039958 0.019213483146049426 0.019185393258409 0.018511235955038848 0.011385767790251512 0.008941947565534698 0.005140449438197434 0.004999999999995318 0.003286516853929507 0.0034456928838919047 0.003146067415727391 0.003726591760296136 0.007312734082390157 0.03236891385764759 0.0397378277153186 0.6641385767784044
0.043170007423872926 0.02720118782477565 0.023637713437250456 0.023095768374147663 0.019576837416466535 0.016577579806966163 0.013793615441712105 0.014224201930204733 0.014699331848541426 0.01698589458053676 0.01961395694133659 0.02405345211579506 0.029079435783200387 0.02403860430584704 0.01870824053450727 0.015879732739409146 0.013370452858193488 0.013793615441712105 0.013622865627309856 0.014780994803255544 0.015330363771332345 0.01706755753525088 0.01861172976984513 0.022731997030421135 0.0406161841128132 0.485738678544554
0.02987499999998444 0.023557291666654396 0.01603124999999165 0.011583333333327301 0.010140624999994718 0.009338541666661803 0.008687499999995475 0.011270833333327464 0.01082812499999436 0.012374999999993554 0.014354166666659191 0.025255208333320178 0.03830729166664672 0.03322916666664936 0.015499999999991926 0.01628645833332485 0.01107812499999423 0.013692708333326201 0.00915624999999523 0.011979166666660428 0.012005208333327081 0.01745312499999091 0.020614583333322598 0.029062499999984864 0.04588541666664277 0.5424531249997174
0.04589066666665443 0.03441066666665749 0.015543999999995855 0.009314666666664183 0.006162666666665023 0.005039999999998656 0.004581333333332112 0.00513599999999863 0.005893333333331762 0.00657333333333158 0.008221333333331141 0.01148533333333027 0.02129066666666099 0.01470933333332941 0.007981333333331205 0.006311999999998317 0.004695999999998748 0.004919999999998688 0.004111999999998904 0.004839999999998709 0.005343999999998575 0.00835999999999777 0.013845333333329641 0.03200799999999147 0.040986666666655736 0.672341333333154
0.024978666666660005 0.021549333333327588 0.007903999999997892 0.005509333333331864 0.005429333333331885 0.005914666666665089 0.007159999999998091 0.010823999999997114 0.01403733333332959 0.02159999999999424 0.03023199999999194 0.049210666666653545 0.057594666666651306 0.054495999999985466 0.02953066666665879 0.025663999999993158 0.01689066666666216 0.017562666666661984 0.009594666666664108 0.012583999999996645 0.008517333333331063 0.012762666666663263 0.012234666666663403 0.02407199999999358 0.048069333333320516 0.46607733333320905
0.0230755287008924 0.016797583081560846 0.009703927492441266 0.00951057401812114 0.009063444108755854 0.008398791540780423 0.008368580060417904 0.011540785498482453 0.01468277945618448 0.021444108761316347 0.02799999999998308 0.05024773413894245 0.0692205438066047 0.06317220543802829 0.03180060422958803 0.030126888217504456 0.016483383685790644 0.0176555891238564 0.008652567975825587 0.01271299093654821 0.009703927492441266 0.016332326283978047 0.01660422960724072 0.022132930513581794 0.040163141993933435 0.4344048338365955
0.033087719298226265 0.031222222222203964 0.01446198830408511 0.00840350877192491 0.005947368421049154 0.005140350877189976 0.004941520467833367 0.005608187134499645 0.006245614035084067 0.007789473684205971 0.011315789473677593 0.019187134502912755 0.02995906432746786 0.022953216374255583 0.01377777777776972 0.00888304093566732 0.006584795321633576 0.0065789473684172055 0.005192982456137314 0.005637426900581498 0.00592397660818367 0.007491228070171058 0.013122807017536186 0.02857309941518797 0.03059064327483591 0.6613801169586776
0.03945833333330045 0.0353999999999705 0.02178333333331518 0.014499999999987917 0.010533333333324556 0.00846666666665961 0.007308333333327243 0.0070333333333274725 0.007808333333326826 0.008016666666659986 0.008983333333325847 0.01149166666665709 0.013874999999988438 0.01419166666665484 0.008716666666659403 0.009774999999991854 0.007258333333327285 0.008266666666659778 0.007241666666660632 0.009008333333325826 0.010066666666658277 0.01211666666665657 0.016208333333319825 0.029941666666641716 0.04052499999996623 0.6320249999994733
0.047997714710852464 0.03700972576528153 0.016920440051009168 0.01361208545917463 0.009911777210877768 0.007839073129246492 0.006716358418362885 0.0063244047619005605 0.006078603316322493 0.0062579719387713525 0.007241177721083625 0.012004411139447807 0.01923894557821851 0.014229910714276262 0.009068080357136833 0.008038371598634115 0.0064572704081589756 0.0073541135204032776 0.0064572704081589756 0.008191167091831294 0.00887542517006213 0.011366656037407415 0.013804740646249333 0.030419589710864146 0.04361979166663769 0.6349649234689659
0.03266933333332462 0.02529066666665992 0.014653333333329426 0.011026666666663727 0.009458666666664145 0.009018666666664262 0.008930666666664285 0.010442666666663882 0.011338666666663643 0.013895999999996295 0.01744533333332868 0.028135999999992497 0.03839199999998976 0.027762666666659264 0.014591999999996108 0.012391999999996696 0.008725333333331007 0.009426666666664153 0.007405333333331358 0.009018666666664262 0.008810666666664317 0.011850666666663507 0.0168719999999955 0.02940533333332549 0.039762666666656066 0.5732773333331804
0.03320120120118126 0.02568768768767226 0.01464864864863985 0.012750750750743093 0.011921921921914762 0.012132132132124846 0.0122702702702629 0.014588588588579827 0.01790390390389315 0.021891891891878745 0.028930930930913555 0.04639039039036253 0.05843243243239734 0.041879879879854726 0.022096096096082825 0.016006006005996394 0.012264264264256898 0.012348348348340931 0.0102642642642581 0.01156756756756062 0.011081081081074426 0.011201201201194473 0.012708708708701076 0.02318918918917526 0.030684684684666255 0.4739579579576733
0.03200624512097423 0.02402810304447773 0.014199843871963935 0.013278688524579798 0.012950819672121038 0.014168618266967862 0.018024980483982805 0.020702576112396016 0.026362217017934144 0.03201405152222325 0.03435597189692868 0.03700234192034582 0.03463700234189333 0.030195160031202033 0.0242310694769522 0.02155347384853899 0.017790788446512263 0.017088212334100635 0.01352068696329936 0.014730679156897165 0.013075722092105327 0.012919594067124965 0.012974238875868092 0.019875097580000098 0.030601092896150976 0.4577127244336786
0.04458612975388174 0.037382550335542594 0.014996271439213277 0.008545861297532776 0.00583892617449229 0.0053914988814277465 0.004944071588363203 0.005033557046976112 0.0043922445935836 0.004645786726320175 0.005234899328855157 0.006778523489927831 0.007479492915728949 0.007039522744215481 0.00407904548843842 0.004466815809094357 0.002706935123040487 0.003885160328110451 0.002654735272182957 0.003803131991048618 0.004108873974642722 0.006271439224454682 0.011752423564495337 0.03457121551078705 0.040753169276628816 0.7186577181202695
0.032921348314591946 0.02859775280897591 0.017698876404486426 0.012916853932578465 0.009680898876400144 0.008274157303367068 0.00860224719100737 0.009559550561793455 0.010296629213478518 0.012768539325836959 0.01595955056179058 0.022710112359540353 0.03161797752807568 0.024620224719090058 0.013788764044937623 0.011523595505612797 0.009208988764040804 0.009150561797748697 0.007146067415727125 0.007820224719097608 0.008220224719097429 0.011676404494376775 0.01718651685392486 0.027096629213470967 0.03244494382021014 0.5985123595502928
0.02981231231228993 0.022815315315298186 0.012139639639630526 0.01031531531530757 0.010495495495487617 0.011816816816807945 0.013566066066055881 0.015698198198186412 0.019954954954939975 0.027515015014994357 0.03392642642640096 0.03838588588585707 0.041028528528497726 0.03436186186183606 0.02399399399397598 0.02062312312310764 0.015600600600588889 0.015165165165153779 0.010442942942935103 0.010247747747740054 0.009459459459452358 0.010668168168160158 0.013183183183173287 0.02427177177175355 0.034564564564538616 0.48994744744707963
0.023291291291277303 0.021975975975962778 0.013489489489481388 0.011351351351344534 0.01069069069068427 0.011003003002996394 0.009507507507501798 0.011135135135128447 0.012600600600593032 0.01649849849848859 0.025453453453438166 0.047957957957929155 0.06995795795791594 0.05530330330327009 0.03042642642640815 0.021225225225212477 0.013879879879871543 0.011789789789782708 0.009093093093087631 0.008342342342337331 0.007741741741737092 0.009309309309303718 0.01249249249248499 0.022198198198184867 0.03022822822821007 0.48305705705676694
0.029015015014997588 0.02380780780779351 0.01454654654653781 0.012012012012004797 0.011753753753746694 0.011621621621614642 0.012996996996989191 0.016738738738728685 0.021213213213200473 0.02891891891890155 0.039993993993969974 0.05034234234231211 0.04521921921919206 0.033693693693673456 0.022090090090076824 0.01735135135134093 0.013675675675667461 0.012054054054046814 0.00981381381380792 0.010450450450444173 0.010324324324318124 0.011321321321314522 0.01249249249248499 0.021537537537524604 0.027207207207190866 0.47980780780751964
0.04627049180321548 0.03583333333328438 0.01923497267756935 0.012991803278670775 0.009986338797800564 0.007322404371574696 0.006612021857914464 0.005355191256823285 0.004904371584692754 0.004918032786878527 0.00707650273223077 0.009207650273211465 0.01155737704916454 0.011434426229492575 0.005614754098352985 0.006734972677586428 0.0038114754098308584 0.004931693989064301 0.0034562841530007427 0.0050819672131078115 0.005396174863380606 0.007909836065562965 0.012909836065556134 0.03292349726771458 0.04124316939885076 0.677281420764102
0.03566285714283676 0.02483428571427152 0.01696571428570459 0.013765714285706419 0.012022857142850273 0.012628571428564212 0.012914285714278335 0.013537142857135122 0.015388571428562635 0.017497142857132858 0.02086285714284522 0.02647999999998487 0.034657142857123055 0.028148571428555345 0.018114285714275362 0.01635428571427637 0.012405714285707197 0.012999999999992571 0.011045714285707975 0.012588571428564234 0.012348571428564372 0.013965714285706305 0.015142857142848489 0.0219771428571303 0.05435999999996894 0.5133314285711352
0.04496296296293734 0.03593732193730146 0.011230769230762832 0.006301994301990711 0.00434757834757587 0.004205128205125809 0.004535612535609951 0.004962962962960135 0.005772079772076483 0.007521367521363236 0.009555555555550111 0.012849002848995528 0.015544159544150686 0.013219373219365687 0.008307692307687574 0.007242165242161116 0.004518518518515944 0.004467236467233922 0.0035327635327615198 0.004245014245011826 0.004962962962960135 0.007549857549853248 0.011943019943013137 0.03286609686607814 0.0427749287749044 0.6866438746434834
0.03619259259253897 0.034548148148096966 0.013155555555536066 0.008755555555542584 0.0070962962962857834 0.006725925925915962 0.006237037037027797 0.006518518518508862 0.00842962962961714 0.010311111111095835 0.015377777777754996 0.02402962962959403 0.039259259259201096 0.026118518518479825 0.01399999999997926 0.009274074074060334 0.006029629629620697 0.0066666666666567904 0.005733333333324839 0.006918518518508269 0.006281481481472176 0.00826666666665442 0.012133333333315358 0.025022222222185152 0.03048888888884372 0.6264296296287016
0.0280539861895618 0.025668549905821927 0.013747645951027152 0.009045825486497775 0.008411801632135335 0.009052102950402353 0.00879472693031463 0.010991839296917142 0.01334588826113412 0.01659761456370584 0.02033270558693011 0.032178279974869946 0.049441305712461116 0.034720652856224284 0.019460138104193683 0.01682360326427067 0.011242937853100286 0.011242937853100286 0.007966101694910254 0.007840552416818681 0.007156308851219613 0.008951663527929095 0.012303829252974071 0.025247959824215162 0.028361581920886152 0.5630194601377507
0.03109599999998756 0.026979999999989207 0.014251999999994299 0.010143999999995943 0.00895199999999642 0.009291999999996282 0.010119999999995952 0.01197599999999521 0.013759999999994495 0.0164999999999934 0.019203999999992317 0.02785599999998886 0.03215599999998714 0.03092799999998763 0.018171999999992732 0.014639999999994144 0.010939999999995623 0.011403999999995439 0.009667999999996133 0.010135999999995945 0.009279999999996288 0.01109999999999556 0.01445199999999422 0.0280039999999888 0.03778799999998488 0.5611999999997755
0.03698133333332347 0.030021333333325326 0.01172266666666354 0.0075413333333313225 0.005810666666665117 0.005319999999998581 0.005445333333331881 0.0062613333333316635 0.007474666666664674 0.009477333333330807 0.010397333333330561 0.013770666666662995 0.01579733333332912 0.018103999999995173 0.012079999999996779 0.011594666666663575 0.008455999999997745 0.009927999999997352 0.007706666666664612 0.009021333333330928 0.00859733333333104 0.012378666666663365 0.01593066666666242 0.03197599999999147 0.09450666666664147 0.5936986666665084
0.03670076726340834 0.027800511508937188 0.01937084398975991 0.01625575447569501 0.013815856777486538 0.012312020460351758 0.011861892583114137 0.012501278772372122 0.013780051150888092 0.01447570332480078 0.017928388746793898 0.025079283887455204 0.034414322250621784 0.026480818414308705 0.017304347826078106 0.013181585677742618 0.010572890025570039 0.010557544757027847 0.009498721227616625 0.010209718670071505 0.011063938618920173 0.013335038363164534 0.017989769820962665 0.02568286445011474 0.037104859335019384 0.5407212276212068
0.03170914542727685 0.026128935532226047 0.013166416791600249 0.009580209895049601 0.008599700149922458 0.008851574212890899 0.008608695652171332 0.010233883058467695 0.012590704647672387 0.01689355322338324 0.023397301349318323 0.038224887556210424 0.05298050974511155 0.04189805097450018 0.024245877061461994 0.01596401799099971 0.009880059970012029 0.008338830584705146 0.0071094452773591875 0.007211394302846413 0.0074452773613171075 0.008842578710642026 0.012344827586203195 0.02439580209894321 0.03216791604196936 0.5391904047974395
0.05294444444437091 0.02726388888885102 0.02118055555552614 0.02009722222219431 0.018263888888863523 0.016194444444421953 0.01418055555553586 0.012638888888871335 0.011902777777761246 0.012527777777760377 0.014611111111090818 0.016763888888865607 0.02052777777774927 0.021291666666637094 0.015277777777756558 0.014027777777758295 0.011944444444427854 0.013291666666648206 0.010819444444429418 0.012319444444427334 0.012902777777759857 0.015458333333311864 0.017083333333309605 0.02451388888885484 0.038333333333280095 0.5336388888881477
0.038448753462568375 0.0319759926130822 0.020036934441348072 0.01649122807016021 0.013370267774687562 0.01132040627884458 0.010184672206823467 0.009907663896574416 0.01083102493073792 0.012059095106175383 0.013887349953819125 0.02006463527237298 0.02510618651890572 0.01974145891041575 0.012132963988908464 0.010470914127414153 0.007396121883649681 0.0084025854108879 0.007257617728525154 0.009002770083094181 0.009196675900268516 0.012446906740524056 0.017303785780224096 0.028254847645403272 0.0365835641735581 0.5881255771001033
0.025654970760218915 0.024532163742675712 0.009345029239760617 0.0069181286549667145 0.00585380116958722 0.005292397660815618 0.006637426900580914 0.007771929824556859 0.010385964912274628 0.015339181286540738 0.021883040935659716 0.025538011695891497 0.024280701754371765 0.017660818713439965 0.011210526315782917 0.008391812865492168 0.005807017543856253 0.006035087719294716 0.004555555555552891 0.004590643274851117 0.004596491228067487 0.005859649122803591 0.007730994152042262 0.020146198830397574 0.21736257309928808 0.49661988304064525
0.033355555555530846 0.02719259259257245 0.01971111111109651 0.01639259259258045 0.011666666666658025 0.010296296296288669 0.011288888888880527 0.013466666666656692 0.01594074074072893 0.018488888888875194 0.02225185185183537 0.030725925925903164 0.052170370370331724 0.03259999999997585 0.01670370370369133 0.014362962962952324 0.011288888888880527 0.011066666666658469 0.009207407407400586 0.009288888888882008 0.010562962962955138 0.013488888888878897 0.016874074074061576 0.02457777777775957 0.03173333333330983 0.5152962962959146
0.03765624999996731 0.028932291666641553 0.01985243055553832 0.014314236111098685 0.010277777777768856 0.008515624999992607 0.00907118055554768 0.009270833333325285 0.010763888888879546 0.01267361111110011 0.015208333333320131 0.020329861111093462 0.02406249999997911 0.019722222222205103 0.013012152777766482 0.010633680555546325 0.006944444444438416 0.007361111111104721 0.0056597222222173095 0.00596354166666149 0.0064236111111055354 0.010868055555546121 0.01648437499998569 0.026631944444421327 0.03438368055552571 0.614982638888355
0.020840840840828323 0.017579579579569023 0.009717717717711882 0.007039039039034811 0.00608408408408043 0.005891891891888353 0.0058858858858823505 0.009183183183177668 0.012174174174166863 0.020762762762750294 0.028954954954937565 0.052906906906875134 0.06156756756753059 0.07024024024019805 0.04214414414411883 0.035243243243222075 0.019213213213201675 0.01710510510509483 0.009861861861855939 0.012126126126118844 0.00891291291290756 0.011753753753746694 0.013675675675667461 0.020396396396384145 0.0418258258258007 0.4389129129126493
0.03628182356421771 0.03201302545883244 0.01778567199525294 0.01388395500295211 0.011101243339247424 0.009893428063937304 0.009692125518052284 0.010177619893422038 0.011965660153930156 0.013078744819412031 0.017187685020712145 0.020775606867956913 0.023451746595604825 0.020367081113072606 0.013789224393123866 0.013203078744811603 0.009881586737708774 0.010100651272936589 0.009555950266424182 0.009526346950852856 0.009443457667253142 0.011788040260502198 0.015677915926574495 0.026642984014193818 0.0368975725281013 0.5858377738303222
0.049166666666612034 0.03802222222217998 0.015511111111093876 0.009744444444433618 0.0070222222222144194 0.0058666666666601485 0.004977777777772247 0.005711111111104766 0.005711111111104766 0.006499999999992778 0.008577777777768247 0.010811111111099099 0.009899999999989 0.009755555555544715 0.006111111111104321 0.006133333333326519 0.004655555555550383 0.0055999999999937775 0.0037777777777735803 0.0058888888888823454 0.006011111111104432 0.009099999999989889 0.011533333333320519 0.03275555555551916 0.04364444444439595 0.6775111111103583
0.0342342342342062 0.0281818181817951 0.012514332514322265 0.00967239967239175 0.007616707616701379 0.0068714168714112435 0.006781326781321227 0.006928746928741254 0.007567567567561369 0.010286650286641863 0.013505323505312444 0.02171990171988393 0.029049959049935258 0.02221130221128402 0.012563472563462274 0.013955773955762526 0.01016380016379184 0.010417690417681886 0.008665028665021569 0.009221949221941668 0.008280098280091498 0.01111384111383201 0.01459459459458264 0.028460278460255152 0.034742014741986287 0.6206797706792624
0.02091733333332218 0.024159999999987115 0.010053333333327972 0.0072533333333294646 0.005685333333330301 0.004789333333330779 0.005530666666663717 0.0069759999999962794 0.008639999999995393 0.012314666666660099 0.01593066666665817 0.026741333333319073 0.044991999999976 0.030602666666650347 0.015791999999991577 0.015306666666658503 0.008335999999995554 0.008159999999995648 0.00545599999999709 0.007002666666662932 0.005983999999996809 0.010565333333327698 0.013791999999992643 0.02703466666665225 0.12247466666660134 0.5355093333330477
0.0334277286135496 0.027451327433612123 0.013728613569313434 0.011250737463120206 0.011014749262530375 0.012259587020641735 0.012135693215332073 0.013994100294976995 0.016690265486715816 0.020619469026536507 0.024501474926239233 0.030365781710896537 0.034395280235967905 0.03105014749260705 0.023646017699101095 0.01933923303833667 0.016430678466067 0.014879056047188862 0.012997050147484958 0.012371681415921905 0.011616519174034445 0.012283185840700718 0.013038348082588178 0.02180530973450041 0.03060176991148637 0.5181061946899598
0.03175126903551688 0.02970050761419812 0.015543147208113938 0.010700507614207766 0.009401015228421624 0.008020304568523847 0.008147208121823275 0.008989847715731478 0.009131979695426836 0.010527918781720545 0.01391878172588126 0.019390862944152595 0.033111675126886744 0.021918781725877197 0.013365482233495754 0.010355329949233322 0.007365482233498799 0.0073756345177627535 0.0064923857867987345 0.007203045685275532 0.007923857868016282 0.01051776649745659 0.015969543147200015 0.029786802030441734 0.034081218274094376 0.6193096446697364
0.0390570570570336 0.0338018018017815 0.01081681681681032 0.006672672672668665 0.005441441441438173 0.005561561561558221 0.005219219219216084 0.00563363363363025 0.007993993993989193 0.01019219219218607 0.013459459459451376 0.017639639639629046 0.018918918918907558 0.015537537537528205 0.00936336336335774 0.007339339339334931 0.004822822822819926 0.004870870870867946 0.003663663663661463 0.00405405405405162 0.004384384384381751 0.006372372372368545 0.01066666666666026 0.030756756756738283 0.03623423423421247 0.6815255255251162
0.02894894894893156 0.023717717717703472 0.014636636636627846 0.011705705705698675 0.009819819819813922 0.009135135135129648 0.010054054054048016 0.011351351351344534 0.012708708708701076 0.01695495495494477 0.021063063063050412 0.028822822822805513 0.03282282282280311 0.030858858858840325 0.019213213213201675 0.016918918918908756 0.011729729729722685 0.01196996996996278 0.009033033033027608 0.010276276276270105 0.008882882882877547 0.011261261261254497 0.01396996996996158 0.024660660660645848 0.03733333333331091 0.5621501501498125
0.02479429735233206 0.019368635437873986 0.009046843177185725 0.008509164969446635 0.00791446028512916 0.0075234215885916405 0.006757637474538999 0.008167006109976307 0.00810590631364232 0.00974338085539318 0.010896130346227741 0.017723014256611925 0.02526680244398156 0.04937678207737296 0.010207739307531483 0.010435845213845036 0.0049083503054969824 0.004977596741342168 0.003743380855395624 0.0031486761710781473 0.0029164969450089953 0.0036537678207724422 0.0048920570264745855 0.013714867617102356 0.3066109979632152 0.4175967413440254
0.02714114114112484 0.022888888888875143 0.013501501501493393 0.011645645645638652 0.010030030030024006 0.010732732732726286 0.0115195195195126 0.013561561561553416 0.015897897897888348 0.02040840840839615 0.029855855855837925 0.05186786786783672 0.0833453453452953 0.05489489489486193 0.027483483483466978 0.019561561561549812 0.013039039039031208 0.012288288288280907 0.009795795795789913 0.010510510510504199 0.010408408408402157 0.01156756756756062 0.01231831831831092 0.02115315315314045 0.02794594594592916 0.4466366366363684
0.046548148148079185 0.03906666666660879 0.01559999999997689 0.009822222222207671 0.006503703703694069 0.005614814814806497 0.004711111111104132 0.004370370370363896 0.004311111111104725 0.004799999999992889 0.005392592592584604 0.006429629629620104 0.006444444444434897 0.008281481481469212 0.004711111111104132 0.006074074074065076 0.003540740740735495 0.004088888888882832 0.0035999999999946665 0.004385185185178688 0.004785185185178096 0.006829629629619511 0.012044444444426601 0.03524444444439223 0.04155555555549399 0.7052444444433996
0.03599875156052684 0.02775905118600015 0.01396379525592137 0.011117353308357605 0.010187265917596637 0.009831460674151166 0.009868913857671743 0.010661672908857264 0.011841448189755405 0.014257178526832549 0.01677902621721799 0.023071161048674738 0.0283021223470485 0.02648564294630057 0.017927590511848984 0.014937578027456343 0.010774032459418992 0.01170411985017996 0.009182272159794518 0.008632958801492738 0.007846441947560645 0.009943820224712893 0.012559300873899776 0.0257677902621562 0.036148564294609144 0.584450686641333
0.04016152716590297 0.029449339207026835 0.024955947136545552 0.01672540381790255 0.011886930983838556 0.010359765051387401 0.009999999999992657 0.010513950073413719 0.010668135095440038 0.011475770925101707 0.014530102790004017 0.018707782672526645 0.02193832599117332 0.01952276064609433 0.012804698972090451 0.011938325991180661 0.009456681350947535 0.010124816446394916 0.008237885462549017 0.009096916299552792 0.009537444933913702 0.014441997063131835 0.01933920704844395 0.027202643171786195 0.03970631424373002 0.5772173274591944
0.034822822822801906 0.02248048048046698 0.015495495495486188 0.01454654654653781 0.015831831831822324 0.01622222222221248 0.01650450450449459 0.018090090090079225 0.020924924924912356 0.025153153153138045 0.0292912912912737 0.0433153153152893 0.056552552552518585 0.04162762762760262 0.021423423423410557 0.01487087087086194 0.011207207207200476 0.01058858858858223 0.01024024024023409 0.011411411411404558 0.012852852852845133 0.015879879879870343 0.017063063063052816 0.022420420420406956 0.032636636636617034 0.4485465465462771
0.04829714285711526 0.026377142857127785 0.024805714285700112 0.02011428571427422 0.014868571428562932 0.012405714285707197 0.011765714285707562 0.011251428571422141 0.011719999999993303 0.012845714285706945 0.01330285714284954 0.017937142857132608 0.02176571428570185 0.01803428571427541 0.011788571428564692 0.010794285714279546 0.008474285714280872 0.009577142857137384 0.008994285714280575 0.010274285714279843 0.011205714285707883 0.015405714285705483 0.021268571428559275 0.026834285714270382 0.06361142857139222 0.5362799999996936
0.04196396396393876 0.03721321321319086 0.01389789789788955 0.007969969969965183 0.005813813813810322 0.00490690690690396 0.0043063063063037196 0.004012012012009602 0.004012012012009602 0.005081081081078029 0.006354354354350538 0.007825825825821125 0.009465465465459781 0.008276276276271305 0.005669669669666265 0.005489489489486192 0.00413213213212965 0.0050210210210180056 0.003951951951949579 0.005069069069066024 0.004948948948945976 0.008114114114109242 0.013603603603595433 0.03239639639637694 0.03841441441439134 0.7120900900896624
0.04430769230766504 0.03302153846151814 0.01675076923075892 0.011944615384608033 0.00956923076922488 0.00912615384614823 0.007963076923072023 0.007359999999995471 0.0075384615384568995 0.009679999999994042 0.011009230769223994 0.013083076923068872 0.015126153846144538 0.015039999999990745 0.010024615384609215 0.010055384615378428 0.007593846153841481 0.00787692307691823 0.006233846153842318 0.007212307692303254 0.007199999999995569 0.010172307692301432 0.015827692307682568 0.030276923076904445 0.042935384615358195 0.6330707692303796
0.037455999999980026 0.03220799999998282 0.014341333333325684 0.009413333333328312 0.007909333333329115 0.007023999999996254 0.006613333333329806 0.007407999999996049 0.007989333333329072 0.00961066666666154 0.011615999999993805 0.014143999999992456 0.01646399999999122 0.015439999999991766 0.009861333333328073 0.00874133333332867 0.006090666666663419 0.006261333333329994 0.0048959999999973886 0.005402666666663785 0.005973333333330147 0.008463999999995486 0.012735999999993208 0.02618133333331937 0.055919999999970174 0.6518346666663191
0.031314641744528776 0.02474766355138645 0.013999999999991276 0.01055451713394981 0.009433021806847705 0.00923364485980733 0.00886604361370164 0.010024922118373816 0.012068535825537652 0.014211838006221675 0.0195514018691467 0.031563862928329245 0.035252336448576164 0.032747663551381465 0.021719626168210767 0.018710280373820116 0.012841121495319102 0.013619937694695564 0.010205607476629155 0.011115264797500862 0.010024922118373816 0.013183800623044745 0.014953271028028067 0.025140186915872186 0.037208722741409836 0.547707165108693
0.03449249249247178 0.02531531531530011 0.012474474474466982 0.008630630630625446 0.007951951951947176 0.007693693693689073 0.006630630630626648 0.007843843843839134 0.008018018018013202 0.010180180180174065 0.011981981981974785 0.020012012011999994 0.031087087087068414 0.028084084084067217 0.014078078078069623 0.014498498498489791 0.010156156156150056 0.0130210210210132 0.009465465465459781 0.01387387387386554 0.012702702702695074 0.017957957957947173 0.01975375375374189 0.032726726726707074 0.07170570570566263 0.5496636636633335
0.028282666666659125 0.020114666666661302 0.010890666666663763 0.008866666666664302 0.007831999999997912 0.0077839999999979245 0.008021333333331195 0.011183999999997018 0.013317333333329783 0.019421333333328156 0.026317333333326316 0.04273066666665527 0.04887999999998697 0.05004533333331999 0.03284266666665791 0.026823999999992847 0.01666133333332889 0.014615999999996103 0.010306666666663918 0.010642666666663829 0.009541333333330789 0.01132799999999698 0.013530666666663058 0.021298666666660988 0.03283733333332458 0.4958826666665344
0.03232153941649142 0.025400372439462818 0.016859093730591645 0.011570453134691763 0.008938547486027971 0.008168839230286674 0.008243327126003574 0.011297330850396463 0.013227808814392783 0.0153320918683952 0.01969584109247691 0.02909373060209243 0.043606455617601736 0.03245189323399599 0.020260707634996735 0.01586592178769965 0.01093109869645504 0.010459342023581342 0.008243327126003574 0.008472998137797347 0.008808193668523397 0.012371198013648435 0.016772191185588595 0.023823711980121773 0.03224084419613145 0.5555431409059246
0.04363999999997506 0.038582857142835096 0.014759999999991566 0.007348571428567229 0.00445714285714031 0.0035714285714265304 0.0028914285714269194 0.003131428571426782 0.0031999999999981713 0.0031657142857124767 0.0034685714285694466 0.005954285714282311 0.008651428571423628 0.00725714285713871 0.0036628571428550497 0.0037999999999978286 0.0025142857142842773 0.003068571428569675 0.002914285714284049 0.0034971428571408587 0.004428571428568898 0.006954285714281741 0.013234285714278152 0.03509142857140852 0.06267999999996418 0.7080742857138811
0.03887804878042459 0.028975609756050447 0.02003252032517068 0.01642276422761557 0.014406504065017225 0.015024390243878008 0.014617886178838019 0.01689430894306196 0.018569105691026717 0.02001626016256908 0.02508943089426815 0.030422764227592807 0.03287804878043434 0.030991869918648794 0.019414634146309895 0.01730081300810195 0.014829268292658813 0.014715447154447617 0.01234146341461408 0.014048780487782034 0.012520325203231673 0.012878048780466864 0.013902439024367639 0.02258536585362181 0.031999999999947966 0.49024390243822724
0.037219628592162164 0.02664176781822735 0.017055711173351154 0.014038800705461546 0.011034339661786062 0.009602655877161696 0.008320365183106828 0.009179375453881448 0.01061520904657719 0.01245772383026768 0.016769374416426282 0.02435522357089974 0.03466334682019518 0.02579105716359548 0.01539993775287254 0.01167341010477781 0.00967320261437507 0.009536258948019696 0.009054881211740199 0.009689801846660571 0.010121381886083568 0.011511567589994186 0.014507729017526918 0.024425770308113114 0.03672165162359717 0.5799398277827243
0.03234977578474369 0.029766816143488858 0.015584454409561858 0.00949476831090897 0.007790732436470018 0.007536621823615086 0.007940209267561154 0.008765321375184225 0.01092077727951841 0.012744394618830271 0.01680717488788735 0.022669656203281714 0.025635276532129856 0.024083707025403862 0.017808669656197963 0.015485799701041709 0.01161434977578128 0.010520179372194164 0.009058295964122852 0.008965620328846348 0.008547085201791167 0.009817638266065824 0.013309417040354765 0.026385650224207358 0.03257698056800222 0.6038206278025101
0.02365765765764345 0.0187807807807695 0.011147147147140452 0.009021021021015603 0.008168168168163263 0.009651651651645854 0.011723723723716682 0.01649849849848859 0.020642642642630243 0.027783783783767096 0.040444444444420156 0.06687087087083071 0.07990390390385592 0.06565765765761822 0.03727927927925689 0.024858858858843928 0.017087087087076826 0.014528528528519803 0.010450450450444173 0.009681681681675866 0.008966966966961582 0.009873873873867943 0.011207207207200476 0.01739939939938895 0.024816816816801913 0.4038978978976553
0.044044444444379195 0.0400888888888295 0.013170370370350858 0.008607407407394655 0.006325925925916554 0.005007407407399989 0.004725925925918925 0.0044888888888822386 0.005288888888881053 0.00527407407406626 0.00635555555554614 0.007614814814803534 0.009274074074060334 0.009985185185170392 0.007303703703692883 0.007644444444433119 0.006177777777768625 0.0073185185185076764 0.00583703703702839 0.005985185185176318 0.005659259259250875 0.00899259259257927 0.012340740740722458 0.029022222222179227 0.037022222222167375 0.6964444444434127
0.03274944567625074 0.031167775314093742 0.015151515151503953 0.010561714708048365 0.008100517368804065 0.0073392461197285 0.007324464153727033 0.007124907612707225 0.008972653362890633 0.010554323725047632 0.013651145602355025 0.019209164818906718 0.032697708795245604 0.021278640059112137 0.01335550628232568 0.010110864745003613 0.00725794530672043 0.007376201034732168 0.006319290465627258 0.008011825572795261 0.008595713229853218 0.010399113082032225 0.014937176644482677 0.028750923872853842 0.03305247597928082 0.6259497413151324
0.03022933333332527 0.023895999999993627 0.013903999999996293 0.01081333333333045 0.009077333333330913 0.009077333333330913 0.008882666666664298 0.010941333333330416 0.011925333333330153 0.015127999999995966 0.017754666666661933 0.030509333333325197 0.04060266666665584 0.03278666666665792 0.017767999999995263 0.01695733333332881 0.011378666666663633 0.012522666666663327 0.009141333333330896 0.012101333333330107 0.011314666666663649 0.0155013333333292 0.018319999999995114 0.03018399999999195 0.04725866666665406 0.5320239999998582
0.026200267022689933 0.020264352469954536 0.012192256341785796 0.011217623497994334 0.010712950600798207 0.01253137516688584 0.01356742323097101 0.017092122830436023 0.01896662216287878 0.02365020026701638 0.027957276368483858 0.03958611481974911 0.04513217623496792 0.04291588785045583 0.026453938584772643 0.02306275033377221 0.016694259012011565 0.017636849132171527 0.01285180240320084 0.014194926568754554 0.012958611481972507 0.015409879839782268 0.016168224299061104 0.021535380507337373 0.04549532710279159 0.45555140186903725
0.03903703703699573 0.03170370370367016 0.02029629629627482 0.013724867724853202 0.009756613756603432 0.0072804232804155765 0.007301587301579575 0.00824338624337752 0.009841269841259426 0.010952380952369363 0.013343915343901223 0.016804232804215023 0.016507936507919038 0.015227513227497113 0.010275132275121402 0.0103068783068674 0.006518518518511621 0.007037037037029591 0.0055026455026396795 0.005809523809517662 0.006793650793643605 0.010624338624327382 0.01632804232802505 0.028074074074044365 0.03445502645499 0.6382539682532928
0.03338754500092103 0.031074338407099826 0.012600265268732551 0.009394934630195324 0.007042253521121201 0.0052895850438914845 0.005108002273728046 0.006158024379455758 0.006497505210630884 0.009079138508171951 0.012094991473495156 0.019224088928172785 0.021300448430476456 0.022089938735534886 0.01308974925786878 0.013137118676172285 0.008739657676996826 0.010144950420000833 0.006592244047237896 0.007800164213977294 0.007681740668218529 0.011510768647751917 0.01578980610116861 0.031532242784033715 0.03584285984965275 0.6377976378445037
0.027067266495272566 0.025166023993131337 0.009790059982856796 0.006453513281915995 0.005087832047983565 0.004359468723219601 0.004739717223647847 0.006823050556980065 0.007631748071975347 0.010298843187655152 0.013838903170515296 0.02515531276776716 0.03931555269920774 0.043267994858588656 0.016313196229639934 0.015520565552690916 0.008456512425016893 0.011991216795194949 0.00667844901456369 0.009607969151665806 0.007604970008564907 0.012628534704363417 0.01664524421592939 0.02857219365893928 0.11932305055691982 0.5176628106252583
0.03438399999999083 0.026402666666659625 0.013079999999996513 0.011015999999997063 0.010679999999997152 0.010559999999997184 0.011751999999996866 0.015050666666662653 0.01815733333332849 0.02155999999999425 0.025525333333326527 0.029367999999992168 0.03140799999999162 0.02785599999999257 0.019349333333328174 0.015367999999995902 0.011661333333330224 0.010821333333330447 0.008530666666664391 0.008850666666664307 0.009367999999997502 0.011309333333330318 0.014562666666662782 0.025085333333326645 0.034167999999990886 0.5441253333331882
0.03152595372105595 0.02517198248903992 0.011550969355840181 0.0098186366478988 0.010231394621632126 0.010318949343333134 0.011369606003745234 0.013295809881167419 0.016566604127569377 0.020906816760462223 0.024984365228252044 0.030150093808611538 0.03776110068790634 0.03264540337709028 0.022545340838009666 0.018636647904928933 0.013208255159466411 0.01358348968104216 0.0102689180737897 0.0102689180737897 0.007823639774854394 0.009862414008749305 0.011457160725446244 0.024652908067526794 0.0313633520950398 0.540031269543127
0.038808122983473595 0.03252230024671379 0.01184285443157645 0.007663693300433607 0.0060239134560614825 0.005511482254695194 0.005898652495727501 0.006710950844559988 0.007401784019735281 0.00872271778325727 0.010776238375399212 0.014739039665965178 0.016796356044783908 0.01653444676408558 0.011186183336492243 0.00936040994495754 0.006380717403679491 0.00656671095084207 0.0051888403871682715 0.005743025241979221 0.005788574682100669 0.007553615486806774 0.011694818751181744 0.030954640349200625 0.04011387360028844 0.6695160371984553
0.03958860759491165 0.03343037974681429 0.014841772151889341 0.009841772151892506 0.008113924050627776 0.007240506329109341 0.006094936708856902 0.005753164556958384 0.006354430379742814 0.007797468354425445 0.009911392405057017 0.017436708860748457 0.022006329113910122 0.01908227848100058 0.008354430379741548 0.00906329113923477 0.005531645569616752 0.0063607594936668605 0.0046898734177185505 0.005746835443034337 0.006056962025312622 0.009094936708855004 0.014202531645560632 0.029740506329095102 0.03762025316453315 0.6560443037970531
0.027477333333326005 0.020898666666661094 0.012730666666663271 0.009927999999997352 0.009445333333330815 0.010658666666663824 0.012578666666663312 0.01488799999999603 0.018471999999995076 0.025543999999993187 0.03450933333332413 0.05317333333331915 0.06566933333331582 0.05154933333331959 0.03288799999999123 0.026370666666659635 0.018431999999995084 0.015245333333329269 0.010994666666663735 0.010722666666663808 0.010346666666663907 0.011306666666663651 0.013655999999996359 0.02034666666666124 0.028887999999992295 0.4332799999998845
0.031099999999948166 0.02578333333329036 0.012949999999978416 0.009616666666650639 0.011383333333314361 0.009633333333317277 0.010683333333315528 0.013133333333311445 0.016766666666638723 0.021099999999964834 0.024816666666625305 0.037533333333270774 0.04998333333325003 0.04389999999992683 0.022966666666628388 0.014333333333309444 0.008166666666653055 0.006333333333322777 0.004299999999992833 0.005016666666658305 0.00584999999999025 0.0072333333333212775 0.011633333333313945 0.025549999999957416 0.028466666666619223 0.5417666666657637
0.038971428571400735 0.030292857142835503 0.013199999999990572 0.009985714285707154 0.00745714285713753 0.00777142857142302 0.008928571428565051 0.010671428571420949 0.012399999999991142 0.01574999999998875 0.01883571428570083 0.023499999999983215 0.03689285714283079 0.025778571428553016 0.01788571428570151 0.01623571428570269 0.010842857142849398 0.011357142857134744 0.009607142857135995 0.009842857142850112 0.008485714285708225 0.009885714285707224 0.01197142857142002 0.02481428571426799 0.032642857142833825 0.5759928571424457
0.028106666666651677 0.022309333333321434 0.013749333333326 0.010757333333327596 0.009338666666661687 0.009647999999994855 0.011103999999994079 0.013322666666659561 0.01765866666665725 0.024719999999986815 0.036463999999980554 0.054298666666637706 0.057525333333302654 0.04669866666664176 0.029615999999984204 0.0198719999999894 0.01222399999999348 0.010842666666660884 0.008922666666661907 0.009098666666661814 0.007909333333329115 0.008426666666662173 0.010826666666660892 0.022410666666654713 0.03132799999998329 0.4728213333330812
0.028451935081130805 0.02085518102370733 0.01323970037452357 0.011304619225960483 0.009650436953801717 0.009931335830206035 0.012228464419468022 0.01732833957551977 0.021903870162283456 0.027659176029945283 0.03485642946314928 0.04767790262169309 0.05744694132330996 0.04363295880147089 0.027446941323328686 0.020074906367028668 0.013820224719092496 0.012590511860166922 0.010024968789007474 0.010362047440692659 0.0106054931335764 0.011229712858919333 0.012927590511852105 0.01931335830211029 0.024563046192244344 0.4708739076151867
0.03541838842973377 0.02824896694213417 0.014302685950405835 0.01209710743801028 0.010717975206606034 0.010640495867763099 0.010697314049581252 0.012489669421481152 0.014039256198339855 0.016482438016520412 0.0188894628099076 0.025061983471061436 0.026942148760316663 0.021931818181806853 0.012417355371894413 0.010371900826440924 0.008238636363632108 0.008569214876028632 0.007355371900822647 0.008026859504128086 0.008254132231400695 0.010402892561978098 0.014338842975199205 0.027128099173539706 0.035449380165270945 0.5914876033054796
0.03559882005897605 0.031362831858388576 0.015386430678456998 0.011598820058990208 0.009646017699109354 0.008200589970496637 0.00713274336282765 0.008631268436573079 0.00864306784660257 0.01138643067845936 0.013321533923295976 0.019079646017687857 0.026572271386415002 0.023415929203526007 0.01204129793509614 0.010076696165185795 0.007787610619464432 0.007705014749257991 0.005976401179937477 0.006737463126839683 0.006943952802355785 0.009032448377575792 0.013710914454269196 0.02969321533921552 0.03638348082593724 0.6239351032444697
0.02992527472526157 0.023296703296693057 0.016672527472520144 0.015230769230762536 0.013832967032960953 0.013868131868125771 0.014413186813180478 0.015793406593399652 0.01834285714284908 0.02189010989010027 0.028738461538448907 0.04577582417580405 0.06493626373623519 0.045309890109870195 0.02672967032965858 0.020659340659331577 0.016224175824168692 0.014984615384608798 0.013129670329664559 0.012967032967027267 0.01379340659340053 0.014676923076916626 0.015054945054938438 0.021331868131858753 0.029015384615371863 0.4334065934064029
0.03518394648825509 0.030903010033410363 0.015774804905222102 0.012675585284266806 0.010880713489397011 0.009409141583044137 0.00916387959865199 0.009487179487168911 0.009921962095864078 0.01266443701224898 0.014860646599760467 0.019375696766979512 0.021995540691168342 0.023400222965414268 0.012720178372338105 0.012887402452605477 0.008617614269778575 0.011583054626519974 0.007993311036780387 0.009565217391293684 0.008528428093635977 0.012062430323286442 0.015975473801542947 0.02803790412482939 0.04575250836115301 0.5905797101442691
0.03369835739171621 0.028901194624173156 0.014596814335481212 0.010925833748126602 0.008903683424583808 0.00871702339471832 0.008076157292180142 0.0090156794425031 0.009830761572915734 0.010148083623687066 0.014354156296656076 0.02117346938774193 0.035932055749106566 0.020557491289185815 0.013918616226969936 0.010179193628664648 0.008188153310099434 0.008188153310099434 0.006601543056242782 0.007086859133893052 0.0064895470383234885 0.008157043305121854 0.012307117969131217 0.025279990044782676 0.04239671478344799 0.6163763066198256
0.035305135951640296 0.03104531722052505 0.014283987915399225 0.010296072507546649 0.007613293051354916 0.007685800604224963 0.007879154078545088 0.009141993957698404 0.009999999999993958 0.011975830815702734 0.013957703927484013 0.021637462235636472 0.033963746223544436 0.024580060422945874 0.010616314199389356 0.010302114803619153 0.007027190332322038 0.007081570996974573 0.005256797583078394 0.0059637462235613515 0.006501510574014198 0.009184290030205931 0.013788519637453905 0.03056797583079724 0.037649546827771815 0.6166948640479657
0.03946745562122393 0.029092702169567865 0.018777120315544817 0.013412228796817726 0.01285996055224288 0.014023668639025594 0.01777120315578349 0.019684418145917783 0.019092702169587587 0.019013806706076896 0.02161735700192975 0.023984220907250525 0.026449704141959664 0.024911242603501162 0.014773175542377172 0.01392504930963723 0.011242603550273683 0.011400394477295068 0.009388560157772409 0.010946745562108586 0.01071005917157651 0.011932938855992243 0.014023668639025594 0.021538461538419058 0.034201183431885204 0.5357593688352352
0.041274924471274156 0.03435045317218468 0.019148036253764864 0.013244712990928553 0.011280966767364784 0.008876132930508231 0.007335347432019737 0.00662839879153678 0.006543806646521726 0.007716012084587482 0.010326283987909168 0.01540785498488495 0.01887613293050219 0.01667673716011077 0.010229607250749105 0.009015105740175822 0.007087613293047077 0.0075166163141948536 0.005812688821748754 0.007407854984889784 0.008942598187305775 0.011963746223557725 0.016749244712980817 0.029293051359498917 0.03947432024166799 0.6288217522654811
0.028114114114097227 0.025249249249234086 0.012060060060052816 0.007945945945941174 0.006828828828824727 0.008528528528523406 0.00903903903903361 0.011249249249242492 0.01334534534533733 0.017561561561551014 0.023171171171157256 0.0383063063062833 0.05045645645642615 0.04196996996994476 0.025195195195180063 0.017939939939929164 0.011447447447440572 0.009633633633627847 0.007303303303298917 0.007783783783779109 0.00728528528528091 0.009645645645639852 0.011561561561554618 0.02388588588587154 0.030354354354336123 0.5441381381378113
0.044199999999963165 0.034116666666638235 0.017183333333319013 0.011616666666656986 0.009766666666658527 0.008241666666659798 0.006758333333327701 0.006149999999994875 0.006308333333328076 0.00699166666666084 0.00906666666665911 0.014041666666654965 0.014533333333321222 0.013483333333322097 0.007441666666660465 0.008058333333326617 0.005866666666661777 0.006874999999994271 0.006233333333328139 0.00782499999999348 0.008116666666659902 0.011074999999990771 0.015991666666653342 0.029508333333308743 0.038899999999967586 0.6516499999994569
0.037256371814081785 0.03383508245876047 0.013835082458766466 0.007955022488753237 0.005601199400298171 0.004917541229383833 0.004356821589204091 0.00505547226386655 0.0052983508245861176 0.007064467766114823 0.009211394302845814 0.01495652173912595 0.02020689655171808 0.01529235382308387 0.008794602698648037 0.006836581709143377 0.0043748125937018364 0.004437781109443947 0.0031874062968506186 0.003946026986505563 0.0043748125937018364 0.006830584707644129 0.012125937031480622 0.03325937031483261 0.03907046476760448 0.6879190404795539
0.0235865384615309 0.021490384615377726 0.011131410256406689 0.008038461538458962 0.007243589743587422 0.008637820512817744 0.01099358974358622 0.01403846153845704 0.019826923076916723 0.028839743589734346 0.043695512820498814 0.05307692307690606 0.04666666666665171 0.03766346153844947 0.024887820512812537 0.01935576923076303 0.013874999999995552 0.01115384615384258 0.008919871794868936 0.008304487179484519 0.007631410256407811 0.00869871794871516 0.011580128205124494 0.02128205128204446 0.027381410256401482 0.5019999999998391
0.040119940029972975 0.034182908545716886 0.014449775112439445 0.009679160419787202 0.0075322338830562125 0.006413793103446352 0.006182908545725283 0.005847076461767362 0.006239880059968144 0.007250374812591529 0.008680659670162315 0.011448275862065533 0.012872563718137069 0.012014992503744524 0.008281859070462284 0.007616191904045692 0.005541229385305685 0.005724137931032766 0.005046476761617677 0.006119940029983172 0.006749625187404273 0.009388305847073647 0.013853073463264212 0.03305247376310853 0.040515742128923386 0.675196401798898
0.03626946107782259 0.03369461077842294 0.012832335329333634 0.008694610778437908 0.006610778443109814 0.005580838323349951 0.005155688622751404 0.005844311377242009 0.006083832335325699 0.007892215568857549 0.011311377245502208 0.02405389221555446 0.051005988023921554 0.029814371257467175 0.013706586826339098 0.012197604790411858 0.010143712574844225 0.008904191616761136 0.0068443113772414105 0.006958083832331163 0.007790419161671982 0.010281437125742346 0.013467065868255409 0.027203592814354968 0.03411377245506939 0.6035449101792794
0.04069999999996608 0.03105833333330745 0.020966666666649196 0.015383333333320514 0.011391666666657174 0.009891666666658423 0.009541666666658715 0.009774999999991854 0.009974999999991687 0.011091666666657424 0.013024999999989146 0.017891666666651755 0.021158333333315703 0.017749999999985208 0.010774999999991021 0.010533333333324556 0.007983333333326681 0.00918333333332568 0.007441666666660465 0.008133333333326555 0.008249999999993126 0.010808333333324326 0.015549999999987041 0.03009166666664159 0.04167499999996527 0.5999749999995
0.02753333333330274 0.029499999999967223 0.013599999999984888 0.009577777777767136 0.008833333333323519 0.008511111111101654 0.0074333333333250744 0.008922222222212308 0.01052222222221053 0.014199999999984222 0.01753333333331385 0.026455555555526162 0.03588888888884901 0.029844444444411283 0.01762222222220264 0.015166666666649814 0.00981111111110021 0.008055555555546604 0.006955555555547827 0.0072777777777696916 0.007077777777769914 0.008955555555545605 0.01304444444442995 0.024877777777750135 0.03106666666663215 0.6017333333326648
0.03018473895581521 0.026294511378841687 0.01383935742971517 0.010680053547520567 0.009668005354749754 0.010099062918337324 0.010564926372152459 0.013362784471214629 0.015095046854078958 0.018934404283796804 0.02371619812583033 0.036358768406951444 0.04623293172689525 0.036222222222212525 0.021949129852738433 0.017060240963850854 0.013670682730920035 0.012463186077640572 0.010206157965191377 0.009919678714856783 0.009831325301202187 0.010910307898256784 0.013796519410973549 0.024572958500662764 0.03142436412315089 0.522942436412176
0.03834133333332311 0.029191999999992214 0.015781333333329126 0.01011466666666397 0.008466666666664409 0.00851199999999773 0.009114666666664236 0.010474666666663874 0.012005333333330133 0.014423999999996153 0.016538666666662257 0.021279999999994324 0.02254933333332732 0.0213679999999943 0.01386666666666297 0.013426666666663086 0.010215999999997276 0.010794666666663788 0.008253333333331132 0.008767999999997661 0.008093333333331175 0.011074666666663714 0.016301333333328987 0.029066666666658917 0.048479999999987075 0.5834959999998444
0.0296319999999921 0.02517333333332662 0.014167999999996222 0.010429333333330551 0.008351999999997773 0.007194666666664748 0.0067413333333315355 0.008213333333331144 0.008877333333330966 0.011375999999996967 0.014349333333329507 0.021663999999994223 0.02691466666665949 0.027677333333325952 0.015973333333329075 0.01754666666666199 0.011519999999996929 0.015077333333329312 0.009293333333330855 0.013709333333329677 0.01165066666666356 0.01794133333332855 0.018682666666661685 0.029509333333325463 0.09479733333330806 0.5235359999998603
0.03601395730704597 0.033329228243007665 0.013571428571423001 0.008366174055825794 0.00584975369457888 0.005192939244661251 0.004872742200326407 0.005570607553363888 0.006260262725777397 0.00804597701149095 0.010743021346465213 0.016063218390798002 0.019462233169121733 0.01687602627257107 0.011252052545151374 0.008977832512311585 0.00644499178981673 0.006153530377665782 0.0056527093596035905 0.006469622331688641 0.006711822660095767 0.009215927750406725 0.014051724137925267 0.0303284072249465 0.03670771756977147 0.6678160919537488
0.041622418879025354 0.030892330383458042 0.019328908554558016 0.013989675516213872 0.01146017699114199 0.010317109144535165 0.009660766961644793 0.009682890855450087 0.009786135693208122 0.010066371681408505 0.011467551622410421 0.01384955752211368 0.016017699115032435 0.01553097345131598 0.009786135693208122 0.009948377581113608 0.007131268436572912 0.007588495575215642 0.007264011799404673 0.008879056047191093 0.008790560471969919 0.011769911504416098 0.01616519174040106 0.028672566371660272 0.03908554572268504 0.6212463126839076
0.03354700854699063 0.030422008546992296 0.012713675213668422 0.008947649572644793 0.006853632478628817 0.0072916666666627715 0.008044871794867497 0.00893162393161916 0.009620726495721356 0.010849358974353178 0.014166666666659099 0.02143696581195436 0.03060363247861613 0.021762820512808888 0.012286324786318224 0.010539529914524285 0.007558760683756646 0.006581196581193066 0.005096153846151124 0.004882478632476025 0.004588675213672762 0.00569978632478328 0.008605769230764634 0.029326923076907412 0.0341452991452809 0.6454967948714501
0.030462462462444165 0.026798798798782702 0.012828828828821123 0.008654654654649457 0.00758558558558103 0.007645645645641054 0.008054054054049216 0.009681681681675866 0.011603603603596635 0.015063063063054017 0.017471471471460977 0.02649249249247658 0.05235435435432291 0.027477477477460974 0.01559759759758823 0.013675675675667461 0.009171171171165664 0.009033033033027608 0.006336336336332531 0.007549549549545015 0.007123123123118845 0.009531531531525807 0.013159159159151257 0.028090090090073218 0.03543543543541415 0.5831231231227729
0.036872817955093826 0.03424937655858641 0.010718204488772708 0.0059401496259322 0.004129675810471756 0.0038753117206963214 0.00447880299251647 0.004728179551119836 0.005825436408974651 0.008254364089771444 0.011007481296752615 0.015506234413957353 0.019810473815451465 0.016643391521188707 0.011152119700742567 0.0089177057356564 0.0067481296758071085 0.006478802992515472 0.004972568578551136 0.004947630922690799 0.004573566084785749 0.005965087281792536 0.010074812967576022 0.029556109725671045 0.03336658354113049 0.6912069825432962
0.02919576719575175 0.02732804232802787 0.015153439153431135 0.011428571428565381 0.009396825396820425 0.008746031746027118 0.009767195767190599 0.01185185185184558 0.014666666666658907 0.01835449735448764 0.025322751322737924 0.03776190476188478 0.04655026455023992 0.03030687830686227 0.017994708994699474 0.01537566137565324 0.011751322751316533 0.01110582010581423 0.008724867724863108 0.008566137566133034 0.008354497354492934 0.009751322751317591 0.012095238095231695 0.02406349206347933 0.03296825396823652 0.5434179894177019
0.025567999999993183 0.02341333333332709 0.011845333333330174 0.009493333333330802 0.008594666666664376 0.008863999999997636 0.008674666666664353 0.010506666666663864 0.011983999999996805 0.015914666666662424 0.02407199999999358 0.05055199999998652 0.08669066666664355 0.05981866666665071 0.02622133333332634 0.015381333333329231 0.010175999999997286 0.00997599999999734 0.009141333333330896 0.009594666666664108 0.00926399999999753 0.009290666666664189 0.01157866666666358 0.02254933333332732 0.02906399999999225 0.48177066666653817
0.029789789789771898 0.025549549549534204 0.013393393393385349 0.00923723723723169 0.008534534534529408 0.009951951951945974 0.011801801801794713 0.01654654654653661 0.02037837837836614 0.026156156156140448 0.034240240240219676 0.04409609609606961 0.04224624624622087 0.03187987987986073 0.021501501501488586 0.017231231231220882 0.013315315315307318 0.011459459459452577 0.009033033033027608 0.009441441441435772 0.009699699699693873 0.010420420420414161 0.013399399399391351 0.022180180180166858 0.027579579579563016 0.5109369369366301
0.024682666666653502 0.022410666666654713 0.007823999999995827 0.00523733333333054 0.00469866666666416 0.004341333333331018 0.004346666666664349 0.005605333333330344 0.007002666666662932 0.00926399999999506 0.01277333333332652 0.0196266666666562 0.02202133333332159 0.021434666666655236 0.013253333333326265 0.010111999999994606 0.006517333333329858 0.0061493333333300535 0.004063999999997832 0.004341333333331018 0.004154666666664451 0.004986666666664007 0.006378666666663264 0.016895999999990988 0.2638773333331926 0.48799999999973975
0.025634551494999578 0.024166112956794574 0.012398671096337277 0.008803986710957605 0.007687707641190905 0.007920265780725634 0.008299003322253622 0.010970099667766797 0.01147508305647078 0.016777408637862607 0.02212624584716138 0.03388704318934625 0.03654485049831459 0.03901661129565514 0.026146179401975982 0.02005315614616608 0.01258471760796506 0.011774086378729717 0.008990033222585389 0.009295681063116746 0.007853820598001425 0.01060465116278365 0.01283056478404463 0.023774086378721745 0.034916943521571486 0.5554684385378369
0.038118012422336575 0.03398136645960622 0.0160745341614807 0.011236024844713519 0.008714285714280302 0.007826086956516877 0.007024844720492531 0.007590062111796528 0.008130434782603646 0.008385093167696655 0.010236024844714139 0.013975155279494425 0.018652173913031894 0.014770186335394552 0.00998136645962113 0.008621118012417005 0.007024844720492531 0.006242236024840843 0.005645962732915748 0.006149068322977547 0.006844720496890159 0.008956521739124871 0.011565217391297164 0.026180124223586225 0.09045341614901214 0.607621118012045
0.028273435536550057 0.024001005277693607 0.012476214411366534 0.010393853444865068 0.009945068753808718 0.010776816381233154 0.011626515396299844 0.01380461709689333 0.016832417812553506 0.019740542610598655 0.024270276092327413 0.03296473150705911 0.03680632846250146 0.03074474323530036 0.02282219748918559 0.017634246460574186 0.012930982898303635 0.011668401967465103 0.009478332675110114 0.00820378415251008 0.007731064277930725 0.009227013248118558 0.012111202862640702 0.02226570447227572 0.027669072152594173 0.5556014313236423
0.036986885245889514 0.032324590163923826 0.012354098360651686 0.007672131147538468 0.005695081967211247 0.004826229508195139 0.004514754098359175 0.0047704918032771245 0.005229508196719597 0.007177049180325515 0.007842622950817101 0.011288524590160233 0.013304918032782522 0.020111475409829473 0.008711475409833209 0.0096459016393411 0.005209836065572062 0.009586885245898496 0.0044393442622936265 0.007013114754096062 0.006144262295079953 0.010639344262291593 0.013265573770487454 0.03223934426228451 0.05215737704916323 0.6668491803276502
0.03372496662215388 0.02933244325766907 0.015468624833106685 0.010560747663548581 0.008987983978635785 0.009145527369823993 0.009423230974630327 0.010822429906539166 0.013172229639515842 0.017396528704935275 0.02258210947929971 0.028526034712942985 0.03341522029371605 0.02253137516688317 0.013335113484642634 0.011631508678234544 0.00915620827770116 0.008630173564750699 0.007514018691586778 0.007965287049397071 0.008777036048061742 0.011532710280370752 0.015607476635509852 0.0277837116154799 0.03518558077435643 0.5777917222962409
0.040371195248670846 0.03432813659982604 0.018032665181872284 0.012108389012611648 0.009302152932435559 0.008440979955450303 0.0077654046028153186 0.0079584261321396 0.00876763177430678 0.009703043801032143 0.011009651076458047 0.012783964365246633 0.013407572383063542 0.013600593912387824 0.009161098737929353 0.009606533036370003 0.007201187824790497 0.007824795842607405 0.005931700074234646 0.007394209354114778 0.008329621380840141 0.010534521158121354 0.016221232368213646 0.029339272457290764 0.03613956941348468 0.6447364513729438
0.043340652684149814 0.03847959415458584 0.017180283183147436 0.010297569470727418 0.0075414552888562565 0.0063072613008205445 0.005406223972131895 0.005716665404705295 0.005406223972131895 0.006223972135983778 0.007518740062082594 0.00860149920496055 0.010040130233959233 0.01015370636782755 0.006481411372751964 0.006163398197920676 0.005133641250847934 0.005822669796315724 0.005830241538573613 0.006451124403720413 0.007193155144993418 0.009555538729454414 0.014340879836439509 0.030453547361224763 0.04756568486405121 0.6727947300668791
0.029015015014997588 0.019375375375363737 0.014990990990981987 0.015453453453444172 0.013759759759751496 0.014300300300291712 0.014054054054045613 0.016606606606596633 0.017867867867857136 0.0240360360360216 0.031867867867848725 0.04670270270267465 0.05362162162158941 0.04644444444441655 0.029561561561543808 0.02318918918917526 0.01624624624623649 0.01565165165164225 0.013201201201193273 0.013651651651643452 0.012450450450442973 0.013207207207199275 0.013573573573565421 0.020018018018005995 0.03144744744742856 0.4397057057054416
0.03553599999998105 0.0325546666666493 0.017189333333324164 0.01090666666666085 0.007946666666662428 0.00622399999999668 0.006453333333329892 0.006522666666663188 0.008101333333329012 0.008965333333328551 0.011103999999994079 0.017103999999990877 0.02116266666665538 0.015871999999991535 0.009839999999994752 0.008271999999995588 0.005759999999996928 0.005877333333330199 0.005477333333330412 0.006527999999996518 0.007477333333329345 0.010725333333327614 0.01584533333332488 0.029466666666650952 0.036922666666646974 0.6521653333329855
0.03852173913037896 0.031275362318795255 0.016057971014469482 0.010072463768101345 0.008956521739117455 0.00881159420288578 0.008275362318828586 0.00937681159418931 0.010884057970998718 0.011289855072447405 0.013014492753604327 0.014014492753602878 0.01628985507244016 0.015710144927513464 0.008536231884045599 0.009855072463753833 0.006579710144918 0.007608695652162886 0.006188405797092481 0.006521739130425331 0.006855072463758181 0.009579710144913652 0.014623188405775908 0.026797101449236527 0.034724637681109095 0.6495797101439861
0.033915679594951426 0.02829327749475629 0.01356064631058738 0.009294621370750603 0.007347563834107151 0.006372472419287316 0.006400600056253274 0.006972528674561061 0.008135137669153941 0.010416601556392657 0.013201237616022377 0.02030190330342835 0.023789730287206993 0.02151451698596071 0.01372941213238312 0.01091977372878366 0.008094508860203114 0.007513204362906674 0.006600618808011188 0.006813138731753973 0.006797512266772885 0.008178891771100984 0.011560458793008231 0.020845704284770183 0.09371503578457552 0.5957152233019984
0.03598192787379543 0.033973162351517754 0.014271027784531647 0.010138516895266795 0.007744230717198452 0.006317127938745288 0.006357709060407463 0.006601195790380515 0.006763520277029216 0.008427346265178402 0.01036171306440876 0.014818872926971012 0.016874983091187894 0.01535319102885632 0.009205151097036762 0.008582907231550075 0.006357709060407463 0.006932608283954946 0.005539323106886928 0.006526797067333194 0.0059654248843397685 0.008921083245401536 0.015332900468025233 0.03554229905578853 0.0435908881854533 0.653518383247671
0.0396168582374973 0.03361430395908861 0.014431673052344276 0.010063856960395832 0.007994891443157095 0.007075351213273211 0.006743295019148476 0.0076883780331958 0.008595146870997963 0.011187739463587244 0.015057471264348586 0.021060025542757266 0.025925925925892816 0.020229885057445426 0.0132056194124991 0.010574712643664656 0.006807151979557079 0.006807151979557079 0.005478927203058137 0.00683269476372052 0.007535121328215153 0.008595146870997963 0.011187739463587244 0.029616858237510067 0.032158365261772466 0.6319157088114535
0.0364999999999854 0.0279999999999888 0.013579999999994569 0.01139999999999544 0.010767999999995692 0.011931999999995228 0.011767999999995293 0.013083999999994766 0.013963999999994415 0.015555999999993778 0.01761999999999295 0.02430799999999028 0.025279999999989887 0.021871999999991253 0.015419999999993833 0.014579999999994169 0.012267999999995094 0.012247999999995101 0.01012399999999595 0.011083999999995566 0.01047599999999581 0.012663999999994935 0.014791999999994082 0.026055999999989577 0.035687999999985724 0.5689679999997724
0.046166134185274016 0.03007667731627471 0.020095846645354572 0.01726517571883881 0.015239616613408792 0.014166134185294462 0.012472843450471264 0.011297124600631758 0.010977635782740589 0.012191693290727034 0.01447923322682781 0.01736102236420616 0.017194888178902752 0.017194888178902752 0.01135463258785217 0.010517571884977305 0.0074824281150111934 0.007916932907343185 0.0074568690095799 0.008728434504786754 0.010849840255584121 0.012517571884976026 0.016511182108615647 0.028127795527138576 0.04768051118207816 0.5746773162935626
0.03004793028321131 0.02244008714595972 0.016078431372542015 0.01371241830064762 0.011742919389973096 0.01195206971677039 0.013159041394329779 0.015202614379078343 0.015716775599121692 0.020640522875808 0.02694553376905144 0.03998692810455774 0.046248366013051746 0.04057080610020019 0.026901960784302004 0.022418300653585004 0.016671023965134348 0.015677559912847198 0.012461873638338797 0.012540305010887782 0.01237037037036498 0.013673202614373128 0.015015250544655767 0.020326797385612057 0.032021786492360774 0.47547712418279936
0.029531531531513795 0.02117717717716446 0.016294294294284507 0.01447447447446578 0.011369369369362541 0.01221621621620888 0.013237237237229287 0.015243243243234087 0.018168168168157257 0.023357357357343327 0.03102102102100239 0.04699699699696877 0.06616816816812843 0.04884684684681751 0.02891891891890155 0.022138138138124843 0.015633633633624244 0.01584384384383433 0.012456456456448975 0.011783783783776706 0.011189189189182469 0.011861861861854738 0.012432432432424966 0.019123123123111638 0.027861861861845128 0.4426546546543888
0.03456456456455419 0.029273273273264483 0.01467867867867427 0.009636636636633743 0.008042042042039626 0.007345345345343139 0.00807507507507265 0.00894594594594326 0.010495495495492344 0.013180180180176223 0.01738138138137616 0.024201201201193935 0.02957057057056169 0.024543543543536172 0.015327327327322724 0.011906906906903332 0.008162162162159712 0.007591591591589312 0.006264264264262383 0.0065225225225205635 0.0069129129129108366 0.009441441441438606 0.01477777777777334 0.028210210210201737 0.03269969969968988 0.6122492492490654
0.03709999999996908 0.028741666666642716 0.01906666666665078 0.01582499999998681 0.01400833333332166 0.01262499999998948 0.012716666666656069 0.012449999999989626 0.01437499999998802 0.01622499999998648 0.01813333333331822 0.021466666666648777 0.028424999999976313 0.025033333333312473 0.01813333333331822 0.01846666666665128 0.0148416666666543 0.01458333333332118 0.012383333333323013 0.013041666666655799 0.011899999999990083 0.013241666666655633 0.014983333333320846 0.024016666666646654 0.031141666666640717 0.5370749999995524
0.04649838187699256 0.039540453074408066 0.015177993527498266 0.007016181229768922 0.004362459546922742 0.003236245954690462 0.0030226537216808914 0.0031779935275060337 0.003553398058250127 0.003902912621356697 0.005378640776695548 0.007171521035594063 0.009119741100317722 0.009514563106789959 0.0058317152103522125 0.005967637540449212 0.003592233009706413 0.004841423948216931 0.00364401294498146 0.00489967637540136 0.0051326860841390725 0.008524271844654676 0.01590291262134893 0.032588996763732954 0.04308737864074881 0.7053139158571486
0.03155096935582767 0.017848655409619857 0.019224515322064276 0.019887429643514767 0.018843026891795595 0.018167604752959244 0.01776110068791885 0.02031269543463395 0.0251469668542682 0.028367729831126724 0.03227016885551453 0.04355847404625168 0.05777986241397262 0.045196998123799126 0.028505315822371168 0.024646654158833867 0.018386491557211764 0.017473420888044107 0.014440275171973459 0.016404002501553216 0.016935584740452196 0.01835522201374712 0.0196372732957976 0.017191994996862293 0.033095684802981175 0.37901188242627953
0.04094897959179495 0.035377551020372065 0.014540816326515774 0.009387755102031237 0.006836734693870574 0.005938775510198021 0.005489795918361745 0.005642857142851385 0.005673469387749313 0.006397959183666941 0.007816326530604269 0.010275510204071147 0.012795918367333882 0.010520408163254572 0.0062653061224425865 0.0054285714285658895 0.004051020408159131 0.0046938775510156185 0.003857142857138921 0.005499999999994388 0.004673469387750333 0.008132653061216192 0.012285714285701748 0.03038775510200981 0.039204081632613054 0.6978775510196961
0.03140087554719737 0.026591619762334838 0.012876797998741165 0.010787992495302821 0.01079424640399575 0.012213883677290673 0.012670419011874502 0.01458411507191083 0.017317073170720877 0.01986866791743598 0.022989368355207637 0.031081926203857985 0.03806128830516694 0.02817385866164592 0.01866791744839358 0.014440275171973459 0.009999999999993747 0.009662288930575571 0.008255159474666507 0.008330206378981657 0.00898686679173922 0.012182614133826026 0.013796122576601753 0.024509068167589423 0.03312070043775289 0.5486366479045974
0.02593869731800104 0.020947637292459527 0.010349936143036947 0.008860791826306804 0.008771392081734669 0.009675606641121411 0.011205619412513102 0.015169859514683226 0.018232439335882953 0.024268199233710278 0.03238825031927653 0.04833461047252916 0.05664112388248872 0.04882503192846773 0.031016602809698337 0.023394636015319693 0.01508045977011109 0.01216858237547582 0.009392081736906924 0.008229885057469162 0.007264367816090098 0.00826309067688167 0.010945083014045736 0.022268199233710786 0.028924648786710364 0.4834431673051128
0.036294078509623226 0.027065868263455046 0.014238190286085004 0.011184298070518173 0.009374584164997089 0.008755821689947601 0.009401197604784164 0.00998003992015304 0.012288755821681777 0.0169594145043134 0.022528276779758796 0.027737857618078683 0.027671324018610995 0.0264803725881394 0.01762475049899027 0.015316034597461533 0.0109447771124345 0.010279441117757632 0.008310046573514099 0.008569527611438078 0.00779108449766614 0.009347970725210014 0.01257485029939283 0.02622754491016219 0.03422488356617816 0.5788290086489828
0.03206208425719199 0.02989800443457654 0.016487804878041468 0.011534368070948322 0.00897560975609358 0.007321507760528904 0.007321507760528904 0.008474501108643692 0.009782705099773933 0.012195121951214104 0.01646119733923882 0.024629711751652048 0.035130820399097505 0.02427937915741717 0.014545454545448096 0.010709534368066204 0.0076674057649633405 0.007303769401327138 0.006509977827048111 0.007268292682923606 0.007312638580928021 0.00953880266074965 0.014909090909084297 0.02749002217293681 0.03579157427936328 0.606399113081771
0.05241384850183507 0.04438107478507874 0.012340348622366916 0.004699172624302455 0.0026106514579458083 0.0019579885934593562 0.0015563499076215396 0.0016969234476647754 0.0017571692505404478 0.0017571692505404478 0.0019379066591674653 0.0018174150534161204 0.0019579885934593562 0.0036147481725403497 0.0014860631375999216 0.003423969796767387 0.0010944654189080504 0.002269258574983664 0.001857578921999902 0.002670897260821481 0.0023997911478809545 0.004849787131491636 0.010573138404680523 0.03787452807450611 0.04967266447099197 0.7473291027384255
0.03921450151055032 0.03258610271901354 0.01644712990935562 0.00949244712990363 0.007087613293047077 0.006598187311174261 0.006586102719029253 0.00786706948640008 0.008942598187305775 0.010138972809661547 0.012628398791533156 0.019353474320229998 0.02445317220542329 0.020265861027178086 0.013951661631411509 0.011456193353467398 0.008096676737155228 0.007564954682774885 0.005861027190328785 0.006253776435041538 0.006586102719029253 0.008767371601203161 0.013933534743193999 0.028302114803608277 0.034743202416897434 0.6328217522654787
0.03608592592591523 0.03079703703702791 0.013045925925922061 0.00885333333333071 0.007463703703701492 0.0075703703703681275 0.007149629629627511 0.00798814814814578 0.009357037037034265 0.011007407407404145 0.014666666666662321 0.020485925925919857 0.0245303703703631 0.01804740740740206 0.01031703703703398 0.008509629629627109 0.005955555555553791 0.005638518518516848 0.004515555555554217 0.005404444444442843 0.006639999999998033 0.00882666666666405 0.012977777777773933 0.029922962962954096 0.03668740740739654 0.6475555555553637
0.013525233644854757 0.013749532710275235 0.004201869158876934 0.003117757009344629 0.0021271028037375224 0.002164485981307602 0.0020149532710272843 0.0032971962616810103 0.0035925233644846385 0.005611214953268931 0.0068224299065395054 0.012074766355135673 0.01596261682242394 0.03503551401867849 0.010213084112145715 0.016250467289713553 0.007334579439249595 0.021760747663543266 0.006665420560745172 0.015147663551396207 0.007809345794389604 0.018631775700927614 0.016448598130834973 0.03156261682241811 0.32057196261670257 0.40430654205592365
0.034660660660639844 0.023165165165151252 0.015663663663654254 0.0145225225225138 0.015609609609600235 0.017495495495484986 0.017585585585575023 0.017771771771761098 0.01882882882881752 0.0215315315315186 0.027075075075058814 0.0415675675675426 0.05807207207203719 0.03888288288285953 0.021039039039026403 0.01447447447446578 0.010330330330324126 0.01054054054053421 0.01019219219218607 0.012732732732725086 0.012948948948941172 0.01524924924924009 0.016306306306296512 0.02305705705704321 0.031375375375356535 0.4593213213210455
0.037299999999968914 0.03407499999997161 0.013699999999988582 0.00948333333332543 0.006999999999994166 0.00671666666666107 0.006758333333327701 0.007458333333327118 0.008866666666659277 0.010374999999991355 0.012733333333322721 0.01781666666665182 0.022533333333314556 0.019449999999983793 0.010116666666658235 0.009149999999992374 0.006424999999994646 0.006149999999994875 0.004883333333329264 0.006358333333328034 0.007133333333327389 0.009199999999992334 0.013008333333322493 0.028649999999976125 0.03327499999997227 0.6513833333327905
0.03402222222218442 0.029011111111078878 0.01593333333331563 0.010288888888877457 0.008522222222212753 0.007666666666658148 0.007355555555547383 0.00828888888887968 0.008855555555545716 0.010511111111099432 0.01143333333332063 0.015233333333316407 0.015033333333316629 0.01601111111109332 0.009644444444433728 0.00881111111110132 0.00548888888888279 0.007088888888881012 0.004522222222217197 0.005988888888882235 0.00647777777777058 0.008088888888879901 0.014244444444428617 0.02716666666663648 0.03287777777774124 0.6714333333325873
0.038699861687360025 0.028049792531081537 0.01713692946055721 0.015200553250324758 0.014384508990298223 0.012655601659733532 0.012932226832623883 0.01200553250344121 0.011811894882417963 0.012226832641753489 0.016901798063600412 0.025836791147958733 0.037136929460529544 0.029944674965380436 0.015006915629301511 0.0131811894882252 0.009834024896251958 0.009930843706763582 0.00854771784231183 0.008672199170112487 0.009460580912849985 0.011507607192238579 0.013112033195002612 0.0237621023512811 0.03213001383121421 0.5599308437060029
0.04161066666664447 0.026314666666652633 0.018021333333323723 0.017317333333324098 0.015775999999991585 0.015770666666658256 0.017322666666657428 0.015738666666658272 0.01495466666665869 0.016106666666658078 0.019007999999989863 0.022223999999988146 0.022298666666654775 0.020234666666655875 0.015114666666658606 0.012997333333326401 0.010997333333327468 0.010602666666661011 0.010069333333327962 0.011061333333327435 0.01092266666666084 0.013237333333326273 0.016538666666657847 0.02695466666665229 0.0354399999999811 0.5433653333330435
0.037771771771749084 0.023045045045031205 0.017447447447436967 0.01674474474473469 0.016036036036026404 0.016336336336326526 0.01750750750749699 0.018882882882871543 0.019699699699687868 0.02130330330329051 0.02669069069067466 0.03568768768766625 0.04253453453450899 0.03368768768766745 0.02060660660659423 0.015021021021012 0.012078078078070823 0.012714714714707078 0.011111111111104438 0.011705705705698675 0.01274474474473709 0.01544744744743817 0.017537537537527004 0.023525525525511397 0.03595795795793636 0.468174174173893
0.05023408239695671 0.04222846441943612 0.012378277153546462 0.007855805243438338 0.005365168539320819 0.004073033707861355 0.003726591760296136 0.003473782771532328 0.0031741573033678143 0.0036048689138543023 0.0037453183520564184 0.004063670411981214 0.004906367041193908 0.005814606741567589 0.0038108614232174056 0.0050561797752761645 0.0032022471910082375 0.003689138576775572 0.0027528089887614675 0.003838951310857829 0.004138576779022342 0.006254681647934218 0.010552434456918959 0.035599250936296255 0.04583333333329042 0.7206273408232953
0.04487942122182888 0.03758038585205982 0.018191318327959654 0.01049839228294976 0.007781350482308857 0.0065112540192873705 0.005988745980702581 0.005723472668805688 0.00611736334404653 0.006069131832792549 0.006864951768483228 0.0073874598070680164 0.008561093247581543 0.008609324758835524 0.00586816720256763 0.00678456591639326 0.004598070739546143 0.00559485530546174 0.005217041800638893 0.006398713826361415 0.0071945337620520945 0.008745980707388468 0.012869774919603802 0.03216237942119601 0.041173633440481375 0.6826286173627953
0.040598187311153715 0.031444108761310305 0.01543806646524747 0.011601208459207491 0.009885196374616384 0.010108761329299028 0.010815709969781984 0.012006042296065254 0.01290030211479583 0.013583081570988772 0.015697885196365138 0.020187311178235537 0.021975830815696692 0.02068882175225336 0.01559516616313257 0.013685800604221338 0.010670694864041892 0.010229607250749105 0.008410876132925432 0.008700906344405618 0.008066465256792709 0.010537764350446805 0.014761329305127033 0.02685196374620734 0.035456193353452896 0.590102719032876
0.030245381858257286 0.024188953221189056 0.011809576325694505 0.009925558312645966 0.00953037404649432 0.009511993382952383 0.010890543148597656 0.013666023343430138 0.01743405936952722 0.02396838525868581 0.030548662806699246 0.04290965903865186 0.045731090892339184 0.039922801213087104 0.025402077014956895 0.018472566859646655 0.012103666942365495 0.009934748644416933 0.006598658211555373 0.007030603804790892 0.007168458781355419 0.008629721532939408 0.01055969120484279 0.022562264497727632 0.02719419171029575 0.524060288575936
0.03728167672274545 0.035801841854534264 0.011781517942196392 0.00828199428389439 0.006510003175607171 0.006135281041596612 0.005639885677989432 0.006097173705934521 0.005912988250234416 0.00750079390282153 0.009507780247691644 0.01289933312161772 0.016341695776426586 0.013553509050483612 0.008091457605583937 0.008288345506504738 0.004725309622099254 0.0047634169577613445 0.003861543347091863 0.005055573197837373 0.005531914893613508 0.007970784375987316 0.011355986027303045 0.032086376627480415 0.035960622419792976 0.6890631946645354
0.040260926288297284 0.02517286366599793 0.0188062622309075 0.016953685583811513 0.01425962165687263 0.014357469014993896 0.014292237442913051 0.015348988910622734 0.016751467710360894 0.019510763209380617 0.022785388127839017 0.029073711676432436 0.03533594259619352 0.029015003261559678 0.020208741030645655 0.01755381604695528 0.012922374429215315 0.012981082844088075 0.011983039791251152 0.013392041748197395 0.014324853228953473 0.016099151989552446 0.017103718199597454 0.022080887149365895 0.03604696673187473 0.49337899543346814
0.03427718040619219 0.024922341696520356 0.0192293906809921 0.01608124253284583 0.01263440860214299 0.011869772998798166 0.010770609318989982 0.011397849462358783 0.01259259259258507 0.015101553166060273 0.02081839904419306 0.031774193548368114 0.05107526881717379 0.03539426523295377 0.020830346475495323 0.01612305854240375 0.012538829151724887 0.01163679808840404 0.009814814814808951 0.010531660692944724 0.011965352449216269 0.01630227001193769 0.017676224611697922 0.020925925925913424 0.032425328554341444 0.5112903225803397
0.02644444444442856 0.02213213213211884 0.013723723723715482 0.01121921921921248 0.00931531531530972 0.010030030030024006 0.012834834834827126 0.016966966966956775 0.021543543543530604 0.028444444444427362 0.0363003003002785 0.055723723723690256 0.07057057057052818 0.05362762762759542 0.02987387387385593 0.022042042042028802 0.014978978978969982 0.012054054054046814 0.008702702702697476 0.00818618618618127 0.008006006006001197 0.009807807807801917 0.012240240240232889 0.021171171171158455 0.028906906906889546 0.4351531531528918
0.029487999999988204 0.029163999999988335 0.009907999999996036 0.007295999999997082 0.007207999999997117 0.008059999999996776 0.009031999999996387 0.010379999999995847 0.012139999999995144 0.014763999999994094 0.020155999999991937 0.028467999999988614 0.03308399999998676 0.029251999999988298 0.02007999999999197 0.015615999999993753 0.011363999999995454 0.010359999999995855 0.007915999999996834 0.006307999999997477 0.00587599999999765 0.006635999999997345 0.009519999999996191 0.02459999999999016 0.04568799999998172 0.5876359999997649
0.041307550644529185 0.034272559852638794 0.015220994475124107 0.010027624309383032 0.006961325966844419 0.0064732965009148494 0.0065653775322223155 0.006970534069975165 0.007062615101282631 0.0072467771638975624 0.010082872928167511 0.013637200736635694 0.015626151012876954 0.014889502762417229 0.0090331491712624 0.008176795580102968 0.004788213627988224 0.005276243093917794 0.004060773480659244 0.004732965009203745 0.00566298342540915 0.008655616942901791 0.012845303867391487 0.03052486187842493 0.039162062615065225 0.6707366482498428
0.03785714285712784 0.034646825396811645 0.018932539682532168 0.010531746031741852 0.006710317460314797 0.005198412698410635 0.0046309523809505435 0.004670634920633067 0.0052420634920614115 0.005738095238092961 0.0064761904761879065 0.010317460317456223 0.021492063492054965 0.01323015873015348 0.008642857142853714 0.008718253968250508 0.007242063492060618 0.007261904761901881 0.006039682539680143 0.006047619047616647 0.00626587301587053 0.008321428571425269 0.01314682539682018 0.03226190476189196 0.07665079365076323 0.633726190475939
0.03600896860981165 0.03433482810159292 0.017952167414023987 0.009431988041839414 0.007428998505220584 0.006233183856492925 0.006771300448420372 0.007952167414038935 0.009327354260075743 0.010747384155439839 0.014349775784731914 0.02022421524660654 0.040941704035813244 0.019820627802660955 0.011210762331821807 0.009566517189821275 0.006008968609856489 0.006606875934220318 0.005261584454401702 0.0060388639760746805 0.006128550074729255 0.009745889387130424 0.013348281016422499 0.026532137518644944 0.03388639760832005 0.6241405082202928
0.024397333333326828 0.019466666666661477 0.012034666666663458 0.008514666666664396 0.006415999999998289 0.005818666666665115 0.0057813333333317915 0.007850666666664573 0.008837333333330977 0.012831999999996579 0.015285333333329256 0.025103999999993305 0.030498666666658535 0.03729599999999005 0.016367999999995636 0.017527999999995325 0.010322666666663914 0.017778666666661926 0.009226666666664206 0.015557333333329185 0.01204533333333012 0.021418666666660955 0.02151466666666093 0.02790399999999256 0.1444133333332948 0.4657893333332091
0.03976903870159815 0.03102372034954368 0.016335830212224508 0.011741573033700535 0.010611735330829831 0.009413233458171402 0.008227215980019834 0.008857677902616193 0.009750312109856584 0.011354556803987918 0.012996254681639827 0.016023720349553044 0.016011235955046187 0.016136079900114772 0.010536828963788679 0.01070536828963127 0.008064918851430672 0.008870162297123053 0.0069850187265874004 0.008283395755300698 0.00998127340823347 0.012347066167283179 0.01642322097377252 0.02984394506864554 0.03889513108611804 0.6208114856425588
0.02999292285914367 0.024861995753697904 0.014649681528652052 0.010580325548470926 0.009228591648967284 0.009674451521578432 0.011705590941251447 0.013283793347478213 0.01433121019107266 0.01758669497521756 0.022802547770684498 0.03622788393486467 0.041832979476261974 0.03769285208772987 0.02387119603678424 0.018513800424615347 0.01276008492568099 0.011273885350310493 0.008726114649675354 0.008535031847127717 0.007742392073596786 0.009702760084918823 0.01222929936304867 0.02312101910826389 0.031903750884620025 0.5371691436655788
0.04337125748500397 0.02728742514968426 0.02001197604789221 0.018760479041904934 0.016796407185618686 0.015946107784421588 0.013586826347297253 0.01265868263472296 0.012760479041908527 0.013844311377237219 0.018095808383222698 0.023610778443099636 0.02546107784429613 0.0217125748502864 0.014508982035919455 0.012005988023944907 0.008586826347300248 0.00864670658682117 0.007586826347300847 0.007952095808378471 0.009790419161670784 0.014796407185619882 0.019814371257473165 0.029389221556868628 0.03767664670656427 0.545341317364943
0.04986666666662511 0.03987499999996677 0.013749999999988542 0.005516666666662069 0.0034333333333304724 0.0024166666666646528 0.001824999999998479 0.0020916666666649236 0.0021083333333315763 0.0021333333333315553 0.002249999999998125 0.0024999999999979166 0.0029999999999975 0.004574999999996187 0.001949999999998375 0.003708333333330243 0.001433333333332139 0.0024166666666646528 0.0017916666666651735 0.0022833333333314304 0.002166666666664861 0.0038249999999968123 0.008783333333326013 0.03759166666663534 0.04393333333329672 0.754774999999371
