0.03133540372668861 0.02652795031054253 0.015037267080736001 0.009155279503099904 0.007714285714280923 0.006683229813660445 0.006416149068318996 0.007832298136641097 0.009031055900615509 0.011254658385086177 0.017167701863343373 0.04044099378879476 0.07530434782604019 0.057285714285678704 0.0223664596273153 0.012950310558998167 0.0066211180124182475 0.006440993788815875 0.004416149068320239 0.0062298136645924035 0.006416149068318996 0.009739130434776559 0.014434782608686686 0.025105590062096207 0.03537267080743144 0.5287204968940815
0.05321921921918726 0.03192792792790875 0.023651651651637445 0.017639639639629046 0.011405405405398555 0.008156156156151258 0.006132132132128449 0.005585585585582231 0.005519519519516205 0.006630630630626648 0.007333333333328929 0.008666666666661462 0.009573573573567824 0.011237237237230488 0.00798798798798319 0.008876876876871545 0.006678678678674667 0.008168168168163263 0.007483483483478989 0.009441441441435772 0.011207207207200476 0.016282282282272503 0.019309309309297713 0.02981981981980191 0.04651651651648858 0.6215495495491763
0.010356302521004923 0.01058151260503846 0.005267226890754532 0.003384873949578694 0.0023596638655454254 0.002463865546217659 0.0021613445378143997 0.003203361344536738 0.0035563025210072078 0.005364705882351138 0.0068033613445355285 0.01108571428571056 0.014910924369742886 0.03693445378150019 0.009078991596635604 0.015499159663860337 0.005210084033611694 0.021522689075623016 0.004235294117645635 0.013599999999995428 0.005102521008401646 0.015969747899154296 0.010036974789912593 0.016709243697473376 0.4896907563023564 0.2749109243696555
0.03973084886120139 0.028654244306358892 0.014347826086926816 0.010724637681137216 0.007308488612821308 0.005817805383010729 0.005672877846779145 0.007080745341600247 0.005734989648021252 0.008302277432695026 0.007142857142842354 0.009565217391284544 0.01138716356105303 0.05532091097297035 0.012463768115916225 0.020082815734948068 0.01134575569355829 0.03598343685292757 0.013664596273263635 0.02219461697717972 0.012463768115916225 0.025155279503053508 0.019399585921284886 0.031697722567222156 0.04540372670798053 0.5333540372659765
0.030351966873643162 0.021614906832253384 0.012836438923368868 0.010186335403705619 0.007453416149052892 0.006231884057958112 0.005859213250505467 0.010310559006189834 0.011532091097284612 0.013706004140758373 0.015879917184232133 0.020455486542400713 0.020351966873663866 0.054948240165517706 0.014389233954421553 0.024223602484421895 0.011221532091074075 0.03523809523802228 0.009544513457537174 0.020414078674905974 0.01109730848858986 0.024989648033074557 0.015548654244274226 0.027225672877790423 0.04082815734981195 0.5235610766034708
0.04075482093661666 0.028672176308524148 0.015504132231396416 0.012661157024786412 0.011933884297514087 0.01176859504131583 0.012446280991728679 0.013344352617072537 0.014556473829193083 0.015840220385666202 0.016391184572993725 0.018374655647372798 0.018595041322303805 0.01861157024792363 0.014611570247925833 0.015652892561974847 0.012876033057844145 0.01325068870522686 0.011763085399442555 0.010936639118451275 0.00999999999999449 0.011823691460048582 0.013024793388422575 0.026286501377395986 0.0342369146005321 0.5760826446277818
0.040366366366342124 0.035381381381360134 0.01675075075074069 0.009993993993987992 0.006996996996992795 0.007027027027022807 0.006252252252248497 0.0058678678678643435 0.006150150150146456 0.007093093093088833 0.00838438438437935 0.009873873873867943 0.010594594594588232 0.010510510510504199 0.0069729729729687846 0.006672672672668665 0.004600600600597838 0.005603603603600238 0.004528528528525809 0.005351351351348137 0.006042042042038413 0.009621621621615842 0.014300300300291712 0.031561561561542606 0.03903303303300959 0.6844684684680574
0.0376397515527171 0.033457556935748534 0.009503105590042436 0.005258799171831762 0.003995859213242244 0.0040786749482317215 0.00314699792960011 0.005610766045537037 0.004741200828147533 0.006501035196673911 0.006397515527937065 0.013478260869537313 0.015258799171811058 0.04513457556926473 0.010207039337452987 0.01927536231880067 0.005031055900610702 0.024057971014442944 0.005383022774315977 0.014844720496863676 0.006873706004126555 0.019875776397474378 0.013188405797074143 0.03242236024838008 0.04712215320901217 0.6075155279490527
0.029389558232923857 0.025673360107088174 0.009087014725566509 0.006195448460507042 0.0051244979919665 0.005416331994643798 0.0053226238286465 0.007170013386878937 0.007959839357427587 0.011520749665324894 0.014969210174025444 0.02401338688085033 0.026406961178038445 0.03384471218205252 0.020824631860770864 0.019900937081654645 0.012481927710840031 0.012650602409635166 0.008500669344040562 0.010077643908966512 0.008385542168672454 0.01196787148594057 0.015132530120477876 0.02968674698794386 0.04208835341364335 0.5962088353412058
0.029648033126232612 0.02587991718421143 0.009648033126274021 0.006397515527937065 0.004244306418210674 0.005093167701852809 0.004057971014484352 0.0054658385093054535 0.0055900621117896685 0.008115942028968703 0.009296066252568746 0.012525879917158332 0.012380952380926747 0.04660455486532794 0.00844720496892661 0.019710144927495423 0.007660455486526583 0.028654244306358892 0.007039337474105509 0.019296066252548042 0.008033126293979228 0.02389233954446399 0.015838509316737394 0.030973084886064237 0.05225672877835972 0.5932505175971154
0.04050450450448018 0.033321321321301306 0.019327327327315718 0.013111111111103236 0.009885885885879948 0.008276276276271305 0.007969969969965183 0.008084084084079228 0.008798798798793514 0.009903903903897955 0.010756756756750295 0.014144144144135649 0.014606606606597834 0.01550150150149219 0.011537537537530607 0.011351351351344534 0.009909909909903957 0.010498498498492194 0.009375375375369744 0.009519519519513802 0.00991591591590996 0.01179579579578871 0.016042042042032408 0.027423423423406954 0.03953153153150779 0.6189069069065352
0.032111801242169544 0.02242236024840078 0.012484472049663593 0.008840579710126624 0.006894409937873924 0.005693581780526515 0.005776397515515991 0.009316770186316114 0.008157349896463443 0.009689440993768759 0.009130434782589791 0.01401656314696891 0.01807453416145326 0.04788819875766483 0.010993788819853014 0.019999999999958593 0.008902691511368731 0.02799171842644308 0.007784679089010798 0.017536231884021664 0.006438923395431804 0.024120082815685052 0.01763975155275851 0.03254658385086429 0.050372670807349126 0.5651759834356829
0.01780564263322326 0.017931034482753 0.007238244514104314 0.0036551724137919577 0.002454545454544685 0.002354231974920892 0.0023918495297798143 0.003103448275861096 0.003739811912224533 0.004808777429465577 0.006326018808775446 0.01006583072099998 0.011482758620686056 0.025526645768017078 0.008294670846392384 0.011711598746077833 0.0048996865203746395 0.014094043887142917 0.003363636363635309 0.009159874608147598 0.004921630094042344 0.012426332288397358 0.010692789968648685 0.021586206896544956 0.3697021943572509 0.41026332288388395
0.03725298013244046 0.03359205298012355 0.009618543046355068 0.005358940397349574 0.003825165562912894 0.0026251655629132118 0.002198675496688159 0.0024821192052973556 0.0026675496688734657 0.0032688741721845645 0.004437086092714057 0.0055125827814554934 0.0061298013245016875 0.005652980132448833 0.004100662251654543 0.003422516556290484 0.002492715231787419 0.0020874172185424934 0.0017165562913902738 0.0019231788079465105 0.002423841059602007 0.003549668874171245 0.007409271523176845 0.02759470198674766 0.1615708609271095 0.6570860927150577
0.04709909909907081 0.035873873873852324 0.017819819819809117 0.010228228228222084 0.007759759759755099 0.006702702702698677 0.005771771771768305 0.006042042042038413 0.00563363363363025 0.006330330330326529 0.007765765765761101 0.009099099099093634 0.009663663663657859 0.011711711711704677 0.008072072072067223 0.006996996996992795 0.005591591591588233 0.007507507507502998 0.006216216216212483 0.0073993993993949556 0.00836636636636134 0.010756756756750295 0.016462462462452573 0.0305465465465282 0.04108108108105641 0.663501501501103
0.02913609467453897 0.0252899408283874 0.013994082840228406 0.009721893491118508 0.00877514792898889 0.00817159763313126 0.00872781065088241 0.010201183431946627 0.011313609467448927 0.014295857988157221 0.017183431952652553 0.02460355029584343 0.027698224852054615 0.03149704142009971 0.019798816568035622 0.018857988165669314 0.013798816568039171 0.013739644970406072 0.010307692307686208 0.010502958579875443 0.009644970414195476 0.01152071005916478 0.014088757396441368 0.025917159763298274 0.0319644970414012 0.5792485207097164
0.027122153209053576 0.025320910973032462 0.010248447204947726 0.00917184265008453 0.0068322981366318175 0.007204968944084462 0.004865424430631748 0.006501035196673911 0.006024844720484421 0.007515527950294999 0.008467908902673979 0.011801242236000412 0.012691511387137285 0.04368530020694889 0.009792960662505604 0.02198757763970603 0.00869565217389504 0.03024844720490632 0.007142857142842354 0.020082815734948068 0.008509316770168718 0.026397515527895658 0.016128364389200563 0.028426501035137833 0.051469979295959686 0.5836645962720834
0.03124924924923048 0.02627027027025449 0.014630630630621843 0.011225225225218483 0.009207207207201678 0.009897897897891953 0.009561561561555819 0.011525525525518603 0.01199399399398679 0.015243243243234087 0.018264264264253295 0.022642642642629045 0.025297297297282105 0.023993993993979584 0.017597597597587028 0.015663663663654254 0.012456456456448975 0.012306306306298915 0.010846846846840332 0.010624624624618243 0.010846846846840332 0.01144144144143457 0.013747747747739491 0.023069069069055214 0.03102102102100239 0.5893753753750214
0.02451651651650179 0.028648648648631442 0.012354354354346933 0.009681681681675866 0.008282282282277308 0.00843843843843337 0.008996996996991594 0.009375375375369744 0.00978978978978391 0.011597597597590633 0.015111111111102036 0.029885885885867935 0.04301501501498918 0.041483483483458566 0.01624624624623649 0.012708708708701076 0.007351351351346936 0.009501501501495795 0.007393393393388953 0.009309309309303718 0.009687687687681868 0.01371771771770948 0.018420420420409356 0.029681681681663855 0.0343003003002797 0.5705045045041619
0.03501035196680122 0.029171842650043123 0.01039337474117931 0.006873706004126555 0.004989648033115963 0.004244306418210674 0.0037060041407790765 0.005879917184252836 0.004968944099368594 0.006687370600400233 0.0072256728778318305 0.012401656314674117 0.01521739130431632 0.04559006211170685 0.011449275362295137 0.020910973084842834 0.008799171842631886 0.02770186335397991 0.00819875776395818 0.020144927536190176 0.006915113871621294 0.02252587991713763 0.01687370600410585 0.02993788819869578 0.05004140786739122 0.584140786748273
0.03853002070385397 0.03198757763968533 0.009648033126274021 0.0046997929606527955 0.003209109730842217 0.0033954451345685394 0.002877846790884311 0.0053416149068212385 0.004389233954442258 0.007204968944084462 0.0065838509316633875 0.008012422360231858 0.008385093167684503 0.04060041407859089 0.007867494824000273 0.019730848861242795 0.005879917184252836 0.025362318840527198 0.004368530020694889 0.015113871635579474 0.005900621118000206 0.019399585921284886 0.014057971014463648 0.030020703933685257 0.0443478260868647 0.6330848861270536
0.03556935817798019 0.031966873705937954 0.008364389233937133 0.005693581780526515 0.0032712215320843245 0.0026708074534106192 0.0025258799171790354 0.004430641821936997 0.003643892339536969 0.004927536231873856 0.004389233954442258 0.007060041407852878 0.008405797101431871 0.039937888198675074 0.005445134575558085 0.016480331262905837 0.004865424430631748 0.026211180124169335 0.004968944099368594 0.015817805382990026 0.005362318840568608 0.021387163561032325 0.012422360248421485 0.03329192546576958 0.048964803312528025 0.6419254658371802
0.04448192771081658 0.033349397590341355 0.01798192771083254 0.012451807228908162 0.009722891566259204 0.007277108433730556 0.005963855421683154 0.006048192771080694 0.006939759036140397 0.007975903614453026 0.009728915662644742 0.01386144578312418 0.015283132530111276 0.01530120481926789 0.010813253012041679 0.00915662650601858 0.00660240963855024 0.0071506024096342465 0.006277108433731159 0.008614457831320112 0.010831325301198295 0.014042168674690336 0.01712650602408607 0.028897590361428374 0.04128915662648115 0.6328313253008236
0.02855072463762205 0.025921325051706166 0.011014492753600384 0.007287784679073938 0.00579710144926336 0.00604554865423179 0.007536231884042368 0.010703933747389847 0.010062111801221404 0.015817805382990026 0.017722567287747987 0.022836438923348166 0.024824016563095602 0.057287784678970416 0.019792960662484902 0.025010351966821925 0.008426501035179241 0.026625258799116716 0.0058385093167580985 0.014886128364358413 0.007701863354021321 0.018633540372632228 0.01372670807450574 0.029171842650043123 0.03795031055892764 0.5408281573487768
0.03981066666665605 0.03726399999999006 0.01033866666666391 0.00542666666666522 0.003994666666665601 0.0029519999999992126 0.002757333333332598 0.002391999999999362 0.0028986666666658938 0.003245333333332468 0.0038453333333323078 0.004778666666665392 0.005285333333331924 0.006210666666665011 0.0040586666666655846 0.003941333333332282 0.002935999999999217 0.0034319999999990847 0.0027439999999992683 0.003279999999999125 0.0034319999999990847 0.0054826666666652046 0.00990399999999736 0.034149333333324226 0.043167999999988486 0.7522719999997994
0.027979381443284546 0.02241752577318432 0.014304123711332833 0.011190721649478768 0.00854123711339766 0.010113402061850458 0.010969072164942799 0.013613402061848653 0.01619072164947619 0.02206185567009172 0.02882474226802638 0.04497422680410053 0.05963917525770122 0.05186082474224131 0.030572164948437848 0.023891752577307274 0.01722680412370246 0.016634020618548125 0.013201030927828247 0.012335051546385395 0.010788659793808872 0.01343814432988998 0.013855670103085641 0.02058762886596877 0.03457216494843579 0.45021649484512877
0.028157349896422035 0.026728778467853563 0.009627329192526651 0.0068322981366318175 0.004596273291915949 0.005113871635600178 0.0033540372670738013 0.006149068322968635 0.004658385093158057 0.0068322981366318175 0.00629399585920022 0.0089233954451161 0.011946169772231995 0.04144927536223302 0.006542443064168649 0.016293995859179514 0.003809523809515922 0.025714285714232475 0.0032505175983369556 0.01906832298132698 0.0053416149068212385 0.02461697722562191 0.011242236024821444 0.029627329192485244 0.043395445134485726 0.6404347826073696
0.03571171171169026 0.02666666666665065 0.014954954954945972 0.011801801801794713 0.00936336336335774 0.008858858858853538 0.009567567567561821 0.011825825825818722 0.015207207207198073 0.01912912912911764 0.02414414414412964 0.030888888888870338 0.03169369369367466 0.03344744744742736 0.025081081081066017 0.01984984984983793 0.013333333333325325 0.011351351351344534 0.009267267267261702 0.010252252252246095 0.009129129129123646 0.011711711711704677 0.013843843843835529 0.02192792792791476 0.03573573573571427 0.5352552552549338
0.03335403726701169 0.02372670807448504 0.013561076604526788 0.010103519668716142 0.007329192546568677 0.006666666666652864 0.006935817805368663 0.0089233954451161 0.008157349896463443 0.010807453416126692 0.011076604554842492 0.01689440993785322 0.018178053830190107 0.048964803312528025 0.014554865424400508 0.023064182194569224 0.010724637681137216 0.0306625258798537 0.008633540372652933 0.024016563146948205 0.011304347826063552 0.03020703933741158 0.019171842650063827 0.027660455486485176 0.048571428571328006 0.5267494824005657
0.03151329787233204 0.027390957446801225 0.017433510638293237 0.012377659574464793 0.009829787234039938 0.008662234042550888 0.007856382978721314 0.00865159574467855 0.009747340425529322 0.011893617021273433 0.014476063829783383 0.019468085106377802 0.021255319148930515 0.02027127659573929 0.01405053191488988 0.011492021276592688 0.009034574468082703 0.008901595744678484 0.008071808510636151 0.008595744680848777 0.009707446808508057 0.011755319148933043 0.01641489361701691 0.026856382978716262 0.035678191489352216 0.6186143617019632
0.036035928143691 0.02497005988022457 0.019353293413162064 0.01629940119759503 0.015179640718553785 0.01668263473052893 0.015772455089810913 0.01613772455088854 0.017095808383223297 0.018838323353282133 0.021401197604777603 0.027329341317348904 0.03186826347303481 0.02812574850297717 0.020874251496993488 0.01979640718561689 0.0160898203592718 0.015341317365260275 0.01419760479041066 0.015293413173643538 0.014772455089811513 0.015700598802385807 0.01788622754489947 0.021155688622741822 0.034946107784410214 0.488856287424857
0.03209109730842217 0.028778467908843107 0.010703933747389847 0.005734989648021252 0.004534161490673842 0.004409937888189628 0.0032505175983369556 0.005175983436842286 0.0038509316770106604 0.005776397515515991 0.004368530020694889 0.008240165631452918 0.008074534161473966 0.04246376811585411 0.006004140786737051 0.016314699792926886 0.007660455486526583 0.03091097308482213 0.008178053830210811 0.02004140786745333 0.009233954451326638 0.025631469979243 0.016832298136611114 0.03356107660448538 0.05124223602473863 0.6069358178041264
0.029459459459441766 0.023867867867853533 0.011459459459452577 0.006630630630626648 0.004300300300297717 0.004084084084081631 0.004570570570567825 0.00743543543543097 0.010174174174168063 0.017603603603593032 0.026834834834818716 0.05245645645642495 0.05715315315311883 0.06314114114110322 0.034660660660639844 0.02398198198196758 0.01163963963963265 0.011153153153146455 0.005717717717714284 0.006630630630626648 0.004996996996993996 0.007951951951947176 0.011537537537530607 0.025483483483468176 0.03306906906904921 0.5040060060057033
0.027351351351334922 0.022372372372358937 0.014012012012003597 0.012894894894887151 0.012414414414406959 0.013129129129121243 0.014834834834825925 0.018840840840829525 0.02263663663662304 0.02596396396394837 0.030930930930912353 0.03560960960958822 0.03740540540538294 0.0363063063062845 0.027471471471454973 0.022474474474460975 0.017111111111100835 0.015603603603594232 0.012810810810803116 0.01296696696695918 0.011951951951944774 0.012174174174166863 0.012948948948941172 0.019045045045033605 0.027159159159142847 0.48357957957928915
0.04787987987985112 0.0345405405405198 0.02033033033031812 0.011555555555548614 0.007603603603599037 0.006372372372368545 0.005405405405402159 0.004948948948945976 0.0047327327327298906 0.005435435435432171 0.005627627627624247 0.005549549549546217 0.006204204204200478 0.006492492492488593 0.004990990990987994 0.0059879879879843915 0.004762762762759902 0.006654654654650658 0.005351351351348137 0.007093093093088833 0.007195195195190874 0.01019219219218607 0.015603603603594232 0.033693693693673456 0.04420420420417766 0.6815915915911822
0.027391304347769374 0.0222774327121692 0.01138716356105303 0.008654244306400301 0.006853002070379186 0.007432712215305522 0.007681159420273952 0.012650103519642545 0.01161490683227409 0.014120082815705755 0.015424430641790011 0.02124223602480074 0.023457556935769237 0.06712215320897076 0.019896480331221746 0.025631469979243 0.015734989648000547 0.03821946169764344 0.013830227743242588 0.020621118012379668 0.010455486542421417 0.021159420289811263 0.015362318840547904 0.02728778467903253 0.040745341614822475 0.4937474120072593
0.04245645645643096 0.029585585585567818 0.014882882882873944 0.013333333333325325 0.012936936936929168 0.012282282282274905 0.01149549549548859 0.012678678678671064 0.012690690690683069 0.013141141141133248 0.015351351351342132 0.01782582582581512 0.018972972972961577 0.021015015015002393 0.016360360360350535 0.015609609609600235 0.01264264264263505 0.012732732732725086 0.010882882882876347 0.010078078078072025 0.009579579579573826 0.01046846846846218 0.013501501501493393 0.027849849849833123 0.037639639639617035 0.5740060060056612
0.028902691511327322 0.025776397515474583 0.009751552795010866 0.00554865424429493 0.0055693581780423 0.005507246376800192 0.005817805383010729 0.007494824016547629 0.007681159420273952 0.010683229813642477 0.011242236024821444 0.018385093167663798 0.020745341614863883 0.05819875776385466 0.01565217391301107 0.02391304347821136 0.011428571428547767 0.03503105590054859 0.010248447204947726 0.018881987577600658 0.009565217391284544 0.02252587991713763 0.015859213250484762 0.03366459627322223 0.043002070393285706 0.5389233954440188
0.02126293995854811 0.022256728778421827 0.0073498964803160455 0.004886128364379118 0.0037060041407790765 0.003022774327115895 0.0028364389233895724 0.004368530020694889 0.004140786749473829 0.005672877846779145 0.005631469979284407 0.010931677018610907 0.012277432712189902 0.044016563146906794 0.006231884057958112 0.01739130434779008 0.005403726708063346 0.02753623188400096 0.0053416149068212385 0.01650103519665321 0.009254658385074006 0.025320910973032462 0.008530020703916086 0.030807453416085283 0.27370600414022006 0.4216149068314252
0.042498498498472974 0.034786786786765896 0.015831831831822324 0.011291291291284509 0.008318318318313322 0.007915915915911162 0.0076876876876830706 0.007519519519515004 0.007777777777773107 0.008468468468463382 0.009705705705699877 0.010954954954948375 0.011735735735728687 0.013945945945937569 0.01111711711711044 0.010798798798792314 0.008048048048043214 0.008132132132127249 0.007339339339334931 0.008234234234229289 0.008138138138133251 0.010522522522516203 0.014366366366357738 0.03144144144142256 0.036966966966944764 0.6464564564560682
0.04358558558555941 0.03620420420418246 0.01572372372371428 0.010198198198192072 0.007339339339334931 0.005723723723720286 0.004912912912909962 0.0054774774774741875 0.005621621621618245 0.005927927927924368 0.007165165165160862 0.009051051051045615 0.008360360360355338 0.009153153153147655 0.0061561561561524585 0.007165165165160862 0.004876876876873948 0.0062102102102064806 0.005099099099096036 0.006390390390386552 0.006738738738734692 0.010030030030024006 0.014720720720711879 0.0332912912912713 0.044474474474447766 0.6804024024019938
0.013579579579571423 0.013027027027019203 0.005915915915912363 0.0034714714714693864 0.0027627627627611036 0.00295495495495318 0.003177177177175269 0.004360360360357742 0.004168168168165664 0.006588588588584632 0.006906906906902759 0.012384384384376947 0.014762762762753897 0.053573573573541394 0.008678678678673467 0.018942942942931567 0.005663663663660262 0.027687687687671058 0.00458258258257983 0.01765165165164105 0.005777777777774307 0.021609609609596632 0.012984984984977186 0.023069069069055214 0.38978378378354966 0.3159339339337442
0.04736746987948954 0.03891566265057897 0.0130361445783054 0.0059578313252976155 0.003584337349395431 0.0031445783132511176 0.002999999999998193 0.0031325301204800406 0.0038855421686723583 0.005078313253008989 0.006222891566261312 0.007331325301200403 0.007469879518067789 0.0077530120481881 0.004156626506021593 0.0048975903614428325 0.002945783132528346 0.003716867469877279 0.002867469879516345 0.0041265060240939 0.004445783132527442 0.007307228915658249 0.012487951807221393 0.03424096385540106 0.04052409638551776 0.7224036144573961
0.04134756097558454 0.03156707317071246 0.01431097560974737 0.010347560975603447 0.008451219512189969 0.008091463414629213 0.008560975609750877 0.009176829268287088 0.009871951219506176 0.010926829268286021 0.013506097560967375 0.016987804878038422 0.01971341463413432 0.02280487804876658 0.016182926829258426 0.013201219512187072 0.010457317073164355 0.010640243902432536 0.00960365853657951 0.00998780487804269 0.00895731707316527 0.009439024390238146 0.012634146341455712 0.026756097560959296 0.04167682926826727 0.6047987804874361
0.02223602484467446 0.019834368529979638 0.00844720496892661 0.007018633540358139 0.004596273291915949 0.004140786749473829 0.002877846790884311 0.0062111801242107426 0.005175983436842286 0.007763975155263428 0.006149068322968635 0.012380952380926747 0.012360248447179378 0.05896480331250732 0.008716356107642409 0.02298136645957975 0.00699792960661077 0.03722567287776972 0.006066252587979159 0.022360248447158674 0.006004140786737051 0.024492753623137697 0.009710144927516129 0.01931677018629541 0.24929606625207185 0.4086749482393195
0.03718426501027498 0.02921325051753786 0.014948240165600521 0.014699792960632091 0.01159420289852672 0.008509316770168718 0.00699792960661077 0.007494824016547629 0.007142857142842354 0.009772256728758236 0.009068322981347684 0.012712215320884653 0.01277432712212676 0.015424430641790011 0.009896480331242451 0.010289855072442464 0.009565217391284544 0.008944099378863469 0.008592132505158194 0.008612836438905563 0.009213250517579269 0.011407867494800397 0.01619047619044267 0.02774327122147465 0.04014492753614877 0.6418633540359382
0.035175983436780175 0.027432712215264114 0.009358178053810853 0.007163561076589723 0.004637681159410688 0.004409937888189628 0.0031262939958527406 0.005155279503094917 0.003913043478252768 0.00627329192545285 0.005383022774315977 0.008571428571410826 0.009461697722547699 0.04130434782600144 0.008033126293979228 0.018281573498926954 0.006024844720484421 0.026480331262885133 0.006190476190463374 0.017763975155242723 0.008012422360231858 0.023498964803263977 0.016045548654211084 0.031697722567222156 0.0459627329191595 0.6206418219448848
0.025507246376758785 0.025403726708021938 0.011739130434758304 0.009751552795010866 0.007494824016547629 0.008716356107642409 0.006645962732905495 0.007039337474105509 0.005693581780526515 0.006604554865410756 0.006252587991705481 0.012028985507221472 0.020248447204927023 0.04817805383012799 0.008509316770168718 0.016273291925432146 0.005093167701852809 0.02900621118006417 0.009834368530000344 0.0234161490682745 0.009834368530000344 0.02608695652168512 0.016293995859179514 0.02991718426494841 0.04614906832288582 0.5782815734977675
0.031469979296001094 0.026397515527895658 0.008509316770168718 0.006128364389221266 0.004679089026905427 0.004968944099368594 0.00434782608694752 0.007743271221516059 0.007060041407852878 0.008654244306400301 0.008737060041389778 0.012505175983410962 0.014037267080716278 0.04571428571419107 0.011449275362295137 0.020103519668695436 0.008840579710126624 0.029337474120022074 0.007080745341600247 0.020393374741158606 0.008530020703916086 0.02538302277427457 0.01565217391301107 0.028115942028927296 0.04256728778459096 0.5915942028973259
0.04198198198195677 0.0322942942942749 0.015213213213204076 0.010576576576570225 0.007405405405400958 0.007429429429424967 0.006948948948944775 0.007249249249244896 0.00856456456455942 0.01011411411410804 0.011909909909902757 0.015363363363354136 0.01662462462461464 0.015033033033024005 0.009843843843837932 0.01041441441440816 0.006648648648644655 0.006834834834830729 0.005357357357354139 0.0058858858858823505 0.0068708708708667444 0.008534534534529408 0.013261261261253297 0.030678678678660254 0.03946546546544176 0.6494954954951054
0.019648033126253316 0.016086956521705824 0.009026915113852946 0.005776397515515991 0.004182194616968567 0.00579710144926336 0.005859213250505467 0.00819875776395818 0.008467908902673979 0.012670807453389915 0.015010351966842628 0.018385093167663798 0.019151138716316456 0.06639751552781284 0.012505175983410962 0.025942028985453537 0.007681159420273952 0.040931677018548794 0.006066252587979159 0.0231469979295587 0.008509316770168718 0.030724637681095807 0.019958592132463853 0.028385093167643094 0.2107453416144705 0.37074534161413925
0.034927536231811745 0.02975155279496946 0.009875776397495081 0.006397515527937065 0.005403726708063346 0.005631469979284407 0.00604554865423179 0.008633540372652933 0.007660455486526583 0.010724637681137216 0.011407867494800397 0.017329192546547974 0.01745341614903219 0.04554865424421212 0.01062111801240037 0.019482401656274365 0.006356107660442326 0.02583850931671669 0.004803312629389641 0.015093167701832106 0.005942028985494944 0.020248447204927023 0.015486542443032119 0.03298136645955904 0.0404554865423593 0.5859006211167994
0.040294294294270096 0.03211411411409482 0.013159159159151257 0.008552552552547416 0.006516516516512603 0.006138138138134451 0.0065105105105066 0.007855855855851138 0.009273273273267704 0.011903903903896755 0.01572372372371428 0.0192732732732617 0.019621621621609835 0.018114114114103234 0.011573573573566623 0.00998798798798199 0.00708708708708283 0.006330330330326529 0.004624624624621847 0.005261261261258102 0.005315315315312123 0.007393393393388953 0.011447447447440572 0.03164564564562664 0.035615615615594225 0.648666666666277
0.045335989375817974 0.030924302788836407 0.021585657370512195 0.014804780876490092 0.011322709163343606 0.00955644090305191 0.008127490039838479 0.0075697211155358385 0.0077025232403698 0.008281540504645874 0.009614873837978854 0.01141832669322406 0.01232669322708836 0.011989375830010095 0.00833731739707614 0.00794687915006429 0.0060531208499319915 0.006610889774234632 0.0060212483399718405 0.007723771580343234 0.009203187250993571 0.013250996015932735 0.020355909694549708 0.030063745019912335 0.04384329349268424 0.6300292164672961
0.017060041407832172 0.018178053830190107 0.009275362318821376 0.007080745341600247 0.00507246376810544 0.004803312629389641 0.006687370600400233 0.010455486542421417 0.014389233954421553 0.01981366459623227 0.02850931677012731 0.04946169772246488 0.059772256728654716 0.09060041407848737 0.02751552795025359 0.02774327122147465 0.011801242236000412 0.033685300206969596 0.008115942028968703 0.02291925465833764 0.009855072463747712 0.027432712215264114 0.012236024844695163 0.019482401656274365 0.1003726708072456 0.3576811594195493
0.032691511387095876 0.025362318840527198 0.01134575569355829 0.008136645962716073 0.00629399585920022 0.006438923395431804 0.006811594202884448 0.008964803312610839 0.009958592132484557 0.011987577639726734 0.013188405797074143 0.016790890269116374 0.0161697722566953 0.047246376811496384 0.012153209109705687 0.022318840579663934 0.010082815734968772 0.02966873705997998 0.007805383022758167 0.018033126293958524 0.007391304347810784 0.024099378881937684 0.017784679088990094 0.02799171842644308 0.04892339544503328 0.5523602484460614
0.029417821782166568 0.025639603960385886 0.012792079207915726 0.009196039603956754 0.007897029702967169 0.008253465346531385 0.008067326732670072 0.009421782178214091 0.010685148514847254 0.012653465346529643 0.013928712871281612 0.019497029702962576 0.022491089108901983 0.026550495049494437 0.014328712871281454 0.014796039603954536 0.009160396039600333 0.012289108910886222 0.006633663366334006 0.009196039603956754 0.006728712871284464 0.012007920792074453 0.015112871287122728 0.03032871287127512 0.04549702970295228 0.6074297029700565
0.03289855072456957 0.024161490683179788 0.012919254658358345 0.008053830227726596 0.006004140786737051 0.005196687370589655 0.004037267080736983 0.00699792960661077 0.005900621118000206 0.0073498964803160455 0.008612836438905563 0.01279503105587413 0.016314699792926886 0.048488612836338534 0.009772256728758236 0.02031055900616913 0.007805383022758167 0.02774327122147465 0.006169772256716005 0.017991718426463785 0.0064596273291791725 0.023871635610716622 0.017536231884021664 0.02919254658379049 0.05534161490671772 0.5780745341602939
0.02945671641789286 0.024961194029835845 0.015391044776110214 0.011952238805963014 0.009582089552233086 0.010799999999993553 0.011952238805963014 0.013958208955215547 0.016059701492527726 0.02037611940297291 0.02472835820894046 0.033337313432815915 0.04124776119400522 0.03944477611937944 0.0247582089552091 0.019707462686555398 0.014011940298499097 0.012811940298499814 0.009952238805964207 0.009797014925367286 0.009182089552233324 0.011599999999993074 0.014853731343274714 0.02338507462685171 0.03053731343281759 0.5161552238802889
0.023354037267032394 0.019544513457516472 0.009627329192526651 0.006604554865410756 0.007039337474105509 0.007681159420273952 0.007908902691495013 0.011925465838484627 0.011718426501010935 0.016356107660421622 0.017060041407832172 0.019378881987537518 0.018840579710105918 0.051262939958486 0.012215320910947795 0.02149068322976917 0.009937888198737189 0.030724637681095807 0.009461697722547699 0.0200621118012007 0.008260869565200288 0.025465838509264045 0.017080745341579544 0.027619047618990436 0.04196687370591725 0.5474120082804401
0.03723723723721487 0.025243243243228082 0.01637837837836854 0.013939939939931567 0.012462462462454978 0.012930930930923165 0.013435435435427367 0.015657657657648254 0.018312312312301314 0.02088288288287034 0.02639039039037454 0.03459459459457382 0.038480480480457366 0.029663663663645846 0.02080480480479231 0.016162162162152455 0.012522522522515001 0.012006006005998795 0.011471471471464581 0.013303303303295313 0.014168168168159658 0.015417417417408158 0.016030030030020403 0.021585585585572623 0.0333033033032833 0.49761561561531675
0.04834834834831931 0.037615615615593026 0.02036036036034813 0.012810810810803116 0.00884084084083553 0.006132132132128449 0.0058678678678643435 0.0059879879879843915 0.005729729729726288 0.005543543543540214 0.006864864864860742 0.008342342342337331 0.008750750750745495 0.009933933933927967 0.006348348348344536 0.006630630630626648 0.004846846846843935 0.006420420420416564 0.005075075075072027 0.007375375375370946 0.008990990990985591 0.012378378378370945 0.018090090090079225 0.0313033033032845 0.04366966966964344 0.6577417417413467
0.046384384384356526 0.03998798798796397 0.014750750750741892 0.00781381381380912 0.005201201201198077 0.0039039039039015593 0.003507507507505401 0.0031111111111092426 0.002786786786785113 0.002858858858857142 0.0030030030030011993 0.0034414414414393746 0.0034114114114093624 0.005267267267264104 0.0030510510510492186 0.004672672672669866 0.0031051051051032403 0.0042042042042016795 0.002786786786785113 0.0041021021020996385 0.00445645645645378 0.00810810810810324 0.013549549549541412 0.034684684684663854 0.040018018017993984 0.7318318318313923
0.04496096096093396 0.0413033033032785 0.011123123123116443 0.00563363363363025 0.003777777777775509 0.003483483483481391 0.0027987987987971178 0.0026786786786770697 0.002456456456454981 0.0026966966966950772 0.0033633633633613435 0.004270270270267705 0.004648648648645857 0.004672672672669866 0.002516516516515005 0.004096096096093636 0.0022942942942929165 0.003153153153151259 0.002006006006004801 0.003357357357355341 0.0032792792792773096 0.006396396396392555 0.012336336336328926 0.03643243243241055 0.045525525525498184 0.7407387387382939
0.038294294294271294 0.03457057057054981 0.016318318318308517 0.009681681681675866 0.006732732732728689 0.005915915915912363 0.005519519519516205 0.005339339339336132 0.005369369369366144 0.006228228228224488 0.00798798798798319 0.009471471471465783 0.010270270270264103 0.009981981981975988 0.006456456456452579 0.005741741741738293 0.0035555555555534203 0.004726726726723888 0.0035135135135114033 0.003993993993991595 0.004588588588585833 0.007651651651647056 0.013903903903895553 0.03297897897895917 0.03685285285283072 0.7043543543539313
0.043258666666643596 0.03294399999998243 0.015914666666658178 0.010485333333327742 0.0075519999999959725 0.006421333333329908 0.006090666666663419 0.006623999999996467 0.006906666666662983 0.007535999999995981 0.008143999999995656 0.009914666666661378 0.010047999999994641 0.011365333333327272 0.008442666666662164 0.008485333333328808 0.005962666666663487 0.006559999999996501 0.005375999999997133 0.006175999999996706 0.007050666666662906 0.008815999999995298 0.013525333333326119 0.03175466666664973 0.043514666666643456 0.6711306666663087
0.026882666666659498 0.02734933333332604 0.011151999999997025 0.0065919999999982425 0.0050906666666653095 0.0045226666666654605 0.003887999999998963 0.004399999999998827 0.005031999999998658 0.006314666666664983 0.008837333333330977 0.011930666666663484 0.013735999999996336 0.012621333333329968 0.00823466666666447 0.006626666666664899 0.004719999999998742 0.00454933333333212 0.003933333333332284 0.0045066666666654645 0.005101333333331973 0.00696266666666481 0.011119999999997035 0.024879999999993366 0.23138133333327163 0.5396346666665227
0.026687370600358824 0.02080745341610599 0.01161490683227409 0.009151138716337161 0.007142857142842354 0.006418219461684434 0.007287784679073938 0.010165631469958249 0.010766045548631954 0.014265010351937338 0.01881987577635855 0.032525879917116925 0.03614906832290652 0.06424430641808646 0.017577639751516404 0.02414078674943242 0.009730848861263497 0.03625258799164337 0.008240165631452918 0.019958592132463853 0.008509316770168718 0.02631469979290618 0.01329192546581099 0.02484472049684297 0.042836438923306755 0.49225672877744875
0.02682372322898622 0.025561779242166207 0.008583196046125672 0.005093904448103758 0.0032158154859956455 0.0028896210873137103 0.0027578253706745442 0.0032355848434915202 0.004280065897856909 0.00581878088961917 0.008200988467872091 0.011439868204279592 0.01194728171334038 0.011041186161446115 0.007456342668860805 0.005252059308070757 0.0032125205930796665 0.002909390444809585 0.0022306425041178812 0.0024118616144967343 0.002724876441514753 0.004177924217461556 0.007990115321249427 0.023169686985165347 0.2834794069191817 0.5240955518943907
0.028759628154042826 0.026494023904375434 0.01207968127489719 0.008916334661352214 0.007447543160688593 0.008180610889772063 0.009088977423636364 0.01099335989375538 0.013027888446211678 0.016645418326688807 0.020148738379808726 0.026494023904375434 0.028876494023896714 0.02821513944222358 0.017867197875161257 0.014791500664006696 0.010900398406371607 0.010733067729080814 0.008427622841963233 0.009370517928284364 0.008841965471445194 0.011261620185919984 0.013944223107566017 0.02735192563080283 0.03474369189906116 0.5863984063743463
0.03665465465463264 0.031561561561542606 0.017243243243232887 0.0140180180180096 0.01106306306305642 0.009003003002997596 0.007393393393388953 0.007651651651647056 0.007417417417412963 0.009243243243237692 0.011195195195188471 0.013063063063055217 0.014720720720711879 0.015387387387378146 0.010060060060054018 0.010684684684678267 0.008114114114109242 0.0082642642642593 0.007819819819815122 0.008504504504499397 0.010162162162156058 0.012564564564557018 0.016678678678668662 0.02824024024022328 0.04098498498496037 0.6323063063059265
0.03787987987985713 0.03508708708706602 0.015405405405396153 0.009879879879873946 0.007453453453448977 0.006114114114110442 0.005723723723720286 0.005471471471468185 0.005549549549546217 0.0066846846846806696 0.009273273273267704 0.01191591591590876 0.01529729729728811 0.01409609609608763 0.010042042042036011 0.008954954954949577 0.006324324324320526 0.0064444444444405734 0.005219219219216084 0.00580780780780432 0.006024024024020406 0.008234234234229289 0.012618618618611039 0.031099099099080423 0.03621621621619447 0.6771831831827765
0.03521321321319206 0.027129129129112837 0.013939939939931567 0.01069069069068427 0.01016816816816206 0.009393393393387751 0.008546546546541413 0.009807807807801917 0.009957957957951976 0.012786786786779107 0.014810810810801916 0.021399399399386548 0.022546546546533004 0.025231231231216077 0.018636636636625445 0.017789789789779104 0.014792792792783909 0.016414414414404555 0.01497297297296398 0.016294294294284507 0.014918918918909958 0.015495495495486188 0.017057057057046812 0.025279279279264096 0.0480780780780492 0.5486486486483191
0.03290830945557796 0.033446991404001876 0.012919770773635266 0.0073810888252127844 0.005349570200571533 0.004713467048709251 0.004744985673351076 0.005472779369625939 0.006048710601717465 0.007968481375355883 0.010575931232088661 0.016057306590253277 0.01787965616045333 0.01848424068767379 0.010647564469910989 0.009166189111745224 0.0061747851002847635 0.0076962750716310325 0.005535816618909588 0.0064871060171901185 0.006085959885385075 0.009458452722060327 0.014180515759308258 0.031429799426925094 0.0372922636103045 0.6718939828078304
0.03077477477475629 0.029609609609591827 0.012786786786779107 0.00921321321320768 0.008282282282277308 0.008216216216211282 0.008246246246241293 0.009873873873867943 0.01111711711711044 0.014306306306297714 0.017165165165154855 0.02273273273271908 0.026564564564548608 0.023117117117103233 0.014534534534525806 0.01214414414413685 0.008432432432427368 0.008150150150145256 0.006630630630626648 0.007255255255250898 0.007831831831827127 0.010972972972966382 0.01517117117116206 0.02819219219217526 0.03266666666664705 0.616012012011642
0.03853002070385397 0.03265010351960114 0.0064596273291791725 0.0033126293995790626 0.001904761904757961 0.002194616977221129 0.001884057971010592 0.0032919254658316938 0.002587991718421143 0.004534161490673842 0.0034368530020632776 0.005424430641810716 0.007080745341600247 0.04026915113863298 0.00627329192545285 0.0159006211179795 0.005652173913031776 0.028923395445074693 0.0046997929606527955 0.01662525879913742 0.005734989648021252 0.019544513457516472 0.01062111801240037 0.03416149068315909 0.046728778467812156 0.6515734989634543
0.03149224259519563 0.03284062059237437 0.013401974612125979 0.008174894217205029 0.0064203102961900085 0.005348377997177617 0.004942172073341342 0.005385049365301725 0.006248236953453809 0.00790126939350976 0.010062059238361055 0.01324118476727412 0.014428772919601008 0.014651622002816741 0.009864598025385087 0.009125528913960755 0.006380818053594815 0.0072834978843420925 0.005647390691112653 0.00720733427362279 0.00678702397743109 0.010205923836386402 0.015294781382224176 0.03467418899857978 0.045435825105769975 0.66755430183338
0.04089696969694491 0.03066666666664808 0.016339393939384037 0.013260606060598024 0.011133333333326586 0.010303030303024058 0.008921212121206714 0.009254545454539846 0.01023030303029683 0.011569696969689958 0.01386060606059766 0.018187878787867765 0.019854545454533423 0.02019999999998776 0.013430303030294891 0.01287272727271947 0.009939393939387916 0.010466666666660324 0.009533333333327556 0.010599999999993576 0.01063636363635719 0.013139393939385976 0.016515151515141505 0.02659999999998388 0.039715151515127445 0.5918727272723685
0.03159420289848531 0.026956521739074625 0.012463768115916225 0.006811594202884448 0.005279503105579131 0.005859213250505467 0.006107660455473897 0.008550724637663456 0.0072256728778318305 0.009233954451326638 0.008737060041389778 0.014389233954421553 0.012919254658358345 0.048571428571328006 0.009316770186316114 0.02124223602480074 0.009585921325031914 0.03360248447198012 0.007929606625242381 0.020890269151095466 0.010310559006189834 0.025962732919200905 0.0167080745341269 0.026211180124169335 0.04211180124214883 0.5714285714273883
0.03603385416665728 0.03512760416665752 0.012531249999996736 0.007932291666664601 0.005499999999998568 0.004903645833332056 0.004354166666665533 0.00459635416666547 0.00505729166666535 0.005994791666665105 0.007968749999997925 0.0099843749999974 0.011057291666663787 0.010838541666663844 0.00790104166666461 0.006700520833331588 0.004880208333332062 0.004820312499998745 0.0037838541666656814 0.004265624999998889 0.004872395833332065 0.0072994791666647655 0.012393229166663439 0.03230208333332492 0.03641145833332385 0.7124895833331478
0.03183199999999151 0.026253333333326332 0.013015999999996529 0.009242666666664201 0.008042666666664523 0.009421333333330822 0.010170666666663955 0.012637333333329963 0.014191999999996215 0.01847466666666174 0.022887999999993896 0.03448533333332414 0.04052266666665586 0.03372799999999101 0.02154666666666092 0.015767999999995796 0.01133333333333031 0.010658666666663824 0.008845333333330974 0.008791999999997656 0.00831999999999778 0.009973333333330673 0.012973333333329874 0.027055999999992784 0.03234933333332471 0.5474773333331874
0.0405705705705462 0.034696696696675855 0.01607207207206242 0.009747747747741894 0.006732732732728689 0.006792792792788713 0.00603603603603241 0.0064984984984945956 0.0059879879879843915 0.008408408408403359 0.009675675675669864 0.012600600600593032 0.015867867867858338 0.016852852852842732 0.011501501501494593 0.011465465465458579 0.008876876876871545 0.008780780780775507 0.006228228228224488 0.0076876876876830706 0.007603603603599037 0.010798798798792314 0.0155255255255162 0.030786786786768296 0.03897897897895557 0.6452252252248377
0.0430630630630372 0.03957957957955581 0.015471471471462179 0.0073993993993949556 0.004660660660657861 0.003939939939937574 0.00297897897897719 0.0026966966966950772 0.0030510510510492186 0.0034234234234213675 0.0035195195195174057 0.00448048048047779 0.005549549549546217 0.00743543543543097 0.0043243243243217275 0.005027027027024008 0.0028108108108091225 0.003837837837835533 0.00282882882882713 0.004792792792789914 0.005573573573570226 0.00856456456455942 0.015375375375366141 0.036090090090068416 0.04634834834832051 0.7171771771767464
0.02924693042291153 0.025064120054563422 0.010663028649383175 0.007522510231921549 0.006578444747610756 0.006646657571621651 0.007366984993176708 0.009841746248291995 0.011405184174621717 0.016038199181441736 0.01998090040927149 0.028908594815817486 0.03526875852659338 0.037997271487029194 0.021716234652108674 0.018046384720322498 0.012150068212820695 0.011118690313775957 0.008586630286491518 0.008884038199179023 0.008300136425645758 0.01042564802182526 0.0137653478853987 0.025582537517046224 0.034365620736689126 0.574529331514168
0.041385542168649765 0.0321686746987758 0.017301204819266686 0.011337349397583532 0.009680722891560434 0.009879518072283206 0.009301204819271505 0.010746987951800754 0.010927710843366911 0.012307228915655237 0.015295180722882351 0.019325301204807636 0.020867469879505503 0.021012048192758426 0.015277108433725737 0.01295180722890786 0.009825301204813359 0.009765060240957973 0.008246987951802261 0.009361445783126891 0.01039156626505398 0.012692771084329703 0.017439759036134074 0.02747590361444128 0.03716867469877279 0.5878674698791639
0.02996996996995197 0.02918918918917166 0.014504504504495794 0.009855855855849936 0.008852852852847535 0.007315315315310922 0.006300300300296516 0.006672672672668665 0.007375375375370946 0.00948948948948379 0.01304504504503721 0.01695495495494477 0.018906906906895553 0.01768168168167106 0.012288288288280907 0.011453453453446574 0.007483483483478989 0.007999999999995195 0.005693693693690274 0.0064984984984945956 0.007099099099094835 0.010960960960954377 0.015183183183174064 0.0313093093092905 0.036174174174152446 0.6517417417413504
0.025587131367285364 0.02782573726540809 0.011512064343160452 0.007367292225199097 0.005447721179623204 0.00509115281501204 0.005691689008041369 0.007557640750668215 0.009924932975868652 0.01479892761393705 0.021378016085785153 0.03538337801607631 0.042018766756020905 0.04086863270776384 0.02464879356567704 0.01847453083109424 0.011241286863267764 0.009965147453080438 0.006541554959783769 0.006809651474529005 0.0062573726541538185 0.008179624664877164 0.012391420911524828 0.026675603217151025 0.02856300268095749 0.5797989276137856
0.03581780538294862 0.02706004140781147 0.01014492753621088 0.0073498964803160455 0.004057971014484352 0.004182194616968567 0.0030848861283580024 0.006853002070379186 0.005134575569347547 0.008178053830210811 0.0077225672877686904 0.011407867494800397 0.010496894409916155 0.05385093167690714 0.009813664596252974 0.018219461697684847 0.007163561076589723 0.031097308488548452 0.008405797101431871 0.016687370600379527 0.007329192546568677 0.019296066252548042 0.014886128364358413 0.03155279503099057 0.041180124223517224 0.5990269151126314
0.024467065868248823 0.02058682634729306 0.012287425149693242 0.011191616766460364 0.011149700598795718 0.012143712574843028 0.013544910179632608 0.01484431137723662 0.016365269461068043 0.02228143712573516 0.030700598802376827 0.04292215568859705 0.044419161676620106 0.04510179640715862 0.031287425149681865 0.02564670658681099 0.018311377245498018 0.015550898203583503 0.012005988023944907 0.01214970059879512 0.01020958083831724 0.010538922155682312 0.011820359281430048 0.01995808383232338 0.025065868263458045 0.4854491017961165
0.0312972972972785 0.020876876876864337 0.01700300300299279 0.01842642642641536 0.017033033033022803 0.015711711711702277 0.013927927927919562 0.015303303303294113 0.01649849849848859 0.021423423423410557 0.028126126126109232 0.040876876876852326 0.04504504504501799 0.039213213213189664 0.030012012011993987 0.02549549549548018 0.020966966966954374 0.020888888888876342 0.016858858858848733 0.016858858858848733 0.016468468468458577 0.015897897897888348 0.015057057057048014 0.019117117117105634 0.027855855855839124 0.43375975975949926
0.04100398406373413 0.03594422310756017 0.015949535192558845 0.007548472775562404 0.005027888446213804 0.0042496679946867864 0.003978751660025504 0.0041885790172631636 0.004496679946877955 0.005806108897740822 0.0076945551128797625 0.009954847277553797 0.011479415670647681 0.011503320053117794 0.007237715803450933 0.006332005312083311 0.00444621513944105 0.00458698539176505 0.003442231075696297 0.004292164674633654 0.004924302788843314 0.008201859229745498 0.01596281540504224 0.034029216467454444 0.039686586985381224 0.6980318725097747
0.0289855072463168 0.023333333333285022 0.008488612836421348 0.007329192546568677 0.005445134575558085 0.005031055900610702 0.004140786749473829 0.005859213250505467 0.005051759834358071 0.00699792960661077 0.006666666666652864 0.008592132505158194 0.010559006211158262 0.04592132505166476 0.008322981366442396 0.0178467908902322 0.006438923395431804 0.02699792960656936 0.005652173913031776 0.014637681159389983 0.005776397515515991 0.01790890269147431 0.013788819875747848 0.029337474120022074 0.18200828157312213 0.49888198757660684
0.028923395445074693 0.02583850931671669 0.010289855072442464 0.007432712215305522 0.005486542443052823 0.005051759834358071 0.0057142857142738835 0.008302277432695026 0.007536231884042368 0.011221532091074075 0.01159420289852672 0.015610766045516334 0.021863354037221814 0.06271221532078114 0.015424430641790011 0.02126293995854811 0.009026915113852946 0.03472049689433805 0.008881987577621361 0.017494824016526925 0.009296066252568746 0.020579710144884928 0.01639751552791636 0.033271221532022215 0.04213250517589621 0.5439337474108821
0.034917142857132884 0.03375999999999035 0.009668571428568666 0.004845714285712901 0.003271428571427637 0.002437142857142161 0.0021457142857136727 0.002371428571427894 0.0025514285714278427 0.0030342857142848473 0.004331428571427334 0.0054257142857127355 0.005859999999998326 0.006382857142855319 0.004508571428570141 0.0038085714285703404 0.0025542857142849843 0.0025457142857135584 0.0020028571428565706 0.0023314285714279054 0.002754285714284927 0.00460571428571297 0.009257142857140212 0.029474285714277293 0.1601428571428114 0.6550114285712414
0.04639285714282953 0.0359404761904548 0.016827380952370935 0.011940476190469083 0.010297619047612918 0.008577380952375847 0.008142857142852296 0.007249999999995684 0.007660714285709726 0.008851190476185208 0.010214285714279634 0.01341666666665868 0.014761904761895974 0.014565476190467521 0.010654761904755563 0.01059523809523179 0.007922619047614331 0.009547619047613365 0.007755952380947765 0.008958333333328001 0.009238095238089739 0.011821428571421535 0.016827380952370935 0.030178571428553465 0.040880952380928044 0.6207797619043924
0.032366366366346926 0.026378378378362537 0.01329729729728931 0.011699699699692673 0.00948948948948379 0.009579579579573826 0.010924924924918363 0.014102102102093632 0.017255255255244892 0.02175375375374069 0.026222222222206472 0.033345345345325315 0.034834834834813914 0.03012012012010203 0.02093693693692436 0.01720120120119087 0.013267267267259299 0.01141741741741056 0.01036636636636014 0.010120120120114042 0.01046846846846218 0.011045045045038412 0.011987987987980788 0.023303303303289308 0.030168168168150048 0.538348348348025
0.0315555555555366 0.025075075075060016 0.012498498498490992 0.009993993993987992 0.009447447447441774 0.011303303303296515 0.012174174174166863 0.015063063063054017 0.015129129129120043 0.018666666666655455 0.02192792792791476 0.02821021021019327 0.031807807807788704 0.0345525525525318 0.02373573573572148 0.02166366366365065 0.015633633633624244 0.015261261261252095 0.012534534534527006 0.013249249249241292 0.011285285285278506 0.011333333333326527 0.013327327327319323 0.02386186186184753 0.034138138138117634 0.5265705705702544
0.021842650103474446 0.019544513457516472 0.006645962732905495 0.006397515527937065 0.0048240165631370105 0.0045755693581685805 0.004761904761894903 0.00652173913042128 0.006418219461684434 0.009710144927516129 0.011262939958568814 0.01641821946166373 0.018902691511348026 0.053540372670696605 0.01256728778465307 0.02246376811589552 0.008654244306400301 0.03447204968936962 0.007412008281558153 0.01807453416145326 0.008592132505158194 0.023354037267032394 0.012505175983410962 0.022629399585874472 0.17805383022737462 0.45985507246281604
0.010437185929642996 0.01045226130652741 0.005537688442208272 0.004070351758791924 0.003216080402008434 0.0032613065326616776 0.00309045226130498 0.003693467336681561 0.004527638190952498 0.006492462311554526 0.007708542713563965 0.01164321608039616 0.015110552763811503 0.043301507537666685 0.008914572864317129 0.017080402010041667 0.0057889447236151815 0.026060301507524593 0.005246231155776258 0.014160804020093386 0.006231155778891341 0.01646733668340881 0.010733668341703148 0.01713065326632305 0.43288442211033523 0.3067587939696951
0.04094610778440662 0.031634730538903214 0.021005988023939517 0.01444311377244644 0.011724550898196573 0.01004790419161075 0.00845508982035422 0.008826347305383937 0.009814371257479153 0.01094011976047249 0.01435928143711715 0.018323353293402202 0.019808383233521073 0.019161676646695113 0.015508982035918857 0.013610778443105622 0.011646706586819372 0.011437125748496145 0.009658682634724755 0.011011976047897597 0.011952095808376077 0.013988023952087432 0.01723353293412142 0.02461676646705113 0.039401197604766826 0.5804431137721076
0.020060060060048013 0.017969969969959178 0.009951951951945974 0.007891891891887153 0.00771171171170708 0.008102102102097235 0.00896096096095558 0.01387387387386554 0.014156156156147653 0.019309309309297713 0.021963963963950773 0.03853453453451139 0.04272672672670107 0.0568348348348007 0.023357357357343327 0.03152552552550659 0.018132132132121243 0.029201201201183663 0.016336336336326526 0.02568768768767226 0.016054054054044413 0.02548948948947418 0.019837837837825924 0.026708708708692668 0.0748948948948499 0.40472672672648363
0.035674999999982165 0.025444999999987276 0.016689999999991656 0.014954999999992523 0.012984999999993507 0.01287999999999356 0.012829999999993584 0.013914999999993042 0.014374999999992812 0.01649999999999175 0.02005999999998997 0.024749999999987626 0.02885999999998557 0.029524999999985237 0.022089999999988955 0.018529999999990734 0.015464999999992268 0.014874999999992563 0.01255999999999372 0.013349999999993326 0.014024999999992988 0.014324999999992838 0.015449999999992275 0.023709999999988143 0.036364999999981815 0.5198099999997401
0.029485029940102103 0.023586826347291267 0.012838323353285726 0.010053892215562842 0.009844311377239614 0.010778443113766 0.011407185628735684 0.014209580838314844 0.016173652694601092 0.02220359281435796 0.02867065868261756 0.03913173652692267 0.043988023952069466 0.041035928143688005 0.026359281437109965 0.022568862275435586 0.016538922155678717 0.015335329341308183 0.011544910179633805 0.012107784431130475 0.010838323353286923 0.012251497005980688 0.012994011976040123 0.021245508982023206 0.03432934131734471 0.49047904191587394
0.0356873315363689 0.026738544474379115 0.01477628032344217 0.011509433962257946 0.010177897574118503 0.00961185983826975 0.010603773584899945 0.013002695417782748 0.013557951482472476 0.016878706199451816 0.01893800539082537 0.02382749326144268 0.025471698113193816 0.02612398921831476 0.019714285714275085 0.01807008086252395 0.01430188679244512 0.01337466307276907 0.010765498652285302 0.010814016172500909 0.00988679245282486 0.011342318059293076 0.013385444743928094 0.024194070080849492 0.03478706199459041 0.5624582210239556
0.03556935817798019 0.026625258799116716 0.012691511387137285 0.00844720496892661 0.006438923395431804 0.005672877846779145 0.005383022774315977 0.006853002070379186 0.005817805383010729 0.007701863354021321 0.007329192546568677 0.011283643892316182 0.012443064182168855 0.044244306418127856 0.008778467908884516 0.020186335403684915 0.0063354037266949575 0.02894409937882206 0.005652173913031776 0.01859213250513749 0.008716356107642409 0.026418219461643026 0.017080745341579544 0.029109730848801016 0.05002070393364385 0.5836645962720834
0.030885542168656095 0.028463855421669598 0.012590361445775548 0.007662650602405023 0.006385542168670852 0.0055481927710809955 0.00598192771083977 0.008831325301199499 0.010813253012041679 0.01580120481926759 0.02062048192769842 0.029837349397572387 0.03189156626504103 0.03533734939756907 0.02339759036143169 0.022331325301191366 0.014963855421677733 0.015373493975894353 0.011421686746981071 0.012614457831317701 0.009301204819271505 0.010746987951800754 0.012325301204811852 0.026301204819261265 0.038018072289133724 0.552554216867137
0.04064264264261823 0.03868468468466145 0.013801801801793512 0.007621621621617044 0.004690690690687873 0.00398198198197959 0.003465465465463384 0.002876876876875149 0.0032432432432412954 0.0035795795795774297 0.005039039039036013 0.006822822822818725 0.008678678678673467 0.008192192192187272 0.005345345345342135 0.00548348348348019 0.0038798798798775494 0.004684684684681871 0.0036096096096074415 0.004498498498495797 0.004954954954951979 0.007843843843839134 0.013483483483475386 0.03375975975973949 0.03613213213211043 0.7250030030025676
0.043229850746242846 0.03957611940296145 0.010423880597008703 0.006310447761190262 0.004710447761191217 0.003217910447759273 0.0027701492537296896 0.0025552238805954895 0.002991044776117617 0.003886567164176784 0.0053671641791012735 0.00717611940298079 0.008919402985069302 0.009092537313427407 0.004794029850743406 0.004214925373131812 0.0026567164179088615 0.0032597014925353674 0.002322388059700106 0.0031820895522369063 0.0035999999999978506 0.006179104477608251 0.010979104477605386 0.034776119402964316 0.04179701492534818 0.7320119402980705
0.039089026915032944 0.03291925465831694 0.007556935817789737 0.0048240165631370105 0.0031262939958527406 0.003643892339536969 0.0033954451345685394 0.004223602484463305 0.0033540372670738013 0.004906832298126487 0.0031055900621053713 0.005300207039326501 0.005507246376800192 0.04927536231873856 0.008674948240147671 0.017950310558969045 0.006894409937873924 0.03086956521732739 0.006811594202884448 0.015403726708042641 0.005527950310547561 0.01614906832294793 0.01111801242233723 0.03476190476183279 0.046252587991622664 0.6293581780525273
0.037513513513490984 0.028156156156139246 0.015987987987978385 0.013951951951943571 0.012762762762755097 0.012408408408400956 0.011051051051044414 0.012012012012004797 0.011909909909902757 0.0137717717717635 0.016042042042032408 0.02313513513512124 0.02455855855854381 0.027549549549533002 0.01944744744743577 0.016408408408398554 0.012714714714707078 0.013507507507499395 0.011753753753746694 0.013075075075067222 0.012798798798791112 0.013789789789781508 0.014942942942933968 0.02526726726725209 0.042846846846821114 0.5426366366363107
0.037515527950232885 0.03217391304341165 0.006728778467894971 0.0037474120082738147 0.0023395445134527133 0.0025258799171790354 0.0017598343685263772 0.003602484472042231 0.0026708074534106192 0.003975155279494875 0.0035610766045474926 0.007184265010337093 0.006935817805368663 0.0387163561075803 0.006666666666652864 0.018281573498926954 0.004368530020694889 0.027619047618990436 0.003333333333326432 0.014679089026884723 0.004016563146989614 0.021097308488569156 0.011904761904737257 0.03275362318833799 0.052298136645854455 0.6495445134562121
0.03461861861859783 0.029213213213195668 0.009657657657651857 0.005159159159156061 0.004150150150147657 0.004516516516513804 0.004852852852849939 0.007225225225220885 0.007489489489484991 0.011471471471464581 0.013765765765757498 0.0207747747747623 0.021951951951938768 0.030174174174156052 0.01847447447446338 0.020468468468456177 0.013471471471463381 0.014534534534525806 0.009297297297291713 0.01028828828828211 0.008096096096091233 0.010582582582576227 0.014624624624615841 0.031981981981962775 0.0495735735735438 0.5935855855852291
0.0313033033032845 0.029981981981963973 0.01607207207206242 0.010108108108102037 0.008294294294289312 0.007231231231226888 0.007201201201196876 0.008066066066061221 0.009411411411405758 0.012006006005998795 0.017435435435424963 0.022690690690677064 0.0262882882882725 0.021567567567554614 0.014876876876867942 0.011213213213206478 0.0077897897897851115 0.0073813813813769485 0.005489489489486192 0.006876876876872747 0.0075675675675630225 0.01058858858858223 0.014366366366357738 0.026126126126110434 0.031105105105086423 0.6289609609605832
0.024516129032251473 0.023887096774187128 0.010193548387094034 0.006854838709675576 0.0053870967741921 0.005857526881718855 0.006588709677417584 0.009478494623653366 0.010833333333330421 0.016615591397844996 0.02339247311827328 0.037978494623645706 0.046795698924718604 0.049803763440846825 0.030043010752680097 0.021959677419348934 0.013072580645157776 0.010801075268814301 0.007497311827954974 0.007102150537632499 0.006497311827955243 0.008306451612900993 0.012045698924727944 0.02326075268816579 0.029005376344078224 0.5522258064514645
0.028426501035137833 0.019999999999958593 0.012753623188379392 0.011904761904737257 0.011076604554842492 0.009523809523789806 0.006397515527937065 0.008115942028968703 0.0074741200828002605 0.009896480331242451 0.011035196687347752 0.015175983436821581 0.020579710144884928 0.05598343685288616 0.01258799171840044 0.023602484472000824 0.012194616977200425 0.03813664596265396 0.01229813664593727 0.021200828157306003 0.011718426501010935 0.024265010351916635 0.01689440993785322 0.025983436852948273 0.12320910973059376 0.4495652173903736
0.020124223602442808 0.0209316770185902 0.009606625258779282 0.00844720496892661 0.005921325051747575 0.006418219461684434 0.006397515527937065 0.010269151138695094 0.010372670807431941 0.01401656314696891 0.017515527950274296 0.03236024844713797 0.04826086956511747 0.0864182194615188 0.020828157349853358 0.023105590062063964 0.012236024844695163 0.03656314699785391 0.010538302277410894 0.020600414078632296 0.010993788819853014 0.022360248447158674 0.013416149068295205 0.024016563146948205 0.03600414078667494 0.4722774327112375
0.04951351351348378 0.03940540540538174 0.013945945945937569 0.006720720720716685 0.0037717717717695065 0.0027627627627611036 0.002276276276274909 0.0021141141141128444 0.002240240240238895 0.002744744744743096 0.0034714714714693864 0.005321321321318125 0.006654654654650658 0.007045045045040814 0.004300300300297717 0.005423423423420166 0.003285285285283312 0.00455855855855582 0.00340540540540336 0.004936936936933972 0.005489489489486192 0.008990990990985591 0.014954954954945972 0.034216216216195666 0.04679279279276469 0.7156576576572278
0.027962416107375043 0.027186577181200756 0.012861744966439501 0.009060402684561326 0.007484563758387253 0.006851006711407557 0.007036241610736366 0.00852080536912523 0.010577181208050852 0.014872483221472518 0.02001879194630335 0.028104697986569636 0.030853691275159502 0.028324832214757498 0.019457718120800147 0.015836241610734002 0.011957046979862562 0.010515436241607915 0.008300671140937368 0.007849664429528095 0.0076322147650986225 0.009079194630870046 0.01315436241610385 0.026566442953013 0.030625503355696478 0.5993100671139331
0.04494011976045213 0.03990419161674257 0.015209580838314246 0.006766467065864212 0.004383233532931507 0.002832335329339621 0.0023832335329327047 0.0025149700598787335 0.002826347305387529 0.0037784431137701927 0.00393413173652459 0.0060538922155652375 0.007754491017959429 0.008682634730533724 0.005790419161673179 0.005329341317362078 0.003467065868261397 0.004610778443111012 0.002982035928141927 0.004017964071853881 0.004568862275446366 0.007592814371252939 0.014077844311368815 0.03351497005986017 0.041449101796382365 0.7206347305384906
0.032215320910906384 0.026873706004085146 0.009399585921305591 0.0048240165631370105 0.003043478260863264 0.0033540372670738013 0.00289855072463168 0.006107660455473897 0.00507246376810544 0.008115942028968703 0.008074534161473966 0.012049689440968842 0.013146997929579405 0.04418219461688575 0.009026915113852946 0.016273291925432146 0.005093167701852809 0.024244306418169267 0.00409937888197909 0.015175983436821581 0.005051759834358071 0.025900621117958798 0.013188405797074143 0.03476190476183279 0.04689440993779111 0.620931677017348
0.043255255255229275 0.03136936936935053 0.017711711711701075 0.013141141141133248 0.011531531531524605 0.01021621621621008 0.009465465465459781 0.009249249249243694 0.009753753753747896 0.01041441441440816 0.012876876876869142 0.015207207207198073 0.01845645645644537 0.018732732732721483 0.014798798798789911 0.014084084084075625 0.011489489489482588 0.011327327327320525 0.009705705705699877 0.010846846846840332 0.010774774774768304 0.01296696696695918 0.016894894894884747 0.026876876876860734 0.03810210210207922 0.590750750750396
0.030062111801179996 0.023519668737011345 0.01354037267077942 0.014347826086926816 0.013146997929579405 0.012132505175958317 0.010724637681137216 0.01186335403724252 0.011180124223579337 0.01424430641818997 0.012898550724610975 0.02047619047614808 0.024368530020653482 0.06712215320897076 0.015983436852968977 0.024037267080695576 0.013933747411979433 0.03699792960654866 0.013706004140758373 0.022753623188358687 0.015486542443032119 0.024285714285664003 0.014057971014463648 0.027722567287727283 0.04076604554856984 0.4706418219451953
0.032546546546527 0.028174174174157254 0.014162162162153656 0.010900900900894354 0.010138138138132049 0.010882882882876347 0.010522522522516203 0.012066066066058818 0.012948948948941172 0.015579579579570223 0.018924924924913558 0.02185585585584273 0.02376576576575149 0.025039039039024002 0.01690090090089075 0.014852852852843932 0.010498498498492194 0.010576576576570225 0.007843843843839134 0.008006006006001197 0.008804804804799516 0.010372372372366143 0.01354354354353541 0.02506306306304801 0.03114714714712844 0.5948828828825256
0.03632595573439182 0.03494969818912074 0.013376257545266246 0.008680080482893891 0.007010060362170218 0.00545674044265374 0.005235412474846988 0.004957746478871245 0.005702213279675774 0.006788732394363465 0.008193158953719037 0.011601609657943017 0.016849094567397645 0.014917505030175084 0.009356136820921788 0.0070784708249468494 0.0047605633802797745 0.005102615694162937 0.004321931589535484 0.005158953722331928 0.004937625754525176 0.007505030181083499 0.0128329979879224 0.03172233400401138 0.03474044265592163 0.6924386317904658
0.019407185628730894 0.016976047904181453 0.008730538922150461 0.006365269461074033 0.005736526946104349 0.006209580838319635 0.006287425149696834 0.010934131736520398 0.012437125748495547 0.020844311377233027 0.029191616766449584 0.05487425149697313 0.06421556886223699 0.07780838323348634 0.04020958083829928 0.03487425149698511 0.01985628742513781 0.019107784431126283 0.01177245508981331 0.014179640718554383 0.010311377245502807 0.014023952095799985 0.013940119760470694 0.02125748502992739 0.041796407185603714 0.41865269461052773
0.034924242424222075 0.029609557109539855 0.015524475524466478 0.011952214452207488 0.009749417249411568 0.00906177156176628 0.008589743589738585 0.009143356643351315 0.01059440559439942 0.01397435897435083 0.018461538461527705 0.02320512820511468 0.026474358974343547 0.025343822843808074 0.01828671328670263 0.016689976689966964 0.012913752913745389 0.01248834498833771 0.00987179487178912 0.011136363636357147 0.01025641025640428 0.011736596736589897 0.014463869463861035 0.024120046620032563 0.03333916083914141 0.5780885780882412
0.037960843373482545 0.0357831325301097 0.014430722891561918 0.008114457831322856 0.005653614457829623 0.004512048192769725 0.0036174698795169826 0.003891566265059069 0.004545180722890198 0.005572289156624828 0.007605421686744697 0.010078313253009013 0.011427710843370052 0.01123192771083999 0.007587349397588076 0.006581325301202837 0.00460240963855283 0.004924698795179239 0.004346385542167365 0.005237951807227338 0.006069277108431907 0.0084939759036119 0.01498493975903163 0.030527108433725744 0.03980120481926512 0.7024186746985837
0.035231231231210074 0.02861261261259543 0.01617417417416446 0.011447447447440572 0.010156156156150056 0.009549549549543814 0.00884084084083553 0.009267267267261702 0.009627627627621845 0.010780780780774307 0.013273273273265301 0.01785585585584513 0.022162162162148853 0.020036036036024003 0.013663663663655456 0.01219219219218487 0.009285285285279709 0.009135135135129648 0.007543543543539013 0.00821021021020528 0.008672672672667464 0.012036036036028807 0.015555555555546214 0.026774774774758692 0.03763363363361103 0.6162822822819122
0.038966966966943566 0.029231231231213673 0.018846846846835526 0.013951951951943571 0.010876876876870344 0.009555555555549817 0.009423423423417763 0.00948948948948379 0.01094294294293637 0.013207207207199275 0.015405405405396153 0.017861861861851135 0.018906906906895553 0.01765765765764705 0.014504504504495794 0.012990990990983189 0.010096096096090032 0.011255255255248495 0.010108108108102037 0.01116516516515846 0.009099099099093634 0.011801801801794713 0.01639639639638655 0.026576576576560613 0.03775375375373108 0.5939279279275712
0.026873706004085146 0.02318840579705344 0.01159420289852672 0.007784679089010798 0.007515527950294999 0.006190476190463374 0.0063354037266949575 0.009213250517579269 0.009792960662505604 0.013333333333305728 0.014637681159389983 0.018530020703895384 0.018178053830190107 0.04619047619038056 0.010745341614884584 0.01807453416145326 0.006438923395431804 0.02749482401650622 0.006086956521726528 0.018240165631432215 0.007018633540358139 0.024658385093116648 0.01354037267077942 0.03043478260863264 0.05478260869553875 0.5631262939946933
0.035512893982787674 0.03261891117476641 0.011879656160451646 0.006601719197703953 0.00511747851002572 0.005220630372489845 0.0052951289398250456 0.0066590257879618 0.008269340974207295 0.01044126074497969 0.012699140401138854 0.016418338108873113 0.019358166189100655 0.019810888252137643 0.012148997134663525 0.011232091690537975 0.008418338108877698 0.008120343839536893 0.0057020057306557586 0.006137535816615394 0.006636103151858661 0.0086418338108833 0.012406876790823836 0.029885386819467116 0.039805157593100396 0.654962750715957
0.023995859213200837 0.021407867494779693 0.006977225672863401 0.0054658385093054535 0.004430641821936997 0.004741200828147533 0.004057971014484352 0.008074534161473966 0.007577639751537107 0.013126293995832037 0.015776397515495286 0.02679089026909567 0.03848861283635924 0.07082815734974984 0.017991718426463785 0.022360248447158674 0.008592132505158194 0.03289855072456957 0.007204968944084462 0.021614906832253384 0.008799171842631886 0.0270393374740641 0.014368530020674185 0.026231884057916703 0.06728778467894972 0.4938716356097435
0.022608695652127104 0.02316770186330607 0.009544513457537174 0.007929606625242381 0.006894409937873924 0.005983436852989682 0.003602484472042231 0.006190476190463374 0.007991718426484488 0.011739130434758304 0.012132505175958317 0.02149068322976917 0.028405797101390465 0.06190476190463374 0.010662525879895109 0.019047619047579612 0.005859213250505467 0.030393374741137902 0.006231884057958112 0.021614906832253384 0.00627329192545285 0.02517598343680088 0.013354037267053098 0.02316770186330607 0.06298136645949694 0.5456521739119138
0.03360248447198012 0.027122153209053576 0.009648033126274021 0.006169772256716005 0.004430641821936997 0.0033954451345685394 0.0032712215320843245 0.004616977225663319 0.004844720496884379 0.007929606625242381 0.008343685300189764 0.013395445134547835 0.015279503105558428 0.0509937888197702 0.012422360248421485 0.02298136645957975 0.007329192546568677 0.033188405797032736 0.007308488612821308 0.017929606625221677 0.007018633540358139 0.025051759834316664 0.01354037267077942 0.028426501035137833 0.04759834368520166 0.5841614906820204
0.03440993788812752 0.02894409937882206 0.01354037267077942 0.007329192546568677 0.0039544513457475065 0.003478260869558016 0.00337474120082117 0.0054658385093054535 0.004741200828147533 0.0064596273291791725 0.00699792960661077 0.010372670807431941 0.009999999999979296 0.043830227743180475 0.007080745341600247 0.019213250517558563 0.004285714285705413 0.030227743271158947 0.004658385093158057 0.01782608695648483 0.008095238095221335 0.024699792960611387 0.016521739130400576 0.029130434782548384 0.0462939958591174 0.6090683229801055
0.029510534846019607 0.02981847649917996 0.011393841166933098 0.0070016207455406805 0.0047649918962707405 0.003909238249593546 0.0038055105348447954 0.004256077795784682 0.005598055105346646 0.007056726094000954 0.010045380875199336 0.013513776337110692 0.014191247974063471 0.013186385737434948 0.008959481361423351 0.006897893030791929 0.004580226904374528 0.004171799027551322 0.003588330632089599 0.003831442463531983 0.004288492706643667 0.0059416531604518825 0.010554294975685396 0.028003241491076823 0.13559157212313272 0.6255397082655995
0.03242642642640695 0.026498498498482584 0.015237237237228085 0.012774774774767102 0.012516516516508999 0.011771771771764701 0.011033033033026407 0.011549549549542612 0.012816816816809119 0.016666666666656657 0.021615615615602633 0.03169369369367466 0.043183183183157246 0.04084084084081631 0.0280420420420252 0.020816816816804314 0.015861861861852334 0.014528528528519803 0.010636636636630248 0.009633633633627847 0.010174174174168063 0.011309309309302518 0.013237237237229287 0.023051051051037205 0.02777177177175509 0.5143123123120034
0.03365333333332436 0.03416266666665756 0.011669333333330222 0.006175999999998353 0.004583999999998777 0.003943999999998948 0.0035279999999990592 0.004090666666665576 0.004591999999998776 0.005957333333331745 0.00745066666666468 0.0095013333333308 0.009978666666664006 0.010909333333330424 0.007322666666664714 0.006309333333331651 0.004642666666665429 0.004850666666665373 0.0034399999999990827 0.004218666666665542 0.004410666666665491 0.006639999999998229 0.011893333333330161 0.03313066666665783 0.038093333333323175 0.7248506666664734
0.030579710144864224 0.026894409937832518 0.008612836438905563 0.009213250517579269 0.008467908902673979 0.00797101449273712 0.00629399585920022 0.008840579710126624 0.009006211180105576 0.014906832298105783 0.0159006211179795 0.01840579710141117 0.019089026915074348 0.06449275362305489 0.01745341614903219 0.024306418219411374 0.013188405797074143 0.03451345755686436 0.012960662525853083 0.02293995859208501 0.013933747411979433 0.025010351966821925 0.015548654244274226 0.024078674948190312 0.041097308488527745 0.506293995858165
0.03521739130427491 0.03115942028979056 0.010517598343663524 0.006066252587979159 0.004492753623179104 0.0039544513457475065 0.003457556935810647 0.0062111801242107426 0.004554865424421212 0.007122153209094985 0.005921325051747575 0.009523809523789806 0.009316770186316114 0.05302277432701238 0.009606625258779282 0.018674948240126967 0.007826086956505536 0.031138716356043192 0.007556935817789737 0.015734989648000547 0.007432712215305522 0.017246376811558495 0.01372670807450574 0.033374741200759055 0.04196687370591725 0.6051759834356001
0.04730120481924861 0.03995180722889159 0.012698795180715242 0.0070963855421643995 0.004361445783129902 0.0032349397590341958 0.002957831325299423 0.0027048192771068043 0.0028614457831308065 0.0026626506024080344 0.0038614457831302037 0.005102409638551143 0.006240963855417927 0.006512048192767161 0.003596385542166508 0.004439759036141903 0.0027289156626489584 0.0038975903614434353 0.002614457831323726 0.0038132530120458955 0.00457831325300929 0.007686746987947177 0.014114457831316799 0.03596987951805062 0.04190963855419162 0.7271024096381162
0.0359039548022396 0.030192090395463167 0.015067796610160979 0.01133333333332693 0.009655367231632963 0.008322033898300383 0.00712429378530671 0.00825423728813093 0.009378531073441028 0.011864406779654314 0.013338983050839921 0.017039548022589245 0.018067796610159285 0.020118644067785244 0.015220338983042248 0.014661016949144259 0.010118644067790894 0.010807909604513668 0.007728813559317667 0.008542372881351106 0.007423728813555128 0.011220338983044508 0.014932203389822072 0.029615819209022815 0.050994350282457065 0.6030734463273429
0.035465465465444164 0.031033033033014395 0.016696696696686667 0.010852852852846335 0.008894894894889552 0.008756756756751497 0.0076876876876830706 0.008420420420415364 0.009453453453447776 0.01133933933933253 0.014408408408399754 0.020090090090078023 0.02589189189187634 0.021597597597584627 0.013975975975967583 0.010462462462456178 0.00790990990990516 0.008426426426421366 0.005963963963960382 0.0071591591591548594 0.0077897897897851115 0.01141741741741056 0.016582582582572624 0.026762762762746688 0.03702702702700479 0.615933933933564
0.024741200828106127 0.019730848861242795 0.0089233954451161 0.006811594202884448 0.006066252587979159 0.005610766045537037 0.006066252587979159 0.007515527950294999 0.008964803312610839 0.014327122153179446 0.017681159420253247 0.023498964803263977 0.02679089026909567 0.056708074534044084 0.016356107660421622 0.021801242235979706 0.006915113871621294 0.027370600414022006 0.006149068322968635 0.019792960662484902 0.010724637681137216 0.029420289855011553 0.02242236024840078 0.02604554865419038 0.1612215320907635 0.4183436852993409
0.030559006211116856 0.026459627329137765 0.011428571428547767 0.007763975155263428 0.005672877846779145 0.0062111801242107426 0.00627329192545285 0.007494824016547629 0.007391304347810784 0.010331262939937202 0.010434782608674049 0.013457556935789943 0.014140786749453125 0.043892339544422586 0.008881987577621361 0.020103519668695436 0.007142857142842354 0.02751552795025359 0.004679089026905427 0.017929606625221677 0.006935817805368663 0.02770186335397991 0.015238095238063689 0.02999999999993789 0.06600414078661283 0.5663561076592829
0.03811480362535461 0.03278549848940617 0.018030211480351645 0.011141993957697195 0.008211480362532803 0.006477341389724183 0.006265861027186547 0.00687613293050944 0.007661631419934947 0.009232628398785962 0.010211480362531593 0.01325679758307356 0.015915407854975278 0.016670694864038264 0.010767371601201952 0.010519637462229293 0.007794561933530034 0.007993957703922663 0.006217522658606515 0.007673716012079956 0.008616314199390565 0.012024169184282766 0.01659818731116822 0.027915407854968027 0.0332930513594965 0.649734138972417
0.030480480480462174 0.019897897897885947 0.015639639639630245 0.015531531531522202 0.015477477477468181 0.01747747747746698 0.018618618618607436 0.01890090090088955 0.020486486486474182 0.02716516516514885 0.03514114114112003 0.046606606606578616 0.04821021021018126 0.04353753753751139 0.029249249249231682 0.02170570570569267 0.015195195195186069 0.013945945945937569 0.012714714714707078 0.012414414414406959 0.012474474474466982 0.014234234234225686 0.014936936936927965 0.01947747747746578 0.02814414414412724 0.43233633633607665
0.0344954128440156 0.024911314984694243 0.014837920489287561 0.011302752293571068 0.009620795107027754 0.008862385321095498 0.009608562691125621 0.01174923547399893 0.012764525993875986 0.014917431192651426 0.020110091743106965 0.03593272171251625 0.05062996941892928 0.04351070336388776 0.021308868501516018 0.015149847094791957 0.011296636085620001 0.011009174311919872 0.009333333333327625 0.009363914373082958 0.009186544342502026 0.010483180428128144 0.013675840978584907 0.02326605504585733 0.030709480122305375 0.5319633027519682
0.040496894409854045 0.029151138716295752 0.007619047619031844 0.003643892339536969 0.0018426501035158538 0.002360248447200082 0.002008281573494807 0.0034161490683159088 0.0031677018633474788 0.004037267080736983 0.0037474120082738147 0.0059627329192423134 0.006190476190463374 0.04010351966865403 0.0067080745341476025 0.01716356107656902 0.005900621118000206 0.027225672877790423 0.004265010351958043 0.016521739130400576 0.006480331262926541 0.023954451345706097 0.012277432712189902 0.035527950310485445 0.055217391304233504 0.635010351965559
0.028654244306358892 0.02391304347821136 0.008488612836421348 0.005610766045537037 0.003457556935810647 0.0022981366459579747 0.0014285714285684709 0.0038716356107580297 0.0023395445134527133 0.004534161490673842 0.0031055900621053713 0.006438923395431804 0.00507246376810544 0.046480331262843726 0.0038302277432632915 0.017349896480295342 0.002463768115936928 0.03254658385086429 0.0025258799171790354 0.01687370600410585 0.003498964803305385 0.021159420289811263 0.011739130434758304 0.02803312629393782 0.18571428571390122 0.5285714285703342
0.03120120120118246 0.023477477477463378 0.014180180180171663 0.013471471471463381 0.012834834834827126 0.013741741741733489 0.014942942942933968 0.017525525525515 0.017765765765755094 0.020678678678666258 0.022978978978965177 0.026984984984968777 0.025747747747732284 0.02498498498496998 0.01980180180178991 0.01985585585584393 0.015357357357348134 0.016666666666656657 0.01334534534533733 0.013825825825817522 0.012246246246238891 0.0130210210210132 0.014108108108099635 0.021453453453440567 0.03338738738736734 0.5264144144140982
0.021614266842794817 0.0184412153236411 0.010951122853365667 0.00952972258916525 0.009056803170407118 0.010240422721265458 0.011907529722586022 0.013999999999996302 0.016626155878463243 0.022377807133415487 0.031186261558776438 0.05133949801848049 0.06871070013208225 0.06211096433287659 0.038478203434600136 0.02889035667106238 0.019508586525754424 0.016877146631435434 0.012253632760895045 0.012113606340815822 0.010047556142665774 0.010517833553497882 0.012354029062083922 0.01865521796564897 0.02572523117568673 0.43648612945827303
0.017734939759025462 0.017463855421676226 0.008216867469874567 0.006506024096381623 0.00622891566264685 0.006915662650598243 0.008439759036139494 0.013584337349389406 0.015006024096376502 0.021759036144565206 0.025108433734924634 0.05025903614454803 0.1003192771083733 0.09381927710837722 0.0364819277108214 0.0323554216867275 0.019771084337337486 0.019253012048181174 0.011325301204812455 0.014289156626497415 0.011030120481921066 0.013301204819269096 0.012120481927703541 0.0188192771084224 0.03107228915660779 0.3888192771081995
0.03577199999998569 0.01527599999999389 0.010803999999995678 0.009715999999996113 0.009059999999996377 0.009383999999996246 0.01017199999999593 0.013087999999994765 0.015003999999993998 0.01947199999999221 0.023455999999990616 0.03221199999998711 0.03231199999998707 0.0394959999999842 0.02185199999999126 0.023791999999990484 0.016039999999993584 0.019431999999992226 0.01217599999999513 0.0159999999999936 0.01212799999999515 0.018607999999992558 0.022503999999991 0.03886799999998445 0.07495599999997002 0.44841999999982063
0.0356935817804644 0.0270393374740641 0.01720496894406376 0.009855072463747712 0.00652173913042128 0.007142857142842354 0.005652173913031776 0.006149068322968635 0.005424430641810716 0.008509316770168718 0.008985507246358208 0.013602484472021528 0.01565217391301107 0.048985507246275393 0.01306418219458993 0.02128364389229548 0.009689440993768759 0.02724637681153779 0.007308488612821308 0.016749482401621635 0.008426501035179241 0.02252587991713763 0.01571428571425318 0.031780538302211635 0.04395445134566469 0.5658385093155986
0.03213250517591691 0.021407867494779693 0.013167701863326775 0.011987577639726734 0.009047619047600316 0.008385093167684503 0.008881987577621361 0.009834368530000344 0.008737060041389778 0.010538302277410894 0.009482401656295067 0.013581780538274158 0.016024844720463716 0.05175983436842286 0.011490683229789874 0.022608695652127104 0.010310559006189834 0.034699792960590684 0.010476190476168787 0.024968944099327185 0.01229813664593727 0.027349896480274638 0.01906832298132698 0.026438923395390394 0.1137888198755408 0.4615320910963529
0.047479041916139234 0.04100598802392754 0.012928143712567109 0.006676646706582828 0.004077844311374803 0.0028203592814354367 0.002251497005986676 0.002077844311376001 0.0022634730538908603 0.0024071856287410736 0.0024910179640703647 0.003083832335327495 0.003389221556884198 0.005389221556883 0.0027904191616749756 0.0036227544910157946 0.00204790419161554 0.003113772455087956 0.002203592814369938 0.0028982035928126356 0.003497005988021858 0.006502994011972154 0.012940119760471294 0.034988023952074856 0.04324550898201003 0.7438083832330875
0.027386034255592256 0.026996047430822925 0.010476943346505804 0.007035573122527791 0.006021080368904869 0.005868247694333105 0.00610540184453067 0.007728590250327344 0.009014492753620812 0.012316205533593593 0.014893280632407142 0.020827404479572903 0.022964426877464306 0.023884057971008198 0.016951251646899354 0.01523583662713696 0.01111198945981262 0.00978392621870625 0.006864295125162881 0.006571805006585884 0.006163372859023409 0.008216073781289008 0.012940711462447184 0.02923847167324658 0.03455072463767205 0.6408537549405426
0.024492753623137697 0.023105590062063964 0.009544513457537174 0.007370600414063415 0.00627329192545285 0.006169772256716005 0.005755693581768622 0.009689440993768759 0.008550724637663456 0.012877846790863607 0.013478260869537313 0.02178053830223234 0.024554865424379804 0.051387163560970214 0.014120082815705755 0.02153209109726391 0.009337474120063484 0.02921325051753786 0.006956521739116032 0.017536231884021664 0.00795031055898975 0.022339544513411306 0.01397515527947417 0.02799171842644308 0.07840579710128694 0.5256107660444604
0.025424430641769306 0.020496894409895453 0.0058385093167580985 0.005258799171831762 0.004223602484463305 0.004761904761894903 0.004202898550715936 0.006977225672863401 0.005900621118000206 0.009399585921305591 0.010848861283621431 0.01594202898547424 0.021304347826042846 0.0727950310557499 0.014803312629368936 0.02828157349890625 0.008467908902673979 0.030393374741137902 0.007908902691495013 0.021801242235979706 0.00579710144926336 0.02513457556930614 0.01157349896477935 0.027370600414022006 0.05734989648021253 0.547743271220398
0.029834368529958934 0.026107660455432488 0.014596273291895246 0.01186335403724252 0.00917184265008453 0.009192546583831899 0.009151138716337161 0.009917184264989819 0.011987577639726734 0.01376811594200048 0.01666666666663216 0.0217391304347376 0.02223602484467446 0.028385093167643094 0.018923395445095397 0.015569358178021596 0.011946169772231995 0.011987577639726734 0.009006211180105576 0.010496894409916155 0.010807453416126692 0.013478260869537313 0.012153209109705687 0.023706004140737667 0.029772256728716827 0.5975362318828208
0.0342857142856433 0.026977225672821993 0.012173913043453055 0.006501035196673911 0.0039544513457475065 0.0030848861283580024 0.003498964803305385 0.005652173913031776 0.004409937888189628 0.007432712215305522 0.008902691511368731 0.013706004140758373 0.01258799171840044 0.044575569358085765 0.009089026915095054 0.01881987577635855 0.007287784679073938 0.027908902691453605 0.008053830227726596 0.01981366459623227 0.009482401656295067 0.024451345755642957 0.019089026915074348 0.03312629399579063 0.049130434782506976 0.5860041407855362
0.03130434782602214 0.026915113871579886 0.016314699792926886 0.011242236024821444 0.010496894409916155 0.008530020703916086 0.008136645962716073 0.011490683229789874 0.012132505175958317 0.015859213250484762 0.02118012422355863 0.030559006211116856 0.035921325051685465 0.03532091097301176 0.019710144927495423 0.01664596273288479 0.011635610766021457 0.011014492753600384 0.009523809523789806 0.009482401656295067 0.010559006211158262 0.014658385093137353 0.015507246376779488 0.023209109730800807 0.028530020703874677 0.5541200828145877
0.016356107660421622 0.014182194616947863 0.0038716356107580297 0.009937888198737189 0.016335403726674254 0.0072463768115792 0.003726708074526446 0.005424430641810716 0.005652173913031776 0.008136645962716073 0.010020703933726664 0.016935817805347957 0.020641821946127036 0.06242236024831797 0.013933747411979433 0.030124223602422104 0.00869565217389504 0.03780538302269605 0.007287784679073938 0.022753623188358687 0.009254658385074006 0.029896480331201042 0.012629399585895177 0.018530020703895384 0.2224223602479867 0.38577639751472925
0.023635999999990547 0.0242519999999903 0.009711999999996114 0.00652399999999739 0.004911999999998035 0.004031999999998388 0.0032959999999986815 0.004195999999998322 0.004103999999998358 0.005051999999997979 0.005707999999997717 0.006815999999997274 0.006619999999997352 0.007891999999996843 0.005031999999997987 0.004223999999998311 0.0027239999999989105 0.003011999999998795 0.0024239999999990302 0.0034279999999986288 0.00329999999999868 0.005555999999997778 0.009755999999996098 0.026411999999989434 0.23345199999990662 0.5839279999997664
0.02391304347821136 0.020186335403684915 0.007763975155263428 0.006107660455473897 0.004741200828147533 0.005424430641810716 0.00507246376810544 0.006811594202884448 0.007060041407852878 0.010103519668716142 0.013623188405768896 0.02271221532086395 0.02803312629393782 0.06654244306404443 0.0144927536231584 0.02463768115936928 0.008509316770168718 0.03134575569351688 0.007494824016547629 0.0217391304347376 0.010062111801221404 0.025258799171790355 0.013809523809495218 0.026149068322927228 0.08966873705985576 0.49873706004037527
0.031718426500969524 0.027122153209053576 0.010289855072442464 0.00629399585920022 0.004679089026905427 0.004906832298126487 0.0039544513457475065 0.0065838509316633875 0.004782608695642272 0.007929606625242381 0.008571428571410826 0.016790890269116374 0.02051759834364282 0.04828157349886484 0.007453416149052892 0.01592132505172687 0.005362318840568608 0.025817805382969322 0.004782608695642272 0.01931677018629541 0.005879917184252836 0.023747412008232407 0.0161697722566953 0.031532091097243205 0.05732919254646516 0.5842650103507572
0.019246153846143976 0.01907179487178509 0.008779487179482678 0.006051282051278948 0.005056410256407663 0.004261538461536276 0.004164102564100429 0.0054820512820484705 0.007835897435893418 0.009733333333328343 0.013599999999993026 0.017887179487170314 0.018907692307682612 0.0357230769230586 0.011482051282045394 0.01463589743588993 0.005876923076920063 0.016758974358965766 0.003861538461536481 0.009774358974353962 0.004502564102561794 0.012892307692301081 0.013389743589736724 0.026389743589730057 0.274723076922936 0.42991282051260005
