0.05226480836226094 0.03332918533260053 0.01594906255181693 0.014891322382580697 0.01327360212374881 0.010224821635950255 0.008773021403665229 0.007300481168061846 0.0069686411149681255 0.0071553011448333426 0.008378961340616437 0.0110336817653662 0.011075161772002913 0.013398042143658955 0.007549361207882136 0.008607101377118368 0.004334660693536721 0.006408661025372473 0.005060560809679234 0.00667828106851112 0.0060768209722787524 0.008399701343934795 0.012817322050744945 0.030508544881303907 0.04069188651061745 0.6488510038148149
0.028668119871040752 0.026067006154745564 0.00936767291910817 0.004849611664712335 0.0033484759671743715 0.0029482341735050056 0.0028163467174675033 0.0037917643610781994 0.004673761723328998 0.006750989155919664 0.00953344812426642 0.0164190723915577 0.02044805099648113 0.023995274032823127 0.013318801289565018 0.011446732121921578 0.007144819753809428 0.008490254982414229 0.0051317042790147704 0.007327080890972366 0.005772823856974853 0.010283558030479716 0.013413137456036287 0.029617892731533046 0.14985712192261233 0.574518244431366
0.02440860215050014 0.022580645161255637 0.019324116743441897 0.0171735791090366 0.014039938556046022 0.016666666666641065 0.017219662058345284 0.019185867895515844 0.020414746543747444 0.025591397849423055 0.03138248847921447 0.0444546850997781 0.04958525345614503 0.04102918586783252 0.025637480798731738 0.02003072196617507 0.012319508448521782 0.011290322580627819 0.0088940092165762 0.009600614439309369 0.009769585253441213 0.012841781874020212 0.01499231950842551 0.0211520737326864 0.025253456221159366 0.4651612903218661
0.03776824034329361 0.028884120171632496 0.01725321888409549 0.013218884120152763 0.012861230329023088 0.011945636623731121 0.011587982832601448 0.014763948497832956 0.01583690987122198 0.019313304721002414 0.023175965665202896 0.03155937052928246 0.037625178826841736 0.029213161659471798 0.020901287553618166 0.019742489270358023 0.014406294706703281 0.013147353361926828 0.012017167381957057 0.012317596566505983 0.011402002861214016 0.01280400572244234 0.013247496423443136 0.022517882689524295 0.033490701001382704 0.5089985693841073
0.047734653847313846 0.03855429435023867 0.019035981864338025 0.011383002668877805 0.00639891957939741 0.005016238464251236 0.005530724460584696 0.005209170712876283 0.005787967458751426 0.006205987330772362 0.006640084890178719 0.009099971060148076 0.012122576288607153 0.009019582623220973 0.007267114698210124 0.007347503135137227 0.00562719058489722 0.007090260136970497 0.004453519405761514 0.005996977394761894 0.007781600694543584 0.010418341425752566 0.015129103829680812 0.03156050033758069 0.03974404321675979 0.6698446895387796
0.048707561728316764 0.03604038065837828 0.017570087448531425 0.010673868312740043 0.008246527777764521 0.005465534979415082 0.005304783950608756 0.005256558641966859 0.005658436213982674 0.007089120370358974 0.01003086419751474 0.014290766460882377 0.018068415637831035 0.015769675925900575 0.01083461934154637 0.0101594650205598 0.005754886831266469 0.006799768518507588 0.004774305555547881 0.005240483539086226 0.006124614197521019 0.010239840534962963 0.016010802469110064 0.02763310185180743 0.04237397119334752 0.645881558640937
0.022827758554365585 0.015266564141972212 0.010300525438917242 0.009499551454553537 0.013216070742001127 0.01581122645133953 0.02023260284502718 0.02755350506211144 0.033977316416708356 0.04565551710873117 0.05509099064453561 0.0635652953991036 0.05736575676012853 0.051630783032084404 0.03718121235416317 0.02649621940275135 0.018534537998176125 0.016916570549761444 0.013792772010742995 0.015618992695092242 0.014113161604488477 0.011421889017026428 0.009243239779557152 0.012174804562328312 0.02140202486219819 0.3611111111105326
0.026363434163695205 0.02030249110319833 0.009810943060496038 0.008620996441279222 0.009374999999997915 0.011083185053378318 0.012740213523128839 0.016427935943056846 0.021187722419924112 0.03017126334518902 0.04078736654803363 0.05750444839856372 0.06782695729535858 0.0571085409252542 0.03632784697508089 0.024986654804264905 0.01833852313166852 0.01488656583629562 0.011874999999997358 0.010762900355869492 0.009864323843414177 0.009873220640567199 0.010636120996438915 0.020262455516009727 0.027842526690385266 0.41503336298923155
0.02618409745736881 0.022106522435050117 0.008273096429580493 0.006116362533478043 0.004802102815540612 0.005054845068990118 0.004785253331977312 0.0053075873224396235 0.007026234645896264 0.008508989199466698 0.011339702438101165 0.01877032468951664 0.023437631636550847 0.04672361792103199 0.012788758024544999 0.01622605267145828 0.005711974927958833 0.020825961684239287 0.004195521407261798 0.013429038399950414 0.006756642908883457 0.016731537178357292 0.013024650794431204 0.027953293231515353 0.12407959696014409 0.5398406038845813
0.05360991379294298 0.03894276819911715 0.018498563218335432 0.009159482758593272 0.005896791187721812 0.005238266283509224 0.004011015325658492 0.0034422892720203475 0.0036518199233607166 0.004430076628339229 0.004609674329488118 0.006645114942508845 0.006824712643657732 0.008920019157061422 0.00466954022987108 0.008381226053614759 0.003591954022977754 0.005717193486572925 0.0038613505747010853 0.0063158524904025504 0.005028735632168856 0.008800287356295497 0.013619492337123984 0.02939415708803462 0.035141283524799026 0.7015984195381297
0.041216563785941976 0.036490483539035994 0.017875514403263446 0.010947145061710798 0.006590792181059364 0.0054333847736538175 0.005561985596698878 0.005594135802460143 0.00638181584361114 0.0079893261316744 0.010947145061710798 0.01565715020573615 0.02025462962959707 0.01847029320984685 0.010754243827143206 0.010818544238665736 0.007137345679000872 0.009243184156363743 0.006944444444433281 0.007699974279823013 0.008198302469122624 0.010979295267472062 0.01572145061725868 0.028951260288019302 0.03247170781887784 0.6416698816862113
0.026496787383167898 0.01981600467288996 0.010751314252332524 0.010601635514014822 0.010820677570089508 0.013292202102798885 0.01513580607476083 0.017954147196255127 0.020217581775693553 0.02581410630840179 0.03190347546727807 0.05041983060745823 0.07388288551399172 0.05775043808409107 0.03304614485980102 0.027270735981298456 0.020750584112141958 0.0190091997663482 0.015475321261676594 0.014080753504667757 0.011974299065416189 0.011685893691584518 0.012273656542051594 0.017107184579433006 0.025708235981299028 0.4067610981306926
0.04741778368142451 0.03807913698015924 0.01608098860842877 0.009539910638792537 0.007366260113498035 0.008090810288596203 0.007104616994712586 0.0074065129010034885 0.007245501750981674 0.007970051926079842 0.007990178319832567 0.009620416213803445 0.011633055589076131 0.011612929195323404 0.005514631888247163 0.007084490600959859 0.0043070482630835506 0.007547397657272577 0.005232862375708987 0.005836654188290793 0.00617880288208715 0.008654349313672555 0.011170148532763415 0.03471802922345386 0.04001127078042102 0.666586161090314
0.03578129187875695 0.03602251407119801 0.018145269364732926 0.011766282497958278 0.008469579201263818 0.009729295095122676 0.009702492629295891 0.01018493701417801 0.011766282497958278 0.012838381131029648 0.015840257303629483 0.017314392924102615 0.01728759045827583 0.019270972929457862 0.012570356472761805 0.012275529348667179 0.007236665773231743 0.008657196462051308 0.006057357276853237 0.007665505226460291 0.00873760385953166 0.009916912355910166 0.012302331814493963 0.02602519431780749 0.0341731439291499 0.6202626641634407
0.013219247223936902 0.014100530372199362 0.008412248233414391 0.007402778445404665 0.004806998990522509 0.004887115640364551 0.005223605569701127 0.0078514316845201 0.00821996827379349 0.011905334166527415 0.013892227082610053 0.021727635437161743 0.03334454966425781 0.053982598663567784 0.017609639635280793 0.020734188979120424 0.009485811341297752 0.027463987565851937 0.007963594994298957 0.019436299251679348 0.01068756108892838 0.022769151885108287 0.012802640644758284 0.019644602541268655 0.18165649185184563 0.4407697607709773
0.03182671254288463 0.031240225211013294 0.012198936502923838 0.012238035658381928 0.009305598999025236 0.007780731936159756 0.009383797309941414 0.01419299343128639 0.016421645292397476 0.019393181107212255 0.022012824522904234 0.028972474194444115 0.031005630278264758 0.03354707538304055 0.022364716922027038 0.020683453237329202 0.014857679074073905 0.016812636846978368 0.010204879574561287 0.010947763528264983 0.008875508288986254 0.011729746637426769 0.01368470441033123 0.02166093212378143 0.02987175476998017 0.5387863622124696
0.02088269454120687 0.018617886178840165 0.01538908246223532 0.014634146341446419 0.014866434378612233 0.014878048780470525 0.016736353077797052 0.021382113821113376 0.025145180023199598 0.03552845528451158 0.042868757258951375 0.05919860627170825 0.07061556329840811 0.06537746806031895 0.041173054587640916 0.02803716608591401 0.018315911730524603 0.01537746806037703 0.012845528455269633 0.012903600464561087 0.011022067363517976 0.011718931475015425 0.011649245063865681 0.014645760743304708 0.02125435540067218 0.36493612078935544
0.039794608472284415 0.029991831018701155 0.019663904772961652 0.013478818998676978 0.01079472517210061 0.013157894736803717 0.015141790173838423 0.016454662154229038 0.017271560275360975 0.019167930913702974 0.021326875948123096 0.023048196989079683 0.029554207025237617 0.024711168164241126 0.014820865911965162 0.014762516046170024 0.01038627611153464 0.01263274594464747 0.009131753996939164 0.008985879332451319 0.010998949702383595 0.012866145407828026 0.017038160812180424 0.02453611856685571 0.03232582565050669 0.5379565876982788
0.01599434737921378 0.016267343268216425 0.009265801644383887 0.006519784172651401 0.005122687564226101 0.005684737923937428 0.006005909558058187 0.009024922918793319 0.011048304213754098 0.01631551901333454 0.019735996916720618 0.03184416752307322 0.04282823741000317 0.06690005138735403 0.023509763617639533 0.029017857142810542 0.013842497430604698 0.030174075025645276 0.011754881808819766 0.023172533401812738 0.014035200411077153 0.024425102774883696 0.014902363823203202 0.019832348406956846 0.14513746145917084 0.38763810380204966
0.03133642034852509 0.02094990031509912 0.015451154415050081 0.01328059682292546 0.014984886487852941 0.018071901729985736 0.018152292751916276 0.02202714000896838 0.023281239951084828 0.029053315325697708 0.033844620232757985 0.041144125024051154 0.03874847257052102 0.038925332818768206 0.029535661457280957 0.028024310244986778 0.02135185542475183 0.020419319570357548 0.014631165991358558 0.013296675027311569 0.012251591742214529 0.012492764808006153 0.013312753231697677 0.01869895170104396 0.039230818702104264 0.4175027332940744
0.05198518518510817 0.04148148148142003 0.01721481481478931 0.01065185185183607 0.006785185185175133 0.005392592592584604 0.003570370370365081 0.0030666666666621235 0.0035111111111059095 0.0042666666666603455 0.0049037037036964385 0.007259259259248505 0.008133333333321283 0.010088888888873942 0.006192592592583418 0.006029629629620697 0.0031555555555508805 0.005925925925917147 0.003807407407401767 0.005614814814806497 0.005970370370361525 0.009570370370356192 0.01302222222220293 0.03254814814809993 0.03893333333327565 0.690918518517495
0.04622522989908266 0.04005050659179178 0.006749471028644975 0.00285847981770797 0.0020039876302080785 0.0018475850423174734 0.0017217000325518645 0.0018361409505206 0.0022023518880205533 0.002888997395832966 0.004378000895181735 0.005658467610676364 0.0065040588378897975 0.006169637044270049 0.004154205322265097 0.0031789143880204293 0.00195439656575496 0.0021006266276038994 0.001295725504557127 0.0014203389485675276 0.0013758341471352417 0.0024414062499996895 0.005945841471353411 0.03933461507160958 0.04443232218423914 0.7612711588540698
0.032913330193058345 0.032638561783575444 0.012305699481841133 0.010696341654869884 0.008557073323895908 0.005887894488919202 0.004278536661947954 0.005672005024325498 0.0068888365520354666 0.009930915371310389 0.01297299419058531 0.017016015072976495 0.018173967655797273 0.020784267545884784 0.014032815198590766 0.010892604804500525 0.007340241796185939 0.008596325953822035 0.006182289213365163 0.0068888365520354666 0.0060056523786975865 0.007300989166259811 0.00891034699323106 0.0253571989322787 0.027339456743548162 0.6724368032644991
0.050062305295872175 0.04347352024915347 0.007975077881607515 0.0027102803738275542 0.002087227414326967 0.0020249221183769083 0.0020249221183769083 0.002647975077877495 0.002570093457939922 0.00313084112149045 0.0037538940809910375 0.004626168224291859 0.007118380062294208 0.008348909657307868 0.004408099688466654 0.005996884735193151 0.004003115264791272 0.006869158878493973 0.003769470404978552 0.004781931464167007 0.003052959501552877 0.005311526479742506 0.009517133956371469 0.03238317757004302 0.039797507788100005 0.7375545171328075
0.03790341039130716 0.021057450217392863 0.017578393224954043 0.016479743648394416 0.012291142137760835 0.014145113298205206 0.017875944151938942 0.025818265049151252 0.03028152895392474 0.03712520027457742 0.03907072556640176 0.04021515220865137 0.038338292515362006 0.04030670634003134 0.03277637903402889 0.030373083085304706 0.024010070954396865 0.0227283131150773 0.018402380407373763 0.0165255207140844 0.01274891279466068 0.012977798123110602 0.009979400320416618 0.014328221560965144 0.023231860837667127 0.3934309910725717
0.047117117116975624 0.0360960960959877 0.01963963963958066 0.013003003002963955 0.010540540540508887 0.008408408408383158 0.009009009008981954 0.008138138138113699 0.00984984984982027 0.009069069069041834 0.012582582582544797 0.014834834834790285 0.020450450450389037 0.01849849849844295 0.011051051051017865 0.01192192192188612 0.00792792792790412 0.009429429429401113 0.006606606606586767 0.006816816816796346 0.00810810810808376 0.010900900900868165 0.013363363363323232 0.026546546546466827 0.03735735735724517 0.6127327327308927
0.031799593925957846 0.03382996368202171 0.024021275987234345 0.016671909405425744 0.00897938173808522 0.007320769824680944 0.007635334153085203 0.010580800137234177 0.01364065314989379 0.017272441305106603 0.020074923503617274 0.02596585547191522 0.03457347936734086 0.0263376133145748 0.01318310503585123 0.011982041236489513 0.007549543881702223 0.008207269295638402 0.005004432497340489 0.007520947124574563 0.008293059567021381 0.01338328233574485 0.01381223369265975 0.02685235494287268 0.029740627412766334 0.5757671080083051
0.053475682087718295 0.022384341636984124 0.020616844602585272 0.02271648873069666 0.02132858837482642 0.02200474495845551 0.019869513641732065 0.01868327402133015 0.01758007117435637 0.017734282325008618 0.01947805456699943 0.02340450771052977 0.026773428232471207 0.02284697508894087 0.015954922894405747 0.016239620403302207 0.013475682087765747 0.014139976275190818 0.011874258600223161 0.014092526690374741 0.014151838671394837 0.016702253855258954 0.018588374851697998 0.026678529062839053 0.038149466192125565 0.47105575326160015
0.03683100639900227 0.029286649214606445 0.012961751018010177 0.010489383362400942 0.010743891797537188 0.013616201279789093 0.015961314717830202 0.01725203606744973 0.02032431646302297 0.023305700988904693 0.026287085514786417 0.027523269342591035 0.025832606166328837 0.023778359511300577 0.014488801628827645 0.014379726585197827 0.009744037230930511 0.011416521233254406 0.009871291448498635 0.011089296102364948 0.011289267015686283 0.012361838278046171 0.012889034322256965 0.021724112856272317 0.030031995346076874 0.5465205061072089
0.03652431791217494 0.024816132858808047 0.014353499406863163 0.012550415183852253 0.01453143534992345 0.01368920521943809 0.012680901542096465 0.014780545670207852 0.015172004744940484 0.017674970343988523 0.023736654804242304 0.03462633451953188 0.03448398576508365 0.028742586002338383 0.01731909845786795 0.014424673784087278 0.009466192170807276 0.008493475682077707 0.005349940688012633 0.008232502965589285 0.008778173190974166 0.009940688018968042 0.011293001186226224 0.024163701067586994 0.030391459074697043 0.5537841043884296
0.03519774011294464 0.025254237288099925 0.019124293785283724 0.013884180790940842 0.012895480225970486 0.013022598870038104 0.015762711864384514 0.017499999999975282 0.02052259887002751 0.023107344632735723 0.027782485875666972 0.036398305084694355 0.04302259886999573 0.03692090395475011 0.024519774011264803 0.020197740112965823 0.014901129943481778 0.015522598870034572 0.011850282485858968 0.013884180790940842 0.012895480225970486 0.015353107344611082 0.017062146892631268 0.020805084745733327 0.03079096045193391 0.4618220338976528
0.03211905677298456 0.027169037549616862 0.01996027169034352 0.018454440599739757 0.014193259002924848 0.012383057798262875 0.010508778674851806 0.010428681276415434 0.010412661796728161 0.014529668076357603 0.018951044470045253 0.03251954376516641 0.04696911444308764 0.04067345892598893 0.023180187107485616 0.019351531462227105 0.014930155068539456 0.014065103165426654 0.011357811098277333 0.01087722670765911 0.012110726643579215 0.013055875945128387 0.014465590157608506 0.01906318082785617 0.028770985518344273 0.5094995514537526
0.024311111111075093 0.02527407407403663 0.01065185185183607 0.005881481481472768 0.00434074074073431 0.0046962962962893385 0.0044888888888822386 0.011851851851834294 0.012059259259241393 0.020459259259228948 0.021674074074041965 0.03314074074069164 0.030311111111066207 0.046651851851782736 0.02672592592588633 0.03309629629624727 0.019881481481452027 0.032207407407359695 0.016399999999975705 0.024844444444407636 0.014711111111089317 0.02500740740737036 0.017274074074048483 0.02517037037033308 0.08917037037023827 0.4197185185178967
0.02162489557225496 0.021261487050951853 0.0071136173767723 0.005008354218878443 0.0039055973266483267 0.00481203007518596 0.005501253132829782 0.009118629908099782 0.0117752715121087 0.01862990810358453 0.02621971595654711 0.043926482873832946 0.04951127819546804 0.057635756056784615 0.033166248955708785 0.0274227234753436 0.016274018379274738 0.015192147034245951 0.007568922305761249 0.008558897243104194 0.005797827903088639 0.00898913951545155 0.009653299916453778 0.022606516290717374 0.03230576441101408 0.526420217209471
0.03189705882351378 0.027259803921555265 0.013965686274502958 0.009039215686270079 0.008127450980388173 0.006524509803918371 0.007098039215682795 0.009490196078426721 0.011210784313719994 0.014735294117639835 0.01916666666665727 0.03202450980390587 0.041558823529391394 0.032789215686258436 0.017892156862736326 0.013053921568621053 0.00986274509803438 0.009073529411760258 0.006274509803918493 0.006357843137251786 0.007073529411761238 0.009499999999995344 0.013700980392150147 0.026450980392143896 0.033931372549002976 0.581941176470303
0.04607124485589302 0.03415959362134426 0.01621977880655829 0.011429398148129774 0.007828575102868074 0.006108539094640386 0.006687242798343159 0.00644611625513367 0.007040895061717077 0.007330246913568463 0.008809156378586662 0.009837962962947148 0.012731481481461015 0.014564043209853132 0.00935570987652817 0.01183127572014559 0.007941100823032503 0.009564686213976395 0.005867412551430897 0.007764274691345543 0.007169495884762137 0.009950488683111576 0.013760288065821502 0.02954603909460271 0.04394933127564952 0.6480356224269418
0.038421813674728286 0.0341871514148792 0.02227501204977527 0.018178062383742415 0.012600702334185082 0.008710321558876574 0.0086070371135144 0.009226743785687438 0.011567857880563356 0.016766508297126052 0.02368656613639163 0.033946154375700796 0.040315361839701455 0.031088618054014017 0.01996832610335341 0.013874543826985214 0.009089031191871207 0.008159471183611652 0.006300351167092541 0.007987330441341364 0.01005301934858482 0.014012256420801445 0.01883219720436951 0.025235832816824223 0.031157474350922133 0.5257522550419137
0.019803267878075563 0.01720581770222586 0.008750366354043748 0.005916617819460185 0.004753443728018322 0.004721387749120318 0.005426619284876409 0.0073884451934342595 0.011451311547478436 0.019799604337630075 0.037117160023443264 0.06899270955450718 0.08764287807736595 0.06589335433762586 0.036425666764357746 0.021363936107852675 0.012859026963656503 0.008795244724500955 0.006429513481828251 0.005547516119577453 0.005341441969518855 0.006324186694020523 0.00892346864009297 0.017476003810080465 0.020937133645953537 0.4847138774911632
0.03660889417660277 0.020097109231775784 0.01919675873819223 0.019807710858838215 0.01975947779668195 0.020563362165952982 0.019132447988650547 0.022074664780182524 0.022894626836838974 0.028184185986642362 0.03138364577634106 0.045998263609688415 0.054326505675336305 0.046191195858313466 0.0266568056850274 0.022926782211609816 0.016222386571889413 0.01662432875652493 0.012990771407419867 0.015579279076472588 0.015659667513399693 0.01818386443291073 0.01947007942374438 0.0194861571111298 0.026496028811173196 0.38348499951705284
0.03425518541789922 0.015421567747114524 0.0159827601687708 0.017845919008669647 0.02049474723888728 0.02269462153177989 0.021819161353996096 0.02628625303038007 0.029204453622992715 0.03407560384296921 0.042538385561545884 0.0527745353325564 0.05863338421464794 0.052437819879562635 0.03614079195466431 0.028149411870278914 0.019978450210963502 0.017845919008669647 0.01596031247190455 0.014882823022324498 0.012750291820030641 0.013446170422884426 0.012907425698094398 0.014074705935139457 0.025927089880520053 0.3434722097505085
0.04117705144654651 0.03930087883867028 0.013666436259477305 0.008255159474655367 0.006773970573700456 0.005253283302053415 0.0034956058062535884 0.0035153549915996536 0.004878048780478171 0.00610249827193423 0.006833218129738652 0.010526315789452895 0.013844178927591894 0.013745433000861567 0.006912214871122914 0.00732694776339029 0.00422632566405801 0.005984003159857838 0.004818801224439975 0.006793719759046522 0.007563937987543075 0.010980547052412401 0.01700404858296237 0.027668608669837724 0.036634738816951444 0.6867186728533885
0.05313725490186606 0.04062388591793115 0.020285204991051183 0.011782531194274897 0.007736185383230417 0.005026737967905478 0.004830659536533279 0.0032620320855556825 0.003137254901955192 0.002994652406411774 0.002976827094468847 0.0037254901960717905 0.004081996434930335 0.005508021390364513 0.0034759358288708095 0.0053119429589923136 0.0032442067736127554 0.005561497326193295 0.004028520499101553 0.0066844919785977105 0.007718360071287489 0.011319073083758789 0.017504456327954537 0.030570409982120194 0.04245989304805266 0.6930124777171247
0.04646081543452834 0.03491775569924179 0.01933462505660496 0.015541905429296525 0.013645545615642306 0.012532464855453961 0.014099022962385707 0.011872861442009016 0.011872861442009016 0.012326338788752417 0.01611905841606085 0.022426516057128143 0.021849363070363816 0.022838768190531232 0.009646699921632326 0.010924681535181908 0.006884610627831617 0.008409943521423054 0.011543059735286543 0.014717401162490342 0.010100177268375726 0.01166673537530747 0.013068392628877979 0.023539596817316488 0.03104258564525274 0.5726182132968932
0.04043600562582217 0.030014064697566786 0.014964838255956448 0.012306610407858921 0.009451476793235651 0.007609001406459059 0.0075105485231961875 0.008635724331914717 0.010759493670870942 0.01168776371306373 0.014219409282680423 0.016652601969034245 0.02023909985932456 0.02036568213780539 0.013544303797449305 0.013459915611795414 0.008368495077344067 0.00901547116735722 0.006286919831214786 0.007468354430369243 0.006680731364266272 0.00900140646974824 0.012165963431769105 0.029648382559733264 0.04392405063284961 0.6155836849499078
0.02433630393995677 0.01959896810506107 0.010848968105063122 0.008984521575982883 0.008677298311442618 0.00994606003752112 0.011425891181986064 0.015276735459658707 0.019301125703560202 0.026801125703558443 0.03748592870543211 0.05719746716696595 0.06900328330204761 0.04946998123826232 0.029995309568473266 0.020778611632265295 0.015358818011253434 0.012668855534706222 0.009784240150091513 0.00855534709193045 0.008076923076921183 0.009026735459660172 0.011339118198871637 0.019765478424010375 0.024528611632264417 0.46176829268281855
0.03426716170815972 0.021457158011441477 0.016860343635956634 0.016715688638126693 0.015092338106924005 0.015670958098243773 0.015847758651147036 0.018242602504109418 0.020396354694021897 0.022164360223054527 0.025780735168803092 0.03458861725889292 0.04063198161267719 0.04325184435115282 0.02987929344065146 0.022067923557834566 0.015510230322877171 0.014803028111264119 0.013067168137304809 0.013195750357598091 0.013356478132964693 0.015510230322877171 0.014931610331557401 0.018017583618596174 0.02676117459853937 0.46193162640361646
0.028368969298243025 0.027862755847950674 0.011770833333332259 0.007674524853800469 0.0062235014619877365 0.005865314327484845 0.005950292397660276 0.007309941520467169 0.009488304093566385 0.013423793859647898 0.01863578216374099 0.025832419590640917 0.02914199561403243 0.02636147660818473 0.01885782163742518 0.01396929824561276 0.010738304093566272 0.008495979532162967 0.007066885964911636 0.006804641812864876 0.006853070175437971 0.008138706140350135 0.012101608187133399 0.026313048245611634 0.02901681286549443 0.6277339181285977
0.047666215693738724 0.0389688828758239 0.015002899110903066 0.010702551217600737 0.009035562427500397 0.00891476613836269 0.007513529184365303 0.007634325473503009 0.007151140316952186 0.008383262466156786 0.00973618090449909 0.013843254735181089 0.01592095090834963 0.017080595284071607 0.008600695786604657 0.00891476613836269 0.0069095477386767745 0.007175299574779727 0.007344414379572515 0.008600695786604657 0.0072719366060898915 0.00889060688053515 0.010992462311531231 0.02831465017387825 0.03698782373396553 0.6424429841499748
0.04821528165079725 0.03266871165639617 0.018153931957587625 0.01383156720578105 0.010666480758490426 0.00980200780812911 0.008435582822074128 0.010861684327926852 0.008491355270484535 0.00831009481315071 0.008575013943100146 0.009969325153360332 0.011921360847724594 0.011865588399314186 0.009397657557153657 0.007766313441149238 0.007738427216944035 0.011879531511416788 0.008017289458996072 0.009286112660332841 0.010220301171207166 0.014333519241474716 0.018809258226409914 0.027398215281612664 0.03676798661456111 0.6266174010030303
0.027623224728476347 0.02112364243942309 0.010847953216369737 0.009912280701750245 0.009791144527982543 0.01181286549707109 0.01376357560567512 0.017568922305757073 0.02013784461152041 0.02538429406849399 0.03234335839597646 0.04583124477859406 0.05585630743523147 0.04225563909772671 0.028308270676679903 0.02279866332496959 0.018437761069332315 0.016194653299909694 0.01369674185463087 0.011959064327480385 0.010714285714281239 0.010037593984958213 0.010818713450287879 0.018684210526307986 0.02527986633248735 0.4688178780282085
0.0389127617487248 0.027897142077525756 0.01568787940789957 0.015449150808214141 0.013573426096400063 0.015108109951520673 0.014460132323803082 0.017154355091681485 0.01899597571782622 0.02128094945767246 0.025850896937364944 0.03471795921139514 0.03748039015061223 0.03250119364288759 0.02680581133610666 0.022133551599406134 0.017700020462391036 0.015756087579238263 0.010606370643166883 0.010572266557497536 0.011220244185215127 0.011458972784900556 0.012209262669626188 0.01896187163215687 0.02503239888130062 0.48847281904205553
0.04124871399170324 0.023951903292142567 0.020527906378567825 0.017618312757173325 0.01684670781890296 0.017184284979396246 0.01895254629626583 0.018743569958817607 0.019306198559639748 0.021026234567867435 0.024128729423829525 0.028308256172794 0.028581532921764755 0.029063786008183733 0.018197016460876098 0.0159304269547069 0.011477623456771674 0.013631687242776441 0.012072402263355079 0.013840663580224665 0.011799125514384326 0.014901620370346416 0.01856674382713065 0.029256687242751322 0.045187114197458224 0.4696502057605619
0.026637692334606854 0.024955311766105367 0.015632119448992968 0.014422908415382525 0.011776663979510398 0.012845676632412383 0.012144684728870097 0.013581718131131784 0.016140338579061126 0.021099856296622796 0.03138691248110584 0.05345063264509928 0.07176404612514149 0.052381619992197294 0.025165609337168052 0.018330938277630767 0.01274052784688104 0.01195191195539597 0.010392204970014383 0.012600329466172584 0.012530230275818354 0.014177561249142726 0.01323122217936064 0.01624548736459247 0.022677088079592938 0.4517367074402374
0.047703703703633034 0.03416296296291235 0.017762962962936647 0.013333333333313581 0.010637037037021279 0.010859259259243172 0.010681481481465657 0.009851851851837257 0.009466666666652641 0.009348148148134299 0.010814814814798793 0.011659259259241985 0.01219259259257453 0.01343703703701713 0.008311111111098798 0.009362962962949091 0.005985185185176318 0.007229629629618919 0.006103703703694661 0.007970370370358562 0.008548148148135485 0.009466666666652641 0.012414814814796423 0.0313629629629165 0.0423703703703076 0.6289629629620311
0.03271825396818905 0.024444444444395943 0.016130952380920376 0.013948412698385022 0.015257936507906234 0.018134920634884654 0.020238095238055084 0.021269841269799066 0.024484126984078404 0.025019841269791628 0.02672619047613745 0.028115079365023582 0.030892857142795847 0.02978174603168694 0.020476190476149847 0.018511904761868033 0.012956349206323499 0.013055555555529652 0.011468253968231213 0.01134920634918383 0.010198412698392464 0.01168650793648475 0.011468253968231213 0.02017857142853139 0.027539682539627897 0.5039484126974128
0.04773789965863851 0.038354606343869724 0.013616833059479284 0.007961582206470487 0.006445090357618965 0.004644256287107784 0.003696448881575583 0.0039176039428664294 0.004517881966370157 0.005939593074668458 0.00811955010739252 0.00811955010739252 0.01203715405025895 0.011342095286202003 0.0067926197396474385 0.007519272083888793 0.003949197523050837 0.004802224188029817 0.003285732339178296 0.005023379249320664 0.006002780235037272 0.007898395046101674 0.010805004423067088 0.029950714014817543 0.034342221660450076 0.7031783141643397
0.02557539682534608 0.02295634920630366 0.010992063492041682 0.010099206349186311 0.011190476190453987 0.015277777777747465 0.022420634920590436 0.023789682539635336 0.02563492063486977 0.0395238095237311 0.05075396825386755 0.06486111111098242 0.0709722222220814 0.05523809523798564 0.03321428571421981 0.0247420634920144 0.017896825396789887 0.01593253968250807 0.012678571428546273 0.011924603174579515 0.012916666666641038 0.014543650793621937 0.012103174603150588 0.01378968253965518 0.024801587301538093 0.35617063491992823
0.043392592592528305 0.0326074074073591 0.017970370370343748 0.012444444444426009 0.011348148148131336 0.011051851851835479 0.010474074074058556 0.010059259259244356 0.012340740740722458 0.013362962962943165 0.01441481481479346 0.018770370370342564 0.02133333333330173 0.022962962962928945 0.014903703703681624 0.015496296296273339 0.010192592592577493 0.010785185185169207 0.008177777777765663 0.009170370370356784 0.008192592592580455 0.011688888888871572 0.015837037037013574 0.02614814814810941 0.03451851851846738 0.5823555555546928
0.025895263765842166 0.024595687331496925 0.018081761006260296 0.014439738159391542 0.007556796303414907 0.007300089847247946 0.006850853548955765 0.009321653189562762 0.010765627005501916 0.014568091387475023 0.017504171479884634 0.03550571171859276 0.053394942882727836 0.039468617635670215 0.0243550250288404 0.017600436400947245 0.01586766782182026 0.013653574637380225 0.01192080605825324 0.012001026825805415 0.013027852650473258 0.014600179694495893 0.017969451931687253 0.02328006674364125 0.028173533564323942 0.5223013733787025
0.05099959200313393 0.027769277845706423 0.020348837209250435 0.017518359853076503 0.014458384332888468 0.014891880864915106 0.013387392900822656 0.014050387596863396 0.01545287637694958 0.01351489188083049 0.013285393716816387 0.014152386780869664 0.012902896776792882 0.016294369645001288 0.010862913096667526 0.013387392900822656 0.009562423500587612 0.011066911464680062 0.010735414116659691 0.014993880048921373 0.012826397388788182 0.014713382292904137 0.014585883312896302 0.02157282741732565 0.03508771929815614 0.5715779273751235
0.06101449275352493 0.02491143317226262 0.020708534621544754 0.020354267310756274 0.019227053140065658 0.01845410628016352 0.01478260869562837 0.012383252818015486 0.014106280193214 0.014653784218978012 0.015072463768091671 0.015442834138461444 0.015780998389668628 0.01789049919481821 0.011964573268901829 0.0129307568437795 0.009339774557150822 0.01104669887276804 0.00858293075682998 0.01104669887276804 0.012351046698852897 0.015346215780973678 0.019259259259228247 0.02911433172298049 0.046747181964497994 0.5274879227044645
0.041967479674728504 0.026276422764184917 0.016308943089404376 0.015154471544690806 0.013788617886156441 0.013560975609734047 0.014390243902415625 0.014910569105666812 0.016260162601599577 0.016373983739810773 0.023203252032482597 0.0268292682926393 0.02918699186987124 0.03186991869913517 0.022065040650370626 0.02151219512191624 0.01611382113818518 0.01759349593493074 0.014926829268268412 0.013999999999977236 0.012552845528434874 0.012894308943068464 0.012195121951199683 0.020243902438991473 0.04500813008122763 0.49081300812928325
0.02965244865714115 0.0168878357029749 0.01714060031592869 0.018420221169007236 0.022037914691908314 0.020347551342779862 0.02097946287516433 0.025229067930449874 0.03263823064765776 0.03807266982616418 0.04235387045806895 0.05233807266974354 0.052969984202128007 0.05009478672977868 0.03303317535539805 0.029557661927283478 0.023301737756677248 0.02238546603471977 0.016777251184807617 0.01894154818322442 0.018862559241676364 0.018404423380697622 0.0141864139020313 0.015355450236942566 0.025150078988901817 0.32488151658716447
0.05097795497184546 0.024460600375228785 0.022828330206373634 0.02113742964352225 0.016787054409001693 0.013360694183861783 0.010717636022511558 0.010232176360222741 0.010555816135081952 0.012047373358346143 0.014845215759846424 0.021142120075041945 0.02681519699811754 0.02139305816134583 0.01362804878048461 0.011810506566601358 0.009453564727952755 0.010208724202624248 0.009676360225138443 0.012291275797370476 0.015018761726075277 0.019868667917443746 0.022610225140707645 0.02558161350843678 0.05515478424013716 0.5173968105064453
0.03710133744850003 0.032986111111058085 0.011172196502039653 0.00792502572015187 0.0054333847736538175 0.00520833333332496 0.005545910493818245 0.006188914609043549 0.008407278806570847 0.010497042181053084 0.012554655349774057 0.01621977880655829 0.017505787037008898 0.014724794238659458 0.007667824074061748 0.007908950617271237 0.004613554526741555 0.004999356995876737 0.004404578189293331 0.0052726337448474915 0.004822530864189778 0.006188914609043549 0.009484310699573232 0.027295524691314146 0.0320055298353395 0.6938657407396254
0.03954911433165934 0.0287922705313546 0.018518518518488698 0.01610305958129452 0.0167471819645463 0.017745571658586562 0.018228663446025396 0.018196457326862807 0.018550724637651287 0.019210950080484363 0.022673107890462684 0.0273268921094568 0.02803542673103376 0.0296779388083258 0.022753623188369158 0.022882447665019512 0.017971014492724684 0.016231884057944877 0.013945249597401054 0.01566827697259957 0.015491143317205329 0.014267310789026945 0.013268921094986685 0.021336553945215237 0.0311433172302236 0.4756843800314401
0.02466200466197592 0.024941724941695873 0.009405594405583443 0.005909090909084022 0.005163170163164145 0.005419580419574103 0.005547785547779082 0.009592074592063413 0.010536130536118257 0.016643356643337246 0.024603729603700927 0.051526806526746474 0.058275058274990355 0.08307692307682625 0.03694638694634388 0.026410256410225628 0.01064102564101324 0.007331002330993787 0.003939393939389348 0.004312354312349286 0.003636363636359398 0.005081585081579159 0.007634032634023736 0.01974358974356673 0.02707459207456052 0.5119463869457903
0.04131539611354063 0.034678624813102125 0.015276532137495849 0.010074738415530532 0.006905829596402234 0.005919282511201915 0.0047832585949106375 0.004962630792219787 0.005710014947674574 0.0062032884902747335 0.006068759342292872 0.008908819133021063 0.010194319880403297 0.010059790732421435 0.006472346786238457 0.006576980568002127 0.0046188340807105845 0.005530642750365425 0.004798206278019733 0.004768310911801542 0.005710014947674574 0.007249626307911435 0.01077727952165803 0.028849028400554786 0.031928251121028504 0.7116591928240483
0.03578595317719453 0.02819926069349023 0.015525435662708104 0.013219503608496356 0.01200492870971307 0.01207533884877297 0.0124097870093075 0.01492694948069895 0.016651997887666515 0.01897553247664324 0.02312973068117738 0.02378102446748146 0.024573138531905344 0.022971307868292604 0.016194331983777163 0.01408202781198014 0.011160007040994261 0.009681394120736347 0.008836472452017538 0.009030100334432266 0.00938215102973177 0.011688083083943517 0.0124097870093075 0.02480197148385002 0.0301355395176375 0.5683682450262835
0.029437463364592853 0.02339445339976339 0.009356682297771712 0.007940723915591301 0.008065284290737832 0.009360345838217198 0.010414529601405847 0.01309532532239036 0.01638793229777107 0.02307938892145158 0.03346369431418217 0.04549384525204742 0.044917753516994716 0.034221131301286435 0.022587558616645062 0.017275424970690095 0.013234539859318837 0.011979777256739819 0.00945010257913161 0.009529784583820934 0.008540628663539664 0.009944680539272244 0.011746226553340074 0.025350783997653014 0.04418962485345434 0.5075423138920989
0.02822393822388374 0.02700772200766987 0.014266409266381725 0.01146718146715933 0.010463320463300264 0.01013513513511557 0.012007722007698826 0.013513513513487426 0.015482625482595594 0.02191119691115461 0.03042471042465169 0.04196911196903095 0.049806949806853656 0.043745173745089294 0.030193050192991906 0.02198841698837454 0.014440154440126564 0.012857142857118036 0.010347490347470371 0.0111776061775846 0.010733590733570011 0.009440154440136217 0.009420849420831233 0.017895752895718348 0.02389961389956776 0.4971814671805074
0.046783625730918786 0.034926618658619804 0.016980007410602065 0.008232242681990186 0.0074589596120576435 0.0058801733442787035 0.005783512960537136 0.006347365199029615 0.007910041402851627 0.010052679909123044 0.011599246048988128 0.015771752613832467 0.016786686643118928 0.02157137563832653 0.011695906432729697 0.010503761699917027 0.007813381019110058 0.00820002255407633 0.0066534564142112455 0.00771672063536849 0.008812204984439591 0.01166368630481584 0.017237768433912913 0.029690847872618224 0.039276335926990355 0.6246516198659245
0.04797017398495451 0.030985915492872173 0.021099143882847005 0.016210991438784284 0.0126208229770433 0.010107705053824613 0.00950013808337614 0.010577188621898433 0.011626622479945798 0.013780723556990388 0.01576912455118539 0.015492957746436086 0.01866887600105311 0.019663076498150613 0.010825738746172809 0.012289422811344132 0.007870753935355232 0.010135321734299544 0.007539353769656063 0.009527754763851069 0.009472521402901208 0.011847555923745243 0.014056890361739693 0.024799779066487712 0.0389395194696522 0.5886219276426715
0.023081467598298773 0.019740460814432047 0.01153054780285711 0.007293173345270044 0.00649866563447247 0.00898404872978796 0.010491576181044897 0.0168883818525946 0.019027441073972685 0.027807769877915115 0.03648623871893478 0.05190783710544154 0.057774970969792866 0.06517000427798568 0.039236457717849456 0.03381750769035831 0.02422229918303375 0.0210238963472589 0.01407704687592626 0.01395481492041894 0.011326827877011577 0.010919388025320513 0.01197873163971728 0.015625318312352303 0.025770570619459796 0.4153645568064551
0.052549019607749464 0.029162210338628945 0.01942959001779068 0.013903743315483238 0.010766488413528045 0.010178253119411446 0.008431372549004579 0.009304812834208013 0.009679144385009485 0.010499108734384137 0.011693404634560261 0.018787878787845297 0.01935828877001897 0.02294117647054734 0.011426024955416354 0.012210338680905151 0.009928698752210465 0.010713012477699263 0.009286987522265085 0.010534759358269991 0.010837789661299755 0.013707664884111037 0.01634581105166427 0.02429590017820981 0.03875222816392379 0.5852762923340726
0.016037580503511416 0.015254500878218747 0.007273675351287392 0.004898821721311028 0.0038824648711940244 0.004015112704917666 0.004458796838407087 0.006975446428570791 0.009545155152223952 0.016784982435595657 0.0262999487704894 0.043860692330206764 0.05259623829039332 0.05391722775175151 0.03544990485948154 0.028829405737702284 0.018148053278686866 0.01576954039812502 0.010320001463699291 0.009976031908664194 0.008034799473067181 0.010738985655736723 0.014087199941450704 0.028079259367678935 0.03825014637001992 0.5165160275175172
0.018200041118419497 0.014135313870612825 0.009292763157893942 0.008842173793858892 0.00905804550438519 0.010210217927630705 0.011444627192981477 0.014794921874998734 0.019434450383770268 0.02775493421052394 0.03912332099780367 0.060501473410082544 0.07289610745613412 0.06568325109648561 0.04279228344297879 0.030458470394734236 0.02024139939692809 0.015888843201753027 0.012164199561402468 0.011105400219297295 0.010277891995613155 0.010972621984648184 0.011583401864034096 0.015794613486840754 0.023300438596489233 0.4140487938596137
0.041489840534912725 0.031684027777726845 0.019643775720133032 0.015319573045242863 0.015046296296272108 0.014130015432076051 0.01424254115224048 0.01486947016458515 0.016509130658409674 0.017939814814785977 0.02197466563782476 0.026556069958805047 0.02891911008225804 0.0319573045266976 0.023324974279797895 0.019933127571984417 0.014483667695449969 0.015158822016436537 0.012152777777758242 0.013615612139895808 0.015560699588452352 0.016878858024664226 0.01596257716046817 0.02092978395058364 0.036506558641916625 0.48521090534901423
0.04192936181156406 0.03277792074106926 0.018318965517211915 0.014700205867192003 0.011274446731839818 0.008154271744711538 0.007848687596487634 0.007414436438485245 0.00796127123004381 0.009569608852274881 0.011676531137397587 0.013220535254739416 0.013944287184743399 0.01375128667007567 0.010711528564058943 0.01174086464228683 0.0070927689140390295 0.007687853834264527 0.006063432835811143 0.006304683479145804 0.006240349974256562 0.009215774575384045 0.012689783839403163 0.028982243952603928 0.034933093154858895 0.6457958054544426
0.03624074670093943 0.027405857740541672 0.02265851303504561 0.017428387512041472 0.015239781139338205 0.01503057611841804 0.012938525909216384 0.011747666559363136 0.014322497586072864 0.016446733183108388 0.02182169295136495 0.030688767299596575 0.040730608303764515 0.037576440296045094 0.023817186997064987 0.01894110074023344 0.01214998390728653 0.013550048278059945 0.01073382684259618 0.0117315738654462 0.012085613131618787 0.014274219504322056 0.016285806243939032 0.02280334728029803 0.03831670421622414 0.4850337946564451
0.04663999999992537 0.03734399999994025 0.015759999999974784 0.010095999999983847 0.007007999999988787 0.004671999999992525 0.0035839999999942654 0.004335999999993062 0.004287999999993139 0.006607999999989427 0.0066719999999893245 0.00919999999998528 0.011935999999980903 0.011919999999980928 0.0074239999999881215 0.008175999999986918 0.004847999999992243 0.006575999999989478 0.003567999999994291 0.005471999999991245 0.005215999999991654 0.009471999999984845 0.014319999999977087 0.02934399999995305 0.03513599999994378 0.6903839999988953
0.03866034431193417 0.03152633602453858 0.020633089837198016 0.01341364432480368 0.009846640181105886 0.0069204152248987134 0.007368960656142148 0.007902943312384333 0.009184501687365575 0.009996155324853697 0.01373403391854899 0.02287581699341519 0.024050578837147996 0.021722414455932072 0.010017514631103385 0.008607800418624016 0.006664103549902465 0.008543722499874954 0.005660216156167157 0.006877696612399339 0.007710709556137146 0.01038062283734807 0.013435003631053367 0.02458456149339018 0.10094408133602259 0.5587380921855724
0.034799802273678695 0.022145328719613715 0.005042016806697766 0.003460207612439643 0.0026198714779900154 0.002224419179425485 0.002669303015310582 0.004597132970812668 0.004992585269377199 0.008156203657893444 0.010726643598562893 0.017993079584686142 0.018635689569853505 0.06040533860573205 0.011616411270333088 0.024518042511000898 0.009540286702869301 0.03400889767654963 0.004695996045453801 0.01858625803253294 0.005091448344018331 0.024468610973680333 0.014928324270811031 0.03183391003444472 0.11814137419615352 0.5041028175951354
0.020682926829231604 0.019104212860276533 0.008620842572046792 0.0065809312638464195 0.006261640798215057 0.006297117516618542 0.007059866962293463 0.01174279379155345 0.016407982261611692 0.025915742793745603 0.032088691795951946 0.045764966740495315 0.043813747228303654 0.056141906873514606 0.03306430155204778 0.02985365853653241 0.016425720620813437 0.015875831485559423 0.007485587583135281 0.009827050997765274 0.006368070953425511 0.008957871396879898 0.010359201773817545 0.021037694013266453 0.02978270509972544 0.504478935697553
0.04290960633970554 0.033309709425867515 0.01597835191028074 0.0103730429740129 0.0093207052809971 0.0082898438674306 0.00777441316064735 0.008826750853663152 0.008160986190734788 0.010544853209607317 0.01181195369711614 0.016386401219817482 0.02345209715863786 0.01722397611834026 0.009664325752185933 0.009814659708331046 0.006507312673138528 0.007301935012762704 0.006120739643051091 0.006807980585428757 0.006936838262124569 0.009556944354939421 0.010458948091810109 0.025771535339162484 0.037647917874626534 0.6390481712934324
0.03507898792699223 0.028063190341593786 0.018831877729227408 0.013228872334938947 0.01258669406625259 0.010852812740799427 0.009809273054184097 0.010965193937819539 0.012972001027464404 0.013357307988676218 0.016231055741047665 0.02546236835341404 0.037968790136080836 0.03255843822239828 0.025976110968363126 0.01968276393523683 0.012972001027464404 0.013533907012564966 0.010306961212416024 0.012169278191606459 0.01302016439761588 0.015364115078321082 0.014882481376806315 0.020678140251700682 0.030728230156642163 0.5327189827887672
0.0354227582844925 0.0316154970759271 0.0174524853800638 0.012365984405420425 0.011421783625696205 0.011330409356690635 0.009685672514590382 0.009137426900556965 0.010081627680281183 0.012944688109122367 0.013036062378127936 0.01669103313835072 0.013675682261166923 0.01592958089663764 0.010782163742657218 0.010081627680281183 0.007553606237793757 0.008010477582821605 0.0047819200779581445 0.0045991715399470055 0.005299707602323039 0.008497807017517976 0.011147660818679496 0.027899610136367263 0.0324074074073087 0.648148148146174
0.037814490512700936 0.019209761180452076 0.014957731802801704 0.016520730743993343 0.018806406614983267 0.021646695013492805 0.02426849968904007 0.02603317591296611 0.02974739920332474 0.03189862355249173 0.033007848607530955 0.03692374918062398 0.03467168619008979 0.03445320246712752 0.028285238903500303 0.025898724391143175 0.019226567620679945 0.019680341506832354 0.016419892102626142 0.014907312482118103 0.01371405522593954 0.014453538595965692 0.013613216584572338 0.015680408732599987 0.02857094838737404 0.4095897547933487
0.025289575289542742 0.01612612612610537 0.017027027027005114 0.01619047619045535 0.01501930501928569 0.014555984555965823 0.015727155727135487 0.016537966537945252 0.022779922779893463 0.031312741312701016 0.04828828828822614 0.06936936936928009 0.07750321750311776 0.07180180180170939 0.046782496782436574 0.033294723294680445 0.022522522522493534 0.018198198198174777 0.014954954954935708 0.012586872586856387 0.01202059202057655 0.01097812097810685 0.00985842985841717 0.011132561132546804 0.026808236808202306 0.3233333333329172
0.04193994341557044 0.03718171296290319 0.012827932098744811 0.007298096707807198 0.005545910493818245 0.006269290123446712 0.006285365226327345 0.007699974279823013 0.00835905349792895 0.009580761316857027 0.010079089506156637 0.011236496913562185 0.012731481481461015 0.014853395061704518 0.008519804526735276 0.009307484567886272 0.006413966049372406 0.006671167695462527 0.005401234567892552 0.006655092592581895 0.006944444444433281 0.009998713991753474 0.013342335390925055 0.03078382201641142 0.03604038065837828 0.6680330504104488
0.0402019109427614 0.03506399855769996 0.018162970975261036 0.012574364521334563 0.010501171804555388 0.011289886425069205 0.01397151613481618 0.015210924824195036 0.016112312961925113 0.01753199927884998 0.016720749954892915 0.020033351361050944 0.02001081665760769 0.019582657292185904 0.016179917072254867 0.015120786010422028 0.012867315666096838 0.01219127456279928 0.009960338921917342 0.013430683252178135 0.013994050838259433 0.014377140796794715 0.015301063637968043 0.025036055525452867 0.03389219397865086 0.5506805480427468
0.04413333333325978 0.03616666666660639 0.013916666666643472 0.007783333333320361 0.005266666666657889 0.005033333333324944 0.004799999999992 0.004683333333325527 0.005066666666658222 0.005899999999990167 0.007316666666654472 0.01096666666664839 0.01453333333330911 0.013999999999976667 0.008666666666652223 0.008733333333318778 0.005116666666658139 0.006733333333322111 0.0038499999999935834 0.005449999999990917 0.00554999999999075 0.008566666666652388 0.012216666666646305 0.029099999999951498 0.03303333333327828 0.6934166666655109
0.03740791896854893 0.028698588090743174 0.02229128299561736 0.01987415592380343 0.015155003069309565 0.015845610804113546 0.014080724370725595 0.01772559852663549 0.017879066912147485 0.01596071209324754 0.019030079803487452 0.022061080417349367 0.024248004910895304 0.027969613259561196 0.018186003683171477 0.02006599140569342 0.013121546961275623 0.017533763044745496 0.01289134438300763 0.012737875997495634 0.009515039901743726 0.01354358502143361 0.015577041129467553 0.022905156537665342 0.053406998158174464 0.49228821362610387
0.026834663845296983 0.01821038119967585 0.017472989003210104 0.016847808662728274 0.01776153377574018 0.019252348433812235 0.019348530024655593 0.022474431727064738 0.025712545285457803 0.03326280016666144 0.03863293898874894 0.04990221538256243 0.053541085569469495 0.051040364207542176 0.03412843448425166 0.028822416722726393 0.0211759802506794 0.019172197108109437 0.016190567791965326 0.015501266390921257 0.014635632073331031 0.014363117565941516 0.014860055785298868 0.016238658587387003 0.021993523772847946 0.3726235131923109
0.038910505836507056 0.03305624336746895 0.020180403254297524 0.015015917934179314 0.010859568447097878 0.008931729748834574 0.007304563141126097 0.007569862044556827 0.008807923593900233 0.011513972408893678 0.013565617262091323 0.019119207640574603 0.024548991864123543 0.020923240183903565 0.012628227803302744 0.009444640962133986 0.005748142907665815 0.006791651927826686 0.005801202688351961 0.007905907322235752 0.007428369296060438 0.010523523169418954 0.013848602759084103 0.03065086664303033 0.03468340997517742 0.614237707816388
0.029014844804271873 0.027392198444786017 0.011711972238269211 0.009157509157494446 0.007984705353113578 0.007358138937074484 0.007824047297718939 0.010474905211730489 0.012081485765676882 0.014619883040912184 0.019439624702751367 0.04034123770959395 0.04315275367900014 0.038541867489173987 0.018170426065133714 0.015728423623135195 0.008193560825126608 0.008370284686060712 0.0064745196324039675 0.005623031938812378 0.004900070689536501 0.005671229355430771 0.009591285907059972 0.01990553306339582 0.03021978021973167 0.5880566801609985
0.03565792934155418 0.024283334794371256 0.013610063995762228 0.011747172788612809 0.013149820285760607 0.01624002805291435 0.018497413868636587 0.02500657491008809 0.029937757517248316 0.028469360918671714 0.028381695450099977 0.03589900938012646 0.041969843078719274 0.036183922152984604 0.01915490488292462 0.01542912246862578 0.010848601735752502 0.012448496537186708 0.009950030682892193 0.010410274392893814 0.00821863767860038 0.009248706934318294 0.013544314894333427 0.02198211624436315 0.029937757517248316 0.4797931094931187
0.04177109440260624 0.03139258402411254 0.01926290084181726 0.012772315403873831 0.0115834457939535 0.010539168433888343 0.00999293104554657 0.010089325878783353 0.011117537433309045 0.013109697320202575 0.015535633956661628 0.022074416811223452 0.024516419253221972 0.023359681254380565 0.013639868903004884 0.013077565709123646 0.008129297602968754 0.011165734849927438 0.010233918128638528 0.010796221322519766 0.010458839406191025 0.012242143821071522 0.013848724375017916 0.025624959835444983 0.03486279802063675 0.5788027761702673
0.05253333333324578 0.031299999999947835 0.024716666666625472 0.01843333333330261 0.01304999999997825 0.009883333333316861 0.008783333333318695 0.006699999999988833 0.007866666666653555 0.008349999999986084 0.010083333333316527 0.011499999999980833 0.011449999999980916 0.012883333333311861 0.010549999999982417 0.011516666666647472 0.008749999999985417 0.010633333333315611 0.009833333333316945 0.010866666666648555 0.011766666666647056 0.01528333333330786 0.01904999999996825 0.02744999999995425 0.040833333333265276 0.5959333333323401
0.03169787765289426 0.028202247190976026 0.01637952559298829 0.013445692883878344 0.010024968789001217 0.009438202247179228 0.010611735330823206 0.014019975031193482 0.016491885143549948 0.01997503121096133 0.026092384519318237 0.0352933832708673 0.03627965043690851 0.03228464419471625 0.021098626716577903 0.017066167290865086 0.013395755305850942 0.013158551810220775 0.009500624219713483 0.009500624219713483 0.00962546816478199 0.012184769038686412 0.014394506866399008 0.023208489388235696 0.03131086142318188 0.5253183520592692
0.04756289308168622 0.028490566037691054 0.020235849056571956 0.01577044025154753 0.009952830188663596 0.007955974842754785 0.007861635220113425 0.00713836477986299 0.007295597484265258 0.009308176100614296 0.011006289308158794 0.013113207547149192 0.01547169811318322 0.01907232704399517 0.011823899371050592 0.011603773584887416 0.006257861635210286 0.008726415094325903 0.006572327044014823 0.00833333333332023 0.008553459119483407 0.011745283018849457 0.014764150943373012 0.026022012578575438 0.04106918238987253 0.6242924528292071
0.02384887839428601 0.020425029515898415 0.01316410861862817 0.011373475009816267 0.009897678079476785 0.01019283746554468 0.010133805588331102 0.015623770169193972 0.022491145218373688 0.03038173947258878 0.03760330578504997 0.04828807556070781 0.04508067689877001 0.04238488783934989 0.026229830775233706 0.021231798504484 0.01546635182995776 0.01239669421485164 0.008579299488373516 0.007556080283338143 0.007398661944101931 0.00905155450608215 0.010114128295926575 0.018024399842546193 0.01991341991338073 0.5031483667837403
0.051970370370293374 0.041940740740678606 0.017540740740714753 0.009925925925911221 0.007881481481469806 0.005614814814806497 0.003999999999994074 0.0036296296296242526 0.003451851851846738 0.0036148148148094595 0.004385185185178688 0.004888888888881646 0.005096296296288746 0.006799999999989926 0.004074074074068039 0.004829629629622474 0.0028296296296254375 0.004192592592586381 0.0028296296296254375 0.003688888888883424 0.004503703703697032 0.007392592592581641 0.014459259259237838 0.03527407407402182 0.04411851851845316 0.701066666665628
0.028868159203944192 0.027636815920363635 0.013370646766152523 0.009116915422874232 0.007276119402976024 0.006965174129344571 0.007723880597005318 0.01258706467660126 0.011616915422871124 0.016393034825850257 0.023669154228826282 0.0389427860696033 0.03916666666661795 0.046815920397951724 0.0301741293531963 0.02273631840793192 0.011343283582075444 0.008756218905461745 0.005870646766161852 0.006666666666658375 0.006865671641782505 0.009440298507450946 0.011952736318393093 0.02199004975121643 0.02631840796016627 0.5477363184072789
0.03210338680921194 0.028324420677311363 0.014545454545428618 0.01008912655969681 0.010534759358269991 0.009910873440267538 0.009269162210322158 0.010053475935810956 0.012762923351135895 0.01768270944738381 0.01994652406413557 0.028057040998167457 0.034937611408137365 0.03295900178247244 0.017450980392125757 0.01573975044560474 0.008306595365404087 0.008627450980376778 0.005900178253108912 0.007076648841342109 0.00784313725488798 0.010320855614954865 0.013654188948282256 0.022976827094433196 0.028128342245939165 0.5827985739740057
0.04350920696137322 0.03170776507316961 0.01662304265964866 0.015934242549442222 0.014212242273926132 0.015061762409847404 0.015084722413520952 0.014717362354744185 0.014097442255558392 0.016646002663322206 0.01800064288006153 0.01963080314088343 0.02167424346782919 0.02167424346782919 0.013753042200455175 0.015268402442909335 0.010607521697179116 0.013087202093922286 0.010699361711873308 0.013821922211475818 0.014051522248211297 0.015084722413520952 0.013936722229843558 0.022776323644159487 0.03673600587767659 0.5416035266553207
0.05384615384606627 0.041892990730131904 0.015514717840274004 0.008781915758645663 0.005529354366554677 0.0035940803382605397 0.002569523499751879 0.0023093185883846 0.002878516832000523 0.0031549845503282565 0.0036753943730628144 0.005382989103910582 0.006521385591142428 0.008521710847278385 0.0048788420881364794 0.005659456822238316 0.003073670515525982 0.00474873963245284 0.0031549845503282565 0.005057732964701483 0.005155309806464213 0.007936249796702006 0.01045698487557252 0.033452593917655794 0.041470157749160075 0.7107822410136432
0.02340740740737273 0.019096296296268005 0.012725925925907072 0.011170370370353821 0.009822222222207671 0.01048888888887335 0.009925925925911221 0.01441481481479346 0.017451851851825996 0.020962962962931906 0.024696296296259707 0.037866666666610566 0.05205925925918213 0.051466666666590416 0.02398518518514965 0.02319999999996563 0.014074074074053224 0.021140740740709422 0.010103703703688734 0.014237037037015945 0.010281481481466249 0.01711111111108576 0.01742222222219641 0.022325925925892852 0.10992592592576307 0.4006370370364435
0.04702222222211773 0.02551111111105442 0.020533333333287704 0.018177777777737384 0.017422222222183505 0.017577777777738716 0.016177777777741827 0.016488888888852245 0.015933333333297925 0.01688888888885136 0.01939999999995689 0.022577777777727605 0.02482222222216706 0.027688888888827357 0.019999999999955557 0.017466666666627852 0.013177777777748494 0.012933333333304592 0.010711111111087308 0.012177777777750715 0.012244444444417234 0.013199999999970666 0.01517777777774405 0.021577777777729828 0.036377777777696935 0.5087333333322028
0.022467932700269724 0.023071797434567984 0.011119440279836915 0.008891387639495062 0.00805847076460091 0.00816258537396268 0.009974179576857459 0.013201732467072293 0.01763701482588365 0.0228843911377168 0.03167166416785009 0.03375395635508547 0.034357821089383726 0.03223388305840364 0.022363818090907955 0.01815758787269249 0.01114026320170927 0.010057471264346873 0.007183908045962052 0.006704980842897916 0.006059470264854949 0.0059553556554931796 0.009391137764431552 0.018948858903841934 0.019594369481884904 0.5869565217379082
0.02117696513542889 0.019890133144213847 0.006195381131038646 0.0035788227489013916 0.0026980577415808733 0.0024178143301607086 0.002583672675695092 0.0034615780563684653 0.004252264824303931 0.006188232064420784 0.009564021321374913 0.023686287518298224 0.04690645589311189 0.046616203788426715 0.011647259333819712 0.009877150439237242 0.005133029831624449 0.008897728312590236 0.003452999176427032 0.005862234626646307 0.0035616649890185246 0.007559423041726591 0.008014103678622573 0.02274690016471124 0.21507109031841729 0.4989605257136915
0.04366812227067225 0.037872463395777885 0.013036218854333039 0.007497431286913213 0.005554842024136985 0.0050250449524707405 0.005041099409187899 0.005747495504742892 0.005538787567419826 0.0071121243257014 0.0075616491137818495 0.010258797842264546 0.011896352427414757 0.010884921654233744 0.00740110454661026 0.008268045209336841 0.004896609298733469 0.006614436167469474 0.004206267659895636 0.005233752889793807 0.005843822245045845 0.009712946313881143 0.014143976367817005 0.030583740046187736 0.03568905728224427 0.690710891342328
0.04544531329327347 0.03691479638459197 0.015004569919734425 0.01025693104496228 0.006397887681511125 0.004138316238437752 0.004595308215688546 0.005077688636119941 0.007845028942805308 0.01025693104496228 0.011907179851701262 0.013252767340273046 0.014852239260650827 0.016400934294667407 0.011526353203992265 0.012592667817577454 0.008048136488250106 0.007489590738276913 0.00512846552248114 0.006677160556497722 0.00515385396566174 0.006626383670136523 0.008936731999571096 0.026810195998713288 0.037397176805023365 0.6612673910818999
0.03292110874186387 0.02371002132186051 0.014157782515931097 0.013816631130005046 0.015223880596950004 0.019275053304821856 0.01987206823019244 0.017825159914636138 0.02093816631121135 0.027377398720565552 0.034200426439086565 0.04085287846464455 0.046481876332424385 0.0455863539443685 0.028059701492417655 0.019914712153433198 0.011855010660930256 0.008486140724910506 0.006780383795280254 0.006865671641761766 0.006524520255835716 0.0081023454157437 0.011300639658800423 0.018720682302692023 0.018123667377321434 0.48302771854804677
0.03403540903533483 0.02694924123489676 0.015197104482785634 0.011861154718271713 0.010989010988987028 0.011926565497968064 0.013561834990376848 0.01598203383914185 0.017748124890943337 0.021171289028385724 0.030328798185874913 0.03843973486822248 0.040554683411737846 0.036630036629956765 0.02492150706430987 0.02180359323211712 0.01718123146690829 0.017442874585693696 0.013627245770073201 0.012166405023521353 0.008830455259007434 0.009833420547684822 0.011468690040093606 0.018642072213460138 0.026622187336415006 0.4920852956556513
0.039802130897960725 0.031187214611824676 0.0151598173515751 0.010776255707746155 0.009117199391158117 0.0091324200913103 0.007777777777765939 0.009162861491614669 0.009512937595114896 0.01039573820394156 0.009984779299832595 0.012633181126312582 0.014961948249596709 0.01701674277014153 0.009984779299832595 0.009802130898006389 0.00639269406391721 0.006757990867569622 0.005235920852351239 0.006757990867569622 0.007062404870613299 0.008325722983244558 0.01207001522068178 0.02611872146114746 0.03552511415519707 0.6593455098924516
0.044522081877531754 0.03804980739935938 0.019685568395548497 0.01216070948666989 0.007636835975975013 0.006539460718430217 0.005307712980369731 0.004389501030179187 0.005957179969528896 0.00786079011016783 0.009204514915324723 0.011466451670672161 0.014243482934663076 0.013773179252858163 0.00974200483738748 0.010973752575447967 0.007166532294170101 0.009562841530033228 0.0067410194392037515 0.00987637731790317 0.010458658066804492 0.014691391203048706 0.01731165457310465 0.025777120845593082 0.03872166980193783 0.6381797007958475
0.04242951075447937 0.027657788179348764 0.017635127605034714 0.015104572978191596 0.014028752925440912 0.012156469408222868 0.01066458635164595 0.010352539098776276 0.010992978936808798 0.01222185073739556 0.0153928452022712 0.020354396522899016 0.023298042274969604 0.019654519112891317 0.013673613432889234 0.011602214049554352 0.009619971024182232 0.009637802295774786 0.009242542442139866 0.010157881050557576 0.01136149188305489 0.013623091496710335 0.017337939745158834 0.02774248671941339 0.04273412831085215 0.5713228574611878
0.026478696741821454 0.0180200501252907 0.013634085213015497 0.013659147869657069 0.016340852130305335 0.01825814536338564 0.01843358395987665 0.02053884711776875 0.022556390977415342 0.025676691729291132 0.030639097744322507 0.040075187969874596 0.046052631578889655 0.03883458646611675 0.02642857142853831 0.02114035087716649 0.01572681704258681 0.01751879699245925 0.014812030075169407 0.014674185463640759 0.01226817042604979 0.01260651629071102 0.01318295739346719 0.017393483709251388 0.022042606516263104 0.4630075187964123
0.0218074074073751 0.01896296296293487 0.0118370370370195 0.011585185185168021 0.011629629629612401 0.012844444444425415 0.01389629629627571 0.02158518518515321 0.024874074074037224 0.034607407407356135 0.0444444444443786 0.048918518518446044 0.046014814814746646 0.0423703703703076 0.033259259259209986 0.02579259259255438 0.019170370370341968 0.018799999999972148 0.013525925925905888 0.013940740740720088 0.011688888888871572 0.011881481481463878 0.01048888888887335 0.016474074074049667 0.02093333333330232 0.4386666666660168
0.044014742802122364 0.038210209568509144 0.01753823691751235 0.008439720100406958 0.006356498050306507 0.00470060360022666 0.004024001566860702 0.00503890461690964 0.005751117283610649 0.006320887416971456 0.007389206417022971 0.010718800633850188 0.014030589534009881 0.012196641917254782 0.006819436283662163 0.008404109467071909 0.006249666150301356 0.008154835033726555 0.00544842690026272 0.005377205633592619 0.005377205633592619 0.008048003133721403 0.01123515481720842 0.030215622384790315 0.03539696953504016 0.684543204599675
0.04819315843613652 0.023759002057574977 0.019965277777745684 0.014965920781868945 0.0130690586419543 0.01541602366252666 0.016493055555529042 0.020849408436180477 0.023694701646052446 0.02509323559666748 0.029883616255095995 0.03615290637854271 0.03496334876537589 0.03446502057607628 0.02694187242794023 0.02490033436209989 0.020479681069925926 0.02062435699585162 0.01617155349791639 0.015624999999974883 0.014226466049359846 0.015528549382691086 0.017489711934128262 0.01956340020572987 0.03243955761311658 0.4190457818923305
0.03987476370498619 0.03272684310009237 0.01778119092622347 0.013646030245706386 0.011548913043444149 0.01240548204155126 0.010928638941366586 0.013527882797691612 0.015831758033979702 0.018224243856278875 0.021118856332640833 0.024338374291043425 0.02661271266532782 0.02652410207931674 0.020705340264589128 0.019464792060434 0.01385278827973224 0.0122282608695291 0.009953922495244702 0.014886578449861512 0.01240548204155126 0.011548913043444149 0.013616493383702691 0.021237003780655607 0.026317344045290885 0.5386932892233616
0.03483988084147542 0.028788866132869136 0.020084714205873943 0.01815304412581886 0.014056972630762296 0.011403835412373385 0.011054738409953791 0.012148575684201851 0.011915844349255455 0.013568236827374864 0.017315211320011833 0.022458573822327178 0.02331967976162884 0.026159002047974868 0.016384285980226253 0.01587227704334418 0.010542729473071721 0.009704896667264698 0.007098305715865066 0.009797989201243255 0.010682368274039558 0.014545708434149726 0.015034444237537156 0.022947309625714608 0.03139545708426877 0.570727052689046
0.03383809156373161 0.03136252572011419 0.01567322530861678 0.010432741769530554 0.007941100823032503 0.007539223251016687 0.006960519547313914 0.0078124999999874415 0.008760931069944765 0.009194958847721844 0.010400591563769289 0.012924382716028606 0.015399948559646026 0.02173353909461527 0.00991833847735031 0.012747556584341648 0.006671167695462527 0.012152777777758242 0.006204989711924182 0.009452160493811966 0.00712127057612024 0.012426054526728996 0.01400141460903099 0.02952996399172208 0.04475308641968114 0.6350469392993907
0.029555231218256345 0.020394837916691513 0.017994315563031965 0.0149600553080063 0.014748809340884258 0.013923029651225374 0.015612997388201695 0.022142418190155663 0.026597787678547785 0.029036718389865882 0.03771700722069881 0.051985712090851156 0.056018589644999194 0.048817022584020556 0.03545091411884419 0.028710247349768184 0.019549854048203353 0.01797511138420269 0.013366108465176359 0.013961438008883926 0.011599324012882932 0.011484098939907273 0.011944999231809908 0.017053310800397424 0.024831003226254356 0.39456905822631244
0.02040517961569741 0.01680451127818847 0.007953216374265683 0.006771094402670522 0.006558061821216977 0.007535505430239124 0.00891395154552677 0.014177109440261413 0.019515455304920836 0.02758145363407369 0.037335004177093845 0.05895989974934881 0.07533834586463019 0.058863826232222694 0.03357560568085481 0.024473684210516093 0.01497493734335214 0.014949874686710548 0.009532163742686077 0.00894319131160863 0.007527151211358593 0.009573934837088733 0.011524644945692763 0.02048872180450272 0.0377652464494412 0.43995822890541353
0.033355586875272965 0.026902059688878415 0.010830057117397745 0.00702222881584694 0.005167766980676093 0.004252899141991808 0.00435180377320092 0.005959004030348988 0.005390302400896594 0.007788739707717556 0.008777786019808675 0.010582795539374966 0.012288900427732143 0.03352866997988891 0.007640382760903889 0.01377246989586882 0.005538659347710262 0.02042380634468159 0.004401256088805476 0.012659792794766313 0.00689859802683555 0.017333036619396846 0.014440076156530327 0.031748386618124895 0.15518136636709645 0.5337635684777743
0.027114397704717512 0.02662949044323225 0.014567422313786382 0.009920394391219299 0.008081787691421018 0.009152624560534301 0.009960803329676403 0.013314745221616126 0.016042348567470718 0.02129551056689438 0.021416737382265696 0.03713581444207957 0.047682547379384 0.041035277003190214 0.018507293813354128 0.01709298096735545 0.011375116175675081 0.012668202206302444 0.008405059199077858 0.008667717299049041 0.008101992160649569 0.011880227906388895 0.0143047642138152 0.02169959995146543 0.04032812058019088 0.5236190245271677
0.04346707818923054 0.03232703189295215 0.01684670781890296 0.011525848765413571 0.010947145061710798 0.009516460905334496 0.007957175925913135 0.007667824074061748 0.009484310699573232 0.01096322016459143 0.014692644032898192 0.01641268004112588 0.018631044238653176 0.017248585390918773 0.0115901491769361 0.010625643004098146 0.007346322016449096 0.007298096707807198 0.0054494598765344494 0.006655092592581895 0.00786072530862934 0.010770318930023838 0.014676568930017559 0.027858153292136287 0.03573495370364626 0.6264467592582522
0.027547380156045097 0.028840579710112776 0.012887402452605477 0.010780379041236588 0.010468227424737494 0.010557413600880092 0.010780379041236588 0.010602006688951391 0.011393534002216953 0.01528428093643781 0.018127090300983136 0.025451505016694034 0.02975473801557441 0.033734671125937865 0.02045707915270852 0.020891861761403688 0.013366778149371943 0.014793756967653518 0.009520624303222385 0.0115942028985378 0.009732441471561055 0.015730211817150803 0.016911928651040232 0.024102564102537232 0.0748717948717114 0.5118171683383369
0.03456684491963821 0.03597860962551453 0.01937967914430212 0.014117647058763132 0.009326203208516251 0.009625668449156681 0.01026737967910046 0.013433155080156436 0.014930481283358586 0.021860962566751397 0.02986096256671717 0.037903743315345864 0.0308449197859643 0.0211764705881447 0.013689839572133947 0.014331550802077726 0.010652406417066728 0.011721925133639692 0.009240641711190415 0.010438502673752134 0.010310160427763379 0.009582887700493762 0.01176470588230261 0.024941176470481535 0.03768983957203127 0.5323636363613589
0.0390624999999372 0.025205761316831908 0.01795588991766661 0.016268004115200185 0.01702353395058992 0.01695923353906739 0.016251929012319553 0.018245241769517997 0.02033500514400023 0.022907021604901448 0.025929140946460375 0.03372556584356719 0.03726208847730635 0.035702803497884995 0.022874871399140184 0.019949202674865052 0.014322916666643643 0.01331018518516379 0.010738168724262573 0.011284722222204082 0.011300797325084714 0.012956532921789872 0.01437114197528554 0.02166923868309274 0.032069830246862024 0.4723186728387469
0.04120082815726459 0.03308488612829589 0.019917184264969114 0.014637681159389983 0.011697722567263565 0.009565217391284544 0.007867494824000273 0.009668737060021389 0.009585921325031914 0.012277432712189902 0.015155279503074213 0.018881987577600658 0.022298136645916566 0.019192546583811195 0.010351966873684572 0.012505175983410962 0.00699792960661077 0.0089233954451161 0.005631469979284407 0.007826086956505536 0.008281573498947658 0.011469979296042505 0.01472049689437946 0.02492753623183245 0.03716356107652761 0.6061697722554737
0.022218045112772675 0.01989139515454474 0.0070258980785267225 0.005125313283205879 0.00509607351712402 0.006365914786964759 0.006645781119462554 0.010346700083537866 0.012781954887212706 0.02196741854635674 0.034181286549693324 0.05652882205511423 0.06418128654968079 0.06347953216371617 0.04086883876355853 0.027898913951533877 0.015672514619876496 0.01167919799498259 0.007878028404340903 0.0077485380116926695 0.006106934001668293 0.006804511278192646 0.008642439431909506 0.019243943191303573 0.02357560568085899 0.488045112781751
0.02566548358468131 0.0234028393965763 0.010780834072735624 0.008496007098472725 0.008473824312314832 0.009094942324735815 0.01173469387752499 0.015439219165892991 0.02047471162373453 0.024645075421418267 0.031188997337996474 0.04236912156157416 0.04210292812767945 0.03890860692094297 0.025998225377049693 0.021428571428523894 0.013509316770156368 0.011468500443630283 0.008540372670788509 0.008895297249314784 0.00836291038152537 0.009117125110893706 0.010181898846472533 0.018078970718682166 0.020430346051418743 0.5312111801230452
0.04975244341555788 0.02924061213987069 0.018068415637831035 0.015898276748945638 0.013085133744834932 0.011123971193397756 0.009982638888872842 0.008937757201631723 0.009950488683111576 0.012377829218087099 0.016300154320961453 0.021942515432063492 0.026475694444401884 0.025495113168683296 0.016894933127544857 0.015271347736600965 0.009628986625498924 0.011799125514384326 0.00848765432097401 0.009178883744841212 0.008391203703690215 0.01028806584360486 0.014226466049359846 0.022698045267453223 0.03967335390940124 0.5648308899167875
0.019271303824100996 0.012170029107667946 0.009685837599092428 0.012496236073440489 0.01390143531061452 0.018894911171286524 0.025996185887719573 0.03076382615670289 0.03972197129368734 0.047952423968563807 0.06373582254325069 0.07063635451151602 0.06827762722054533 0.059118739335393154 0.04453979724971258 0.03144133293176894 0.02210679514197002 0.0201244605038138 0.014729499146806359 0.014905149051453114 0.013198835692027504 0.010463715748242336 0.0069005319682653304 0.008330824048960326 0.06519120746746665 0.255445147043422
0.03933238991084797 0.029405643885729197 0.019021060517732828 0.017918088737164075 0.014047282111017132 0.01150836593687774 0.01294431033044838 0.013818363439578336 0.016378090402030344 0.017231332722847683 0.021289436443808187 0.028822941812975896 0.030487804877985334 0.02834429368178568 0.01962457337879875 0.018625655539793087 0.013631066344764773 0.015275118621461593 0.009635394988742121 0.009572962623804268 0.008844585032862638 0.012465662199258166 0.015233497044836357 0.022767002414004065 0.027990510280471177 0.5257845667182931
0.027143037495208636 0.02432352817400092 0.009910364852901758 0.007658965618803058 0.0065648276732597636 0.006733156587958732 0.00772208896181517 0.012498421916398396 0.014434204435436531 0.02192484113954062 0.03848419812305163 0.06318646635512522 0.09129739510985292 0.06070361486331544 0.0229558557420718 0.018642427302910738 0.01178302402892778 0.010815132769408712 0.00894247359338269 0.007532718932778831 0.006333375415548682 0.006375457644223424 0.008142911248562592 0.019736565248454033 0.024302487059663546 0.46185245970529426
0.039399999999934335 0.025183333333291362 0.018049999999969916 0.015949999999973416 0.01678333333330536 0.017166666666638054 0.01706666666663822 0.017216666666637973 0.017449999999970916 0.01946666666663422 0.02261666666662897 0.026949999999955083 0.030833333333281945 0.030249999999949585 0.022199999999963 0.01756666666663739 0.013166666666644723 0.014033333333309944 0.011366666666647722 0.011033333333314944 0.011399999999981 0.012316666666646138 0.014466666666642555 0.020599999999965667 0.0326999999999455 0.5047666666658254
0.04998085941226438 0.041152263374387134 0.011269020958916477 0.005933582160958145 0.004163077806478698 0.0036367116470388634 0.0032060484256789977 0.0032299741601989904 0.0043544836826386385 0.004545889558798579 0.0071059431524377785 0.008278304143917413 0.010599100392356687 0.009402813666357061 0.0071059431524377785 0.006579576992997944 0.004426260886198617 0.00588573069191816 0.004258780744558668 0.004785146903998504 0.003899894726758781 0.0059814336299981305 0.010670877595916664 0.030170351229710568 0.033711359938669465 0.7156665709620162
0.03632025450677253 0.022103658536512118 0.015111346765591492 0.0150450689289003 0.016702014846180068 0.017364793213091978 0.017364793213091978 0.018756627783606983 0.019684517497283654 0.01905487804871734 0.024787910922505343 0.030056998939455005 0.03559119830316943 0.031945917285153946 0.02028101802750437 0.01892232237533496 0.012128844114487908 0.014017762460186845 0.013156150583201364 0.013586956521694104 0.012228260869524695 0.013056733828164578 0.010206786850443376 0.014945652173863514 0.026179745493020348 0.5113997879092278
0.04394920963968917 0.029204457113166094 0.01749157812900365 0.015807203938803298 0.01433013734124299 0.012645763151042638 0.013552733868842828 0.011090956206242314 0.013785954910562876 0.01619590567500338 0.01653278051304345 0.021948691370764578 0.0249287380149652 0.02386628660268498 0.015366675304443207 0.01347499352160281 0.007411246436881546 0.008162736460201703 0.00637470847368133 0.008447784400081763 0.008810572687201838 0.011479657942442396 0.01347499352160281 0.024151334542565038 0.03314330137332692 0.5743715988583198
0.028852951572930247 0.024589077412458932 0.012482325910188047 0.007577765995034513 0.008925415341090214 0.008483563096481787 0.009897490279228753 0.013388123011635321 0.01721014492749821 0.020082184517452983 0.02542859667721494 0.03137150936719828 0.03680629197588192 0.030819194061437745 0.015155531990069027 0.01568575468359914 0.010626546482832656 0.01135560268643656 0.007091728525965245 0.0073568398727303 0.006561505832435133 0.007754506892877884 0.008814952279938108 0.022600742311721014 0.024611170024689353 0.5864704842687645
0.041287158442495024 0.03705835251717281 0.018141327194429634 0.012336102492212151 0.008207386647962648 0.008257431688499005 0.006856170553480992 0.0062306075467765225 0.006105494945435629 0.009158242418153443 0.009683715343785197 0.014112701431252846 0.01694024622155705 0.01731558402557973 0.011360224201753177 0.010409368431562382 0.008832949654667117 0.007631868681794535 0.005630067060340231 0.006130517465703807 0.0051296166549766545 0.008107296566889933 0.01256130517462576 0.025648083274883274 0.03117806025415079 0.6556901211073574
0.013123612853399717 0.011949564154504889 0.007382032230037341 0.006417060696699127 0.0053555920100270904 0.0072855350767035195 0.00792884943226233 0.014844478754519533 0.014104667245626902 0.020055325034545893 0.021486699475664242 0.03145807198682579 0.03457814661128602 0.0530734343336018 0.020843385120105435 0.02457460838234653 0.01325227572451148 0.03137765769238094 0.016694007526751112 0.030412686159042728 0.020055325034545893 0.032857280710166206 0.02343272540122964 0.027501688700139113 0.08675094084710548 0.423204348804363
0.04169967723003165 0.024042693661963013 0.021020393192480554 0.019259829812199508 0.017220510563373967 0.014906103286379509 0.013493984741779088 0.013292253521121886 0.014062499999994841 0.01538659037558121 0.018830692488256005 0.023173415492949247 0.026588174882619355 0.02417473591548409 0.019017752347410866 0.018078785211260974 0.014642018779337353 0.015294894366191573 0.014022153755863402 0.015228873239431034 0.015485622065722019 0.01796874999999341 0.0188820422535142 0.022014377934264227 0.04434785798120439 0.4978653169012258
0.04029579657488247 0.035443694862388575 0.020316554229319366 0.01629475869222549 0.012143227815225368 0.011831862999450358 0.010612350804331571 0.010456668396444067 0.01126102750386284 0.012376751427056625 0.012714063310812885 0.018085106382931797 0.020005189413544355 0.017644006227250535 0.012714063310812885 0.013258951738419152 0.011494551115694099 0.010949662688087832 0.009937727036819052 0.012013492475319115 0.012117280747244117 0.01421899325372543 0.01421899325372543 0.024675661650169496 0.036403736377694854 0.5785158277099676
0.024005158437686063 0.019749447310206798 0.012896094325694739 0.010169491525404993 0.011403831982292919 0.012196020633728452 0.014148857774476513 0.019086219602028213 0.026271186440629566 0.034764185703694245 0.03977523949882134 0.04950257921877394 0.04657332350765185 0.048949889461958454 0.03673544583633615 0.03102431834924277 0.020854826823837776 0.019233603537179008 0.014646278555610452 0.014369933677202709 0.009929992630784949 0.00941414885775716 0.011145910095779024 0.016746499631509308 0.029403095062584 0.4170044215172863
0.03394999999998585 0.022020833333324157 0.013820833333327575 0.012729166666661363 0.012783333333328007 0.01288749999999463 0.012704166666661373 0.015408333333326913 0.018408333333325665 0.02449166666665646 0.0314374999999869 0.041212499999982825 0.04095833333331627 0.033791666666652585 0.026295833333322378 0.021449999999991063 0.016662499999993058 0.014912499999993787 0.012841666666661316 0.012199999999994916 0.01200833333332833 0.01288749999999463 0.013254166666661144 0.021449999999991063 0.030091666666654127 0.47934166666646694
0.03405846010063325 0.030969316234798375 0.009812574632651958 0.006905145111866193 0.00446498104977814 0.004672654586977123 0.005581226312222675 0.006645553190367464 0.008644410985907678 0.010487513628548654 0.014718861948977938 0.02084523129634794 0.02458335496592964 0.018820414308657857 0.01152588131454357 0.010617309589298018 0.0066715123825173365 0.006775349151116828 0.004802450547726487 0.004127511551829792 0.004075593167530046 0.005477389543623183 0.007657961684212507 0.021416333523645147 0.023908415970032945 0.6917345932176633
0.03172529313231502 0.027889447236169224 0.008592964824117005 0.006180904522610477 0.005938023450583778 0.007198492462308543 0.007717755443882865 0.010427135678387593 0.014426298157447896 0.019103852596306908 0.02471105527637156 0.02756700167503033 0.025527638190944085 0.022696817420426008 0.016268844221098713 0.013350083752088212 0.010544388609710827 0.00963986599664588 0.006838358458958611 0.0061013400334982825 0.005674204355106502 0.006055276381907012 0.008044388609711874 0.028107202680055232 0.03329983249579845 0.6163735343381004
0.038189442683763584 0.03551650180857979 0.01490124523830004 0.009635391657848146 0.007474631070124724 0.007346585998259633 0.006882422612748676 0.009363295880134827 0.007970805723601955 0.00825890713529841 0.008739076154792504 0.010947853644465336 0.012388360702947616 0.01381286212744676 0.010531707160903788 0.009155222638354053 0.006498287397153401 0.00840295784114664 0.006146163449524398 0.00825890713529841 0.006690355004951038 0.008386952207163503 0.012404366336930752 0.027433656647095885 0.03295560037127796 0.6717084413702876
0.03270105915985522 0.02784825419832498 0.017760057991990333 0.013148886472527991 0.011034593854433904 0.011618541339431318 0.012303169425290356 0.012766300189253822 0.01465909548545234 0.015847126575619493 0.020236800773186264 0.02468688333127001 0.028029479279875903 0.028633562885045642 0.016773388103546425 0.01371269783735308 0.007671861785655688 0.008859892875822842 0.006181788892903665 0.006705328017384105 0.006161652772731341 0.007953767468068234 0.009947243365128373 0.0210019733397346 0.03014377189796999 0.5936128226801305
0.05238473767864712 0.04093799682018705 0.016971383147786283 0.010890302066729371 0.009022257551633456 0.007750397456249005 0.005047694753557044 0.005524642289326214 0.00500794912557628 0.005325914149422393 0.006200317964999203 0.009300476947498805 0.01454689984095967 0.015818759936344122 0.009578696343364154 0.01069157392682555 0.006478537360864552 0.00703497615259525 0.005961844197114619 0.0067965023847106655 0.007631160572306712 0.010214626391056381 0.01319554848961369 0.027861685214515652 0.03680445151018758 0.6530206677239546
0.0321675265961376 0.025713853548636638 0.014503957916649293 0.012117443404292168 0.012285507806570839 0.0120502176433807 0.010873766827430003 0.01359641014434447 0.0147560545200673 0.018520697131109525 0.02294079091103857 0.027747432816208555 0.031243172383604908 0.0307893984974525 0.020772760121643714 0.017713988000171908 0.012520797969760977 0.013495571502977269 0.012067024083608565 0.014167829112091952 0.013109023377736326 0.013865313187990344 0.015108989764852507 0.0201677282734405 0.03105830154109837 0.5366464429160238
0.037912213242958334 0.031554679353490656 0.009897191084462176 0.0068707638164749365 0.006214155370176762 0.006526981230447853 0.00774732794577622 0.009458909019811534 0.011380669968716488 0.012674335245045893 0.015581823514075896 0.022688836027109728 0.028872034671530496 0.020432253649633372 0.012843782586026066 0.010214090198122213 0.008136730969759505 0.007842642075077568 0.00695956074035397 0.006815367570385264 0.006747751564128752 0.007700078206464441 0.010945646506777002 0.030234130604794202 0.03536561522418899 0.6283824296141303
0.04939799331098172 0.02751393533999162 0.02129319955404538 0.017848383500537517 0.016287625418042042 0.013835005574120585 0.013255295429193695 0.01498327759195654 0.016109253065756845 0.01644370122629159 0.017982162764751414 0.019799331103656857 0.019698996655496435 0.019442586399086463 0.01554069119284778 0.014793756967653518 0.011649944258626923 0.012073578595304266 0.010914158305450486 0.011917502787054718 0.01328874024524717 0.014771460423617868 0.015942028985489475 0.024202898550697655 0.04003344481600888 0.5309810479369778
0.04235294117636108 0.032967032966947724 0.018202973497044077 0.011712992889433192 0.009127343244966703 0.00899806076274338 0.009489334195192012 0.009773755656083325 0.009877181641861986 0.011170006464095229 0.013393665158336409 0.01605688429213689 0.017711700064595444 0.020633484162842577 0.01223012281832649 0.011738849385877857 0.007420814479618822 0.0086877828054074 0.007162249515172172 0.007343244990284827 0.00767937944406547 0.010239172592087294 0.013807369101451047 0.024356819650874318 0.03107950872648719 0.6267873303151215
