0.02461500655302954 0.02074459370900077 0.01638269986890485 0.01464203800783371 0.014560124508489187 0.015317824377426036 0.014252948885947221 0.015850262123165444 0.01884010484924058 0.02275147444294161 0.03043086500649076 0.03802834207069539 0.037413990825611455 0.028239678899024737 0.014089121887258173 0.01269659239840126 0.01001392529486809 0.0132495085189768 0.009829619921342911 0.011160714285691431 0.008785222804700227 0.009870576671015173 0.012041284403645066 0.02672427916115104 0.027563892529432414 0.5319053079936683
0.028086862885826357 0.027772792534067916 0.011115847092593419 0.007885409188792304 0.006247756640337572 0.006359924623108444 0.006012203876518741 0.006831030150746107 0.007369436468046292 0.009724964106234605 0.011082196697762156 0.01860866834168767 0.026437993539094536 0.027155868628828118 0.014144382627406964 0.014649138549875887 0.010801776740834976 0.01267498205310854 0.008367731514707053 0.009803481694174216 0.008760319454405105 0.013078786791083678 0.01784592605884574 0.03864187006456542 0.05147388729355317 0.5990667623826733
0.015690376569012406 0.013051174766634935 0.007112970711285625 0.007660122304461441 0.007981976182800157 0.0070164145477840095 0.00732217573220579 0.015529449629843048 0.018410041840974556 0.029884132603749784 0.03905696813640319 0.06676858706136664 0.08147730930144596 0.10439330543916255 0.04892178950748484 0.038831670421566086 0.021757322175697202 0.02582877373668196 0.014032829095568019 0.018603154167977788 0.011409719987107483 0.01655938204052694 0.01383971676856479 0.01659156742836081 0.04343418088180973 0.30883488895991495
0.0375500667555959 0.030060914552674272 0.02221712283039424 0.02075684245656551 0.01915053404535391 0.01616738985310379 0.01616738985310379 0.014936582109448145 0.012746161548705053 0.013288551401841438 0.016960113484610816 0.026222463284324468 0.0286632176234382 0.025221128170841912 0.021507843791677427 0.018503838451229757 0.011181575433888556 0.011640520694234728 0.011035547396505684 0.012787883845100158 0.014310747663521547 0.015103471295028573 0.01648030707606709 0.02457443257671776 0.029622830440525653 0.5131425233634155
0.01935225741235817 0.021626516172461197 0.011666105121269234 0.009033861185964803 0.009665599730437867 0.010486859838252848 0.010465801886770414 0.013540262803205989 0.017857142857105254 0.02291105121288976 0.027649090296437733 0.03270299865222224 0.038809804582128515 0.027564858490507993 0.016635781671124 0.014972203504011598 0.01076061320752451 0.011518699460892186 0.008338948787044434 0.008802223719658013 0.007917789757395726 0.010444743935287978 0.010507917789735284 0.02114218328836518 0.024806266846308947 0.5808204177885343
0.013459915611795414 0.019099859352997045 0.008340365682126103 0.0050632911392333845 0.004163150492258561 0.004908579465534587 0.0056821378340285765 0.011181434599140392 0.011842475386762528 0.01763713080166296 0.02032348804497845 0.03426160337547924 0.03289732770740802 0.055850914205266035 0.025780590717263317 0.026976090014026757 0.017271448663829434 0.03448663853722295 0.01617440225032887 0.03036568213779133 0.020056258790407795 0.03219409282695894 0.022405063291107728 0.02537271448660285 0.13216596343160034 0.37203938115278196
0.01821628220777129 0.016192250851352258 0.014168219494933226 0.012449399216069445 0.011517702242479732 0.012786737775472616 0.014505558054336398 0.018392983357934857 0.023726145344689767 0.03460129795021107 0.049636959455038175 0.08467197841019618 0.08732249566264967 0.0800616847650195 0.04729165328013993 0.034681616654830875 0.022521364775392724 0.01795926235298792 0.01426460194047699 0.0117747220972631 0.009284842254049212 0.008931439953722078 0.009333033476821092 0.01232088928867776 0.017236394011409695 0.31615048512446803
0.03570626903954512 0.026599326599283952 0.018374218374188914 0.013708513708491729 0.012041045374359401 0.01018117684782719 0.012570145903459083 0.013243546576858676 0.015071348404657573 0.02207792207788668 0.03282026615354686 0.048885682218937174 0.056164822831399445 0.04664101330760519 0.027208593875216916 0.02323232323228598 0.018294051627355628 0.01519961519959083 0.010838544171860127 0.010582010581993616 0.011319544652859836 0.012938912938892193 0.01396504729835824 0.021260221260187173 0.02675966009295052 0.4443161776487986
0.02882767456752717 0.01957879564377887 0.00874839846250651 0.009869474695688121 0.011150704676467107 0.013412876361280003 0.012011531069802987 0.015594971172294213 0.015614990390743884 0.019258488148584125 0.022441543882081916 0.0332519218449046 0.04740550928882246 0.057615310698154995 0.028867713004426514 0.024783792440693498 0.012972453555387226 0.017216527866717617 0.009789397821889435 0.014033472133219824 0.009328955797546987 0.014734144778958331 0.01093049327352072 0.02308215887247141 0.03217088404862233 0.4873078155019072
0.01176658163261554 0.012914540816285349 0.01103316326527094 0.009406887755072044 0.0073341836734460005 0.0058673469387568004 0.009343112244868166 0.014094387755057097 0.015688775510154053 0.02056760204075074 0.0264030612244056 0.0426977040814965 0.08163265306096418 0.07126913265283397 0.028411989795827767 0.02276785714278454 0.011607142857105844 0.013456632653018314 0.007079081632630487 0.00771683673466927 0.005899234693858739 0.009088010204052652 0.014253826530566793 0.02547831632644937 0.03303571428560894 0.48118622448826154
0.03726353555113082 0.029721135029293622 0.01905984996734536 0.015920580560959064 0.014432485322866862 0.0159409654272343 0.015777886497032417 0.016491356816665664 0.0165117416829409 0.0205683300717128 0.024380300065181874 0.026113013698576906 0.021934116112153592 0.01830560991516164 0.013698630136958377 0.012230919765141408 0.007827788649690502 0.008622798434424692 0.006625081539451596 0.008235485975195215 0.008031637312442858 0.009968199608590248 0.01583904109585812 0.026989562948412038 0.029700750163018385 0.5598091976505223
0.04483852364468019 0.03308022555422101 0.02245931052155828 0.013920927848241187 0.010172369601419049 0.009018967063935315 0.010092272202982679 0.009339356657680797 0.00943547353580444 0.010044213763920857 0.01122965526077914 0.013856849929492092 0.013824810970117543 0.015170447263848566 0.009563629373302634 0.011341791618590058 0.007833525567077032 0.008442265795193447 0.005991285403040511 0.009099064462371685 0.012479174676386519 0.015250544662284938 0.01757336921693968 0.02598359605275858 0.038751121363516036 0.6112072279882558
0.02321818465372891 0.016531503431034524 0.011794291952565903 0.013704772301907156 0.013353867747946519 0.014075171553310053 0.01249610106048718 0.01427011852773263 0.015244853399845514 0.018032595134088364 0.02388100436676567 0.03661104179655995 0.045286182158364614 0.036279631940041565 0.019280255770392857 0.012905489706774591 0.008499688084824352 0.009143013100418857 0.006082345601984399 0.006121334996868915 0.00684263880223245 0.009162507797861114 0.012808016219563303 0.024095446038630505 0.11885917030544514 0.4714207735486755
0.039214453386906406 0.03454057679402553 0.013707243460735858 0.009263916834319954 0.007356639839018787 0.006727867203205215 0.006203890006693905 0.006266767270275263 0.0071051307846933575 0.008090207914134619 0.009452548625064025 0.012240107310504192 0.014273138832968072 0.016578638497617836 0.013204225352085002 0.013832997987898572 0.011129275653900214 0.01161133467469062 0.008341716968460049 0.009138162307157239 0.009075285043575881 0.011296948356783834 0.01444081153585169 0.0259683098591005 0.030579309188400027 0.6503604963098374
0.03588821892386385 0.023480983302366493 0.023674242424196672 0.019287260358651654 0.015808596165708472 0.013624768089027472 0.014359152751982145 0.014436456400714216 0.017258039579434798 0.02307513914652312 0.03264146567711688 0.04272959183665211 0.04178262213968425 0.03724103277667509 0.02377087198511176 0.01665893630176125 0.010513296227561624 0.011808132343823809 0.01030071119354843 0.012001391465653986 0.01213667285093511 0.014958256029655692 0.017799165120559294 0.01907467532463846 0.03785946196653166 0.4578308596156891
0.030479379251619688 0.02875212585026373 0.021524234693820355 0.016315901360500863 0.013366284013569924 0.012914540816292213 0.012887967687040583 0.015385841836693809 0.015199829931932397 0.019292091836683428 0.02434098639449314 0.03489051870739028 0.04544005102028741 0.03709608843527557 0.024473852040751292 0.019796981292464398 0.013259991496563404 0.013499149659828074 0.01222363945574983 0.012542517006769392 0.013127125850305253 0.015252976190435658 0.013950892857105785 0.019292091836683428 0.02354379251694424 0.4911511479578785
0.040550595238011425 0.03461888227506072 0.019386574074034005 0.014550264550234478 0.010106646825375936 0.007502480158714652 0.007791832010565906 0.007171792328027505 0.0062830687830557974 0.00826719576717868 0.008101851851835106 0.01147073412696042 0.014570932539652423 0.016761739417954776 0.00977595899468879 0.010954034391511751 0.007275132275117239 0.009920634920614417 0.006055720899458383 0.008246527777760734 0.0072131283068633985 0.010230654761883617 0.015418320105788239 0.029803240740679145 0.034866898148076086 0.6431051587288296
0.026576684185340156 0.023381509794518363 0.016140109890085793 0.014796344959366346 0.014438007644507827 0.013333134257027392 0.01309424271378838 0.015393573817463877 0.02045508838984046 0.024904443382667067 0.030772216913475314 0.04171643573811258 0.04661371237451234 0.035520186335350694 0.01993251313900512 0.014975513616795605 0.010003583373133654 0.008794194935486152 0.007763975155267911 0.010272336359277543 0.009749761108442204 0.009988652651681217 0.011018872431899458 0.02262004300044401 0.029398590539850993 0.5083462732911664
0.02806122448973999 0.022839604591791216 0.016681281887721857 0.01363201530609528 0.009805484693858009 0.008589764030595125 0.007832429846923165 0.009725765306103066 0.0110809948979371 0.014967315050990578 0.023018973214239836 0.03806600765298536 0.050103635203981776 0.04882812499990269 0.028439891581575973 0.026008450255050206 0.016920440050986685 0.020467952806081657 0.012416294642832398 0.01287468112242332 0.010682397959162383 0.014329559948951033 0.013193558673443092 0.015565210459152653 0.04143415178563171 0.48443478953985086
0.030794072948269767 0.025417933130650803 0.01183510638295624 0.00974544072946477 0.009251519756821331 0.008871580547095609 0.010695288753779075 0.01354483282672199 0.01675531914890434 0.01837006079023866 0.020573708206647848 0.02469604863217193 0.028761398176237154 0.030813069908756055 0.022492401215762743 0.018825987841909524 0.014209726443742002 0.013354863221859128 0.010353343465025925 0.009859422492382485 0.009973404255300203 0.010695288753779075 0.013525835866235703 0.0267857142856634 0.031003039513618914 0.5587955927041056
0.03629889455772667 0.034996811224396795 0.019796981292464398 0.013446003401324813 0.009699192176844975 0.00794536564623739 0.007174744897940118 0.008981717687050963 0.009911777210858015 0.012197066326498201 0.014083758503363936 0.018494897959134525 0.0401254251699614 0.014455782312886757 0.00791879251698576 0.008397108843515102 0.004464285714273851 0.005978954081616765 0.004517431972777111 0.005872661564610244 0.005633503401345574 0.0073341836734498985 0.01195790816323353 0.03284438775501476 0.03637861394548156 0.6210937499983495
0.03933333333326778 0.03134999999994775 0.018549999999969084 0.015349999999974417 0.012316666666646138 0.012033333333313278 0.012399999999979334 0.013566666666644056 0.011733333333313778 0.013366666666644388 0.013583333333310695 0.019999999999966666 0.03181666666661364 0.022749999999962082 0.011399999999981 0.012033333333313278 0.008466666666652556 0.01034999999998275 0.007733333333320444 0.007999999999986667 0.008966666666651722 0.012083333333313195 0.01764999999997058 0.02624999999995625 0.03426666666660955 0.5746499999990422
0.022151389291313064 0.02136256801567764 0.011735728774249434 0.009433658520864429 0.007421359348325089 0.0074857529218463476 0.007550146495367606 0.011220580186079365 0.012315270935940766 0.018819021861587914 0.024276377217514605 0.058421069577162144 0.06465114781534394 0.08015390064058701 0.04003670433684273 0.02860684503681927 0.013715831160028146 0.014778325123128919 0.009369264947343171 0.009820019961991984 0.007340867381423515 0.009836118355372297 0.011735728774249434 0.017418461637500535 0.029508355066116893 0.4508355066157139
0.042176288323462624 0.03404272667964359 0.01471787345072016 0.012047455968664286 0.010437051532920669 0.010029354207415955 0.009356653620333177 0.01066128506194826 0.010253587736443547 0.01090590345725109 0.011068982387452974 0.014636333985619218 0.01626712328763807 0.01812214611868452 0.011965916503563344 0.012862850619673714 0.0083985649053971 0.009988584474865484 0.006665851272002067 0.008031637312442858 0.00764432485321338 0.008194716242644744 0.011925146771012873 0.029598825831642205 0.034919275929478716 0.6250815394638268
0.026586415816273544 0.01680086096935427 0.014429209183644712 0.013791454081605167 0.016063456632621046 0.01969068877547096 0.01955117984689981 0.02475286989790985 0.02939652423463529 0.0359733737244181 0.04520089285705277 0.05703922193866183 0.060706313775389216 0.0481106505101082 0.02983498086728748 0.02389588647954421 0.01911272321424762 0.017079878826496572 0.015206473214255408 0.015266262755071616 0.015884088010172423 0.018933354591799 0.01624282525506967 0.014050542091808732 0.022500797193832706 0.3638990752543768
0.04771383075509635 0.024994313011757863 0.01799931756136829 0.015553912647817464 0.010748407643281539 0.011146496815254928 0.011971110100056952 0.013677206551371482 0.017345313921697723 0.01666287534117191 0.021468380345707836 0.027525022747874415 0.03287079162865995 0.029970427661425242 0.02155368516827356 0.016122611464922307 0.011061191992689203 0.012681983621438006 0.011174931756110172 0.012824158325714216 0.010862147406702508 0.01219858962689889 0.013847816196502934 0.019364194722419913 0.025904231119125612 0.5327570518638172
0.017578124999964966 0.018734056122411642 0.012814891581607113 0.01159917091834423 0.013014190050994471 0.014090401785686204 0.015744579081601272 0.019192442602002566 0.020368303571387976 0.025729432397907905 0.03077168367340806 0.042769451530527004 0.05402981505091273 0.0473333864794975 0.02632732780606998 0.022879464285668685 0.015684789540785067 0.01709980867343531 0.01183832908160906 0.010921556122427213 0.009127869897940993 0.009885204081612952 0.011340082908140665 0.01823580994894325 0.031887755101977264 0.4710020727031429
0.022574123989170792 0.02609080188673751 0.008991745282999933 0.005201314016161554 0.0037483153638735085 0.00383254716980325 0.004464285714276314 0.0066332547169671635 0.007707210242571371 0.009497136118578383 0.012213611859812555 0.023079514824749243 0.04586421832874439 0.04655913072766476 0.02310057277623168 0.018825808625297282 0.010023584905639269 0.015877695417756323 0.0064647911051076805 0.00983406334229735 0.008970687331517497 0.015267014824765694 0.021415936657636844 0.04354784366567649 0.05795148247966233 0.542263308624195
0.039620535714233074 0.025722789115612082 0.0178438562924933 0.01611660289113505 0.014947385204061773 0.012356505102024398 0.01306069302719353 0.01620960884351588 0.016980229591814174 0.017338966836711656 0.018680909863920757 0.02454028486391297 0.03192761479587595 0.02570950255098625 0.015691432823108403 0.01593059098637339 0.011838329081616923 0.014030612244879318 0.011001275510189465 0.011798469387739426 0.009925063775497017 0.013193558673451858 0.015864158163244227 0.023716517857111347 0.031874468537372615 0.5340800382645965
0.0340093553760829 0.02601563501213313 0.013648596693557528 0.011181596821717318 0.010172369601419049 0.009467512495178989 0.008330129437382528 0.011950531846706474 0.012975778546692017 0.017381135460692393 0.019735998974721683 0.025807381776198565 0.033881199538584705 0.0349384851979448 0.02031270024346355 0.019559784698161668 0.014097142124801202 0.01662821991539051 0.01158208381389917 0.01174227861077191 0.010813148788910014 0.01683647315132507 0.01733307702163057 0.023724849416852933 0.033480712546402856 0.5343938228877765
0.020149075255061884 0.021863042091793163 0.01377152423466643 0.014269770408134826 0.010463169642836289 0.008988360969369842 0.008769132653043748 0.012177136479567568 0.01789700255098474 0.023497289540769496 0.03796635841829168 0.06246014030599797 0.08225047831616261 0.05687978316315195 0.03617267219380546 0.02547034438770434 0.017717633928536116 0.014190051020379882 0.010901626275488477 0.009885204081612952 0.007932079081616845 0.008789062499982483 0.009725765306103066 0.01709980867343531 0.022042410714241782 0.4286710778052681
0.02534084887021994 0.02139037433151645 0.012814953991404001 0.00865571453805358 0.007868831398230526 0.0073710073709955335 0.007146183616760376 0.014790191260755745 0.015111368052520256 0.02167943344410451 0.02161519808575161 0.03223009105356871 0.04011498129138746 0.06749530278931204 0.023044434809103686 0.030832972009393084 0.01368213132916818 0.037417096240565564 0.014533249827344136 0.027669380610512648 0.01368213132916818 0.02969279439862907 0.020539255833340497 0.023686788392632708 0.09469897705176615 0.3668963080721895
0.014695006270274454 0.015161259204451652 0.004919772339938712 0.0035210135374071174 0.0030386829158444988 0.003971188784198895 0.004501752467917776 0.011479468793190329 0.01101321585901313 0.018312485931994096 0.02183349946940121 0.03292710376534145 0.03979227627891605 0.07442361490711209 0.02435769638891225 0.029856265474726106 0.011383002668877805 0.036721437988300715 0.01152770185534659 0.025772532878829267 0.01204218785168005 0.027766166114621425 0.016978037879004183 0.025241969195110386 0.1183157014693104 0.40044695970867156
0.011654253409893603 0.01122801507536429 0.009478194544138686 0.009926866475222175 0.011014895908099634 0.01395369705669648 0.016612078248366146 0.023387024407726817 0.028367282842753538 0.03867552045939668 0.052674084709201506 0.08290335606595152 0.10189339554906016 0.08822011844929085 0.04500179468767386 0.029803033022220697 0.020279971284973664 0.015344580043055294 0.011183147882255941 0.010364321608028575 0.009051956209609373 0.00901830581477811 0.008390165111261227 0.011732770997833214 0.014121949030852789 0.3157192211051735
0.019365079365040942 0.017321428571394203 0.011111111111089065 0.00841269841268172 0.006884920634906974 0.008928571428553713 0.010337301587281076 0.016507936507903755 0.018690476190439106 0.027499999999945436 0.04797619047609528 0.10416666666645999 0.12492063492038706 0.10793650793629378 0.04751984126974698 0.024206349206301176 0.011507936507913675 0.009345238095219553 0.00587301587300422 0.006388888888876213 0.005277777777767306 0.0070634920634780485 0.007738095238079884 0.013353174603148108 0.01466269841266932 0.31700396825333926
0.03252118644062875 0.029434019370415506 0.014452179176733576 0.01150121065373562 0.012363801452765793 0.012787530266324475 0.01159200968521248 0.013725786924918696 0.014497578692472007 0.015556900726368708 0.015299636803850939 0.01632869249392202 0.017100484261475334 0.017675544794162112 0.0111682808716538 0.010063559322018668 0.007203389830497574 0.007551452784492204 0.006355932203380212 0.007521186440666584 0.008262711864394276 0.01122881355930504 0.014028450363174896 0.02713377723966838 0.03173426150116263 0.6229116222750863
0.04176311728388348 0.03308256172834188 0.01554462448557172 0.01176697530862306 0.01028806584360486 0.009018132716034886 0.010497042181053084 0.008953832304512355 0.008953832304512355 0.012811856995864178 0.01790766460902471 0.021524562757167045 0.021572788065808944 0.021283436213957556 0.016091177983513227 0.01400141460903099 0.010223765432082331 0.009950488683111576 0.00705697016459771 0.00644611625513367 0.005996013374475958 0.008391203703690215 0.013470936213970115 0.025961291152221642 0.03483474794233083 0.6026073816862741
0.03584747942381069 0.025736239711892785 0.01419431584359858 0.009902263374469679 0.011188271604920285 0.010818544238665736 0.011638374485578 0.013374485596686319 0.01617155349791639 0.019692001028774928 0.026845421810656432 0.031571502057562414 0.029385288065796385 0.029690715020528405 0.019113297325072155 0.017071759259231815 0.011927726337429386 0.012072402263355079 0.009050282921796151 0.009805812757185882 0.007941100823032503 0.010545267489694983 0.014644418724256295 0.0203671553497615 0.02681327160489517 0.5545910493818246
0.023377710459137082 0.02010921556118441 0.013711734693850224 0.012894610969362057 0.014887595663235635 0.015983737244866104 0.017000159438741627 0.022979113520362367 0.024493781887706286 0.027622767857087806 0.03252551020401681 0.05339205994887318 0.08039700255086017 0.06650589923456134 0.03812579719380157 0.029157366071370462 0.02258051658158765 0.022979113520362367 0.017478475765271288 0.016701211734660593 0.015106823979561729 0.013512436224462866 0.013432716836707922 0.012555803571403549 0.023696588010156856 0.34879225127481506
0.036133333333273114 0.03229999999994616 0.02173333333329711 0.013216666666644639 0.011299999999981167 0.009166666666651389 0.008933333333318444 0.009066666666651556 0.010716666666648805 0.012433333333312611 0.01618333333330636 0.027816666666620304 0.03338333333327769 0.031099999999948166 0.017349999999971083 0.013583333333310695 0.008749999999985417 0.009033333333318279 0.007916666666653471 0.01126666666664789 0.012466666666645889 0.015416666666640972 0.017766666666637055 0.0272999999999545 0.03159999999994733 0.5540666666657432
0.028712744090395825 0.02718717882832222 0.014340313463491874 0.011514003083229198 0.01002055498456767 0.009827852004095215 0.009667266187034835 0.012493576567297512 0.013505267214777902 0.015400179856090377 0.021550616649502904 0.032502569373020776 0.04708376156210322 0.0330646197327321 0.020089285714253453 0.01475783658784886 0.01281474820141827 0.011642471736877501 0.009731500513858987 0.008992805755381241 0.009538797533386531 0.009683324768740873 0.011048304213754098 0.023718525179818026 0.030800359712180755 0.5503115364842139
0.02924173812501326 0.02105212448209357 0.015319394932049781 0.01512669814045167 0.012348652728245578 0.015158814272384689 0.015592382053480437 0.01894851784048086 0.02098789221822753 0.024103157015730316 0.02383016989429966 0.034396377300262716 0.043340720043608345 0.046102707389847924 0.02384622796026617 0.02524327969935247 0.01875582104888275 0.018434659729552567 0.014098981918595082 0.01512669814045167 0.013231846356403584 0.015030349744652616 0.01658798214340401 0.020859427690495456 0.03450878376202828 0.4487265953681332
0.032166772959119565 0.022221779336690405 0.01841517857139187 0.015844228316294954 0.013651945153034016 0.013970822704053788 0.012376434948954925 0.014030612244869995 0.016402264030579556 0.01955117984689981 0.028439891581575973 0.04288903061215942 0.05845424107131207 0.04591836734684726 0.026805644132599636 0.019052933673431416 0.013392857142830452 0.013193558673443092 0.011200573979569514 0.011898118622425267 0.010363520408142611 0.012077487244873888 0.01277503188772964 0.018335459183636927 0.02471301020403238 0.4718590561215086
0.02877976190467625 0.02458333333326017 0.014642857142813562 0.01574404761900076 0.01443452380948085 0.014791666666622643 0.013988095238053607 0.01717261904756794 0.021696428571363998 0.022857142857074828 0.029136904761818044 0.03907738095226465 0.04458333333320064 0.03886904761893194 0.0318154761903815 0.03065476190467067 0.02410714285707111 0.018303571428516952 0.012827380952342775 0.011279761904728333 0.009077380952353937 0.008214285714261266 0.010863095238062908 0.015654761904715313 0.021428571428507653 0.4654166666652815
0.04318550767406437 0.029755755607973444 0.018189197166436338 0.014130755608002267 0.012747195985808833 0.013890938606822072 0.01477641676502587 0.016805637544242906 0.018004722550143883 0.02045823494683357 0.02250590318767985 0.027210005903137525 0.0247011511215601 0.02888872491139889 0.019572756788629773 0.018115407319919355 0.013540436835866403 0.014352125147553216 0.013060802833506012 0.01267340613929185 0.011418978748503138 0.013558884297495648 0.014850206611542852 0.019904811097956197 0.03881345926793312 0.5048885773308277
0.020795660036136986 0.021078209764888847 0.01315268987339914 0.011923598553328543 0.009931622965627922 0.01024242766725497 0.010906419529821843 0.012333295660018742 0.014650203435784005 0.018761301989123586 0.023013675406839098 0.03327023056053166 0.04022095388782745 0.04152068264008601 0.02468071880647508 0.021756329113893313 0.013082052441211174 0.016599796564171848 0.00899920886074678 0.012333295660018742 0.010411957504506086 0.01435352622059455 0.015639127486415518 0.027294303797429795 0.10570185352607128 0.4473468580463843
0.03860703159763211 0.026118157543354864 0.019526034712923444 0.017898865153513157 0.01545115709833187 0.017203493546927566 0.01521473075209277 0.017398197596771532 0.01693925233642504 0.018455162438781633 0.01941477525586975 0.02472741433018368 0.029428126390702285 0.028913551401828948 0.018788940809942718 0.0175929016466155 0.01379617267465816 0.015325990209146465 0.01260013351133094 0.01424121050287294 0.012753115264779772 0.014296840231399788 0.017578994214483785 0.02136181575430941 0.03846795727631499 0.4978999777474161
0.04038718291046314 0.03596461949258185 0.0146445260346824 0.009283210947911208 0.007071929238970561 0.005861982643512471 0.0067590120160072615 0.00878254339116993 0.01011765687581334 0.01216204939917356 0.014206441922533782 0.0258052403203734 0.031500333778305446 0.026285046728917127 0.016021361815720916 0.013413718291026756 0.008928571428552802 0.010555740987961958 0.007071929238970561 0.006738150867809709 0.005778538050722258 0.007301401869143647 0.008386181575416417 0.027849632843733624 0.03279372496655375 0.6063292723618859
0.007068046006542652 0.005509863136918477 0.0032930668894119177 0.002586262288757652 0.002602326029681613 0.003277003148487957 0.003421576816803602 0.005702628028006003 0.006682516224367599 0.009734626999920108 0.00841740024415534 0.012947375184712222 0.014923215318359372 0.057829467326258065 0.011453447278783889 0.02465784231827948 0.008899312471874157 0.03844053203103765 0.007903360534588602 0.02379040030838561 0.008899312471874157 0.024754224763823243 0.00979888196361595 0.010296857932258728 0.5267621923785151 0.16034826190297444
0.010231481481469639 0.009247685185174482 0.004189814814809965 0.004201388888884026 0.004583333333328029 0.004351851851846815 0.004363425925920875 0.007291666666658227 0.00954861111110006 0.014212962962946513 0.01685185185183235 0.03158564814811159 0.04178240740735905 0.07702546296287381 0.02611111111108089 0.034050925925886516 0.017337962962942894 0.039212962962917576 0.013784722222206268 0.027233796296264774 0.012581018518503958 0.02643518518515459 0.013564814814799115 0.017164351851831985 0.28381944444411594 0.24923611111082264
0.027817150956723442 0.020826621995971868 0.015446813993918809 0.015334063526809912 0.012805231621653236 0.011065652986258834 0.011629405321803316 0.01547902841309278 0.018458862186685042 0.021728625732843038 0.026866825591091315 0.046243798724234515 0.05892017266919187 0.04318342890270733 0.026399716513068747 0.021245409445233482 0.014657560724156533 0.01580117260483248 0.012466980220326546 0.016284388892442037 0.011742155788912212 0.016123316796572185 0.012837446040827205 0.018781006378424746 0.05217125185224507 0.4356839121183627
0.033111988513961424 0.03132851758790456 0.011115847092593419 0.006943198133516979 0.006573043790373101 0.006000987078241654 0.006292623833445921 0.008188262742273657 0.008838837042344717 0.011216798277087202 0.016466259870764013 0.027436288585755298 0.034794508255524506 0.029488962670462256 0.016656945441474495 0.012977835606589893 0.008435032304369577 0.008345297918152878 0.005238244795399724 0.005473797559218555 0.003948312993534695 0.006853463747300281 0.009713747307957517 0.030419956927460495 0.04108713208897043 0.613054109834201
0.025206367924475222 0.020489386792409685 0.01408776954174931 0.012487365229084215 0.012908524258732925 0.012276785714259861 0.011076482479761042 0.013477088948758683 0.017667621293763335 0.021858153638767988 0.02682783018862275 0.05018109838264365 0.06287904312655222 0.049865229110407125 0.02225825471693426 0.017351752021526803 0.009433962264131077 0.011708221024234106 0.005517183288398085 0.00739134097033484 0.004443227762793878 0.009307614555236465 0.011602931266821928 0.02449039757407242 0.07820923180576522 0.44699713611765707
0.034129692832725676 0.028293515358329586 0.015073947667787174 0.012002275312841863 0.010273037542650429 0.00957906712171834 0.01060295790670011 0.012241183162670944 0.014288964732634484 0.016996587030697386 0.024982935153555194 0.03778156996582732 0.042548350398131346 0.03472127417515959 0.022150170648438966 0.016689419795202855 0.011251422070521898 0.010932878270749792 0.008805460750843225 0.008873720136508676 0.009044368600672304 0.01055745164958981 0.01312855517632181 0.02451649601817461 0.027690557451618098 0.5328441410687909
0.03542579075417171 0.02201946472014107 0.016350364963463867 0.015498783454950125 0.016666666666626116 0.01732360097319386 0.016423357664193616 0.017420924574166857 0.018929440389248348 0.02111922141114083 0.027250608272439778 0.038004866179956194 0.03953771289528093 0.04007299270063242 0.026180048661736788 0.024136253041303804 0.01717761557173436 0.01727493917270736 0.013090024330868394 0.01233576642332765 0.01116788321165166 0.011289537712867908 0.010194647201921668 0.01737226277368036 0.025401459853952795 0.4723357664222084
0.03276466836728164 0.028858418367289425 0.020647321428530277 0.01789700255098474 0.01723931760200646 0.014668367346909541 0.01387117346936011 0.015365911989765293 0.01727917729588393 0.020049426020368206 0.021125637755059937 0.02485251913260353 0.027762276785658957 0.026207748724437565 0.018136160714249568 0.016880580357109213 0.012535873724464812 0.013213488520381829 0.010861766581611006 0.012197066326506304 0.010243941326510197 0.01586415816323369 0.019351881377512453 0.023437499999953287 0.027303890306068033 0.521384725764267
0.0472980563980816 0.03505224132114361 0.017381674611171488 0.011700130001425682 0.009661835748776763 0.008474168231485267 0.007703789301350243 0.007463045885683048 0.007479095446727528 0.010030975652799796 0.011684080440381203 0.014926091771366097 0.015375479480611527 0.017461922416393886 0.00935689408893165 0.009100101112219976 0.006130932318991236 0.007463045885683048 0.005633395926612365 0.005312404705722772 0.006098833196902276 0.010287768629511472 0.014797695283010259 0.029065755051552688 0.03901648289913009 0.6360441041927295
0.019139078805304136 0.018689276718222958 0.013167956099301494 0.012549478229564873 0.013167956099301494 0.013111730838416345 0.013280406621071788 0.014854713925855911 0.017868387909299805 0.024030676502311946 0.03409499820075331 0.0556967434328269 0.07155226700243843 0.06509760705282353 0.04139303706364543 0.02877608852101838 0.020308564231715197 0.016496491543702214 0.012144656351191812 0.011110111550905103 0.008714915437197828 0.009490824037412861 0.010379183159398188 0.015653112630425004 0.018082043900663366 0.4211496941341072
0.029956371753170768 0.025339894480455205 0.021129261363582768 0.021763392857087654 0.02386870941552387 0.016893262986970137 0.014965503246715287 0.018846387986965182 0.023031655844097422 0.026202313311621848 0.029296874999925688 0.0347250405843275 0.039721996753146 0.03302556818173441 0.020241477272675928 0.01521915584411724 0.010780235389583046 0.010856331168803631 0.011109983766205585 0.013747970779185907 0.01174411525971047 0.011947037337632034 0.014407467532430987 0.026506696428504194 0.029575892857067836 0.46509740259622284
0.02430680186644797 0.020481873653961234 0.01566986719309082 0.01599515434312635 0.014222900215346574 0.015221195262007334 0.014144382627406964 0.017105617372557985 0.019472361809023384 0.023420674802558078 0.03079011127060437 0.04167040559937896 0.05298815506095995 0.04396984924618184 0.02730168700643025 0.019999551328046483 0.013987347451527741 0.010039034457993047 0.0076610732232505595 0.007470387652540077 0.006561826992096014 0.008076094759502786 0.010409188801136924 0.02080716080399676 0.024127333094014575 0.4940999641056913
0.05182162822069681 0.0404163721646848 0.01789500738929208 0.008353145280459499 0.004851249759036093 0.003534023003271326 0.003614341707891129 0.0028593458844649823 0.003019983293704588 0.004015935230990144 0.005509863136918477 0.00701985478377077 0.007228683415782258 0.009654308295300305 0.004915504722731935 0.005493799395994516 0.0030521107755525087 0.005509863136918477 0.003003919552780627 0.003807106598978656 0.0035982779669671686 0.007871233052740682 0.014328856904172831 0.03326800745352235 0.046279637601930414 0.6990779412698402
0.028164088215873594 0.030097926267219185 0.0173428242264291 0.01287853851215257 0.008969716919007222 0.00787936142197194 0.00785878867674486 0.009340026333094676 0.012672811059881762 0.01705480579324997 0.02411125740613868 0.03647547728761423 0.04540404871616729 0.02968647136267757 0.015408986175083506 0.00968976300195505 0.008249670836059394 0.008290816326513555 0.006418696510849205 0.007406188281749082 0.009833772218544614 0.012220210664885985 0.01654048716257295 0.021848255431159792 0.02125164581957445 0.5749053653707725
0.03015385841830725 0.022919323979546158 0.016202965561192197 0.012695312499974699 0.012216996173445039 0.01235650510201619 0.01277503188772964 0.013133769132626885 0.013831313775482638 0.019292091836696244 0.025450414540765603 0.04209183673460999 0.059630102040697484 0.03818558673461778 0.01855468749996302 0.014229910714257355 0.009805484693858009 0.010522959183652498 0.008549904336717654 0.0091876594387572 0.00819116709182041 0.010204081632632724 0.014449139030583447 0.02553013392852055 0.03264508928564922 0.5071946747438871
0.02754304846933286 0.021922831632609368 0.015126753826500465 0.01614317602037599 0.014190051020379882 0.014209980867318618 0.015784438775478745 0.01979033801016464 0.02295918367342363 0.025928730867295264 0.028519610969330915 0.03944116709175813 0.056501116071315964 0.04282924107134321 0.024932238520358474 0.02230149872444535 0.01841517857139187 0.017000159438741627 0.012575733418342283 0.014110331632624939 0.012655452806097226 0.013572225765279073 0.015545280612213917 0.01923230229588004 0.021524234693834653 0.4472456951521699
0.034387065636996485 0.03249678249671715 0.012729247104221506 0.008425836550819608 0.007681788931773484 0.0068774131273992975 0.006475225225212204 0.006475225225212204 0.006575772200758977 0.008023648648632514 0.00973294723292766 0.01309121621618989 0.018098455598419202 0.019325128700089837 0.010778635778614104 0.009793275418255724 0.005509974259963179 0.006213803088790593 0.003981660231652225 0.00400176962676158 0.004645270270260929 0.00762146074644542 0.00977316602314637 0.02489543114538108 0.03022442084936007 0.6921653796639877
0.02670719669774463 0.02141286791095947 0.01150843503229147 0.008872487437175978 0.007156317300781635 0.007302135678383769 0.006629127781758537 0.007885409188792304 0.009455760947584511 0.011800071787495738 0.01566986719309082 0.02181667264893461 0.026639895908082106 0.03472720746586198 0.01566986719309082 0.015367013639609468 0.00962401292174082 0.01387517946875687 0.006988065326625327 0.010880294328774586 0.008524766690586274 0.015209978463730248 0.01961818018662552 0.03647702799708758 0.0976422290020441 0.5325399318012691
0.05172001911124623 0.039760511227843166 0.013258480649765201 0.0077938365981727875 0.00628583373147652 0.004524008600088802 0.0033146201624413003 0.0044344242713741724 0.005285475394163155 0.0057483277591887415 0.007345914954599638 0.007599737219291089 0.008346273291913004 0.010526158623968995 0.0069875776397411195 0.008570234113699579 0.005046583850924142 0.00637541806019115 0.004404562828469296 0.005046583850924142 0.004703177257518062 0.006226110845666767 0.011123387482066526 0.031981605351122815 0.04071607740079922 0.6928750597218513
0.030562663327505332 0.027704431620190206 0.012433307926820807 0.011187935540062073 0.011119882404173618 0.011902493466890854 0.010697952961665194 0.012174706010444677 0.014576981707307153 0.019721798780474382 0.023764155052248635 0.03320312499997741 0.039906358884990265 0.03265869991286976 0.02179061411148343 0.018027275696851842 0.013454104965147639 0.011875272212535473 0.009622713414627598 0.010364492595811762 0.008880934233443433 0.010691147648076348 0.01346771559232533 0.02375734973865979 0.029623530052244648 0.5368303571424918
0.030449231261950573 0.0250640614989889 0.014013452914770153 0.01289237668158854 0.014393818065313913 0.01655589365787845 0.014934336963455048 0.01717648942981827 0.01839766175524824 0.021620755925645378 0.02614509929527117 0.037135650224140906 0.04974775784743404 0.037916399743678095 0.023462524023015168 0.01741672005121433 0.010970531710420062 0.010730301089024003 0.009048686739251584 0.009629244074292062 0.009889493914137792 0.011831358103755943 0.014053491351669495 0.021100256245953915 0.028887732222876186 0.49653667520720585
0.03196706143589941 0.0250508882308821 0.016353626942967353 0.014665062916324332 0.013994263508479843 0.012490747594345646 0.012421354552154837 0.015821613619504484 0.017857142857101552 0.020447816432225093 0.024657660991800848 0.033285529237524786 0.043948926720845785 0.03083364174678286 0.023200407105793856 0.017764618800847138 0.01480384900070595 0.012745188749045278 0.00964563286452247 0.009992598075476516 0.008766654330105554 0.013022760917808514 0.015752220577313673 0.020679126572861122 0.027271465580987992 0.5125601406353799
0.046553497942312 0.027038323045224025 0.020463605967045294 0.014387217078166172 0.009837962962947148 0.009837962962947148 0.0087287808641835 0.00916280864196058 0.010111239711917902 0.012297453703683936 0.01604295267487133 0.021251286008196292 0.025189686213951276 0.025366512345638234 0.01511059670779464 0.01406571502055352 0.01109182098763649 0.011252572016442816 0.009307484567886272 0.00929140946500564 0.009709362139902087 0.012795781892983546 0.01536779835388476 0.0231802983538722 0.0347704475308083 0.5777874228385773
0.037747130101965586 0.03396045918360579 0.013352997448952979 0.010423309948958818 0.008749202806105012 0.008250956632636617 0.007852359693861902 0.008689413265288805 0.009107940051002256 0.009406887755083294 0.010064572704061574 0.014289700255073562 0.01965082908159349 0.018614477040779228 0.012575733418342283 0.010542889030591232 0.008589764030595125 0.008470184948962711 0.006556919642844075 0.007274394132638563 0.0066764987244764895 0.007035235969373734 0.01060267857140744 0.028240593112188614 0.03186782525503853 0.6514070471925792
0.017766497461898872 0.019137055837531072 0.006040609137045617 0.005888324873086484 0.005803722504220298 0.003214890016915034 0.0029780033840897157 0.0057529610829005874 0.0071404399323060225 0.012216582064277129 0.014247038917065571 0.022910321488962927 0.028138747884893164 0.04962774957690418 0.01935702199658315 0.023993231810450096 0.010575296108273138 0.02868020304563675 0.01021996615903516 0.022284263959353158 0.012470389170875685 0.02521150592212316 0.018172588832456562 0.028392554991491722 0.17177664974590223 0.42800338409403044
0.03871173469375411 0.03016581632643442 0.01884566326524603 0.01588010204076569 0.014158163265260974 0.0132015306122028 0.014253826530566793 0.015210459183624967 0.015720663265255994 0.022257653061153515 0.024394132652983437 0.03587372448968153 0.04142219387741893 0.040752551020278215 0.032142857142754645 0.025063775510124158 0.018558673469328574 0.017410714285658765 0.013871173469343523 0.013073979591795045 0.009056122448950713 0.011511479591800027 0.012340561224450444 0.01731505102035295 0.026179846938692027 0.46262755101893294
0.0378247170781285 0.027713477366210593 0.021701388888854003 0.01826131687239863 0.016396604938245248 0.014033564814792256 0.013712062757179604 0.01612332818927449 0.017071759259231815 0.022087191357989186 0.021958590534944124 0.024659207818890402 0.024659207818890402 0.02744020061723984 0.01983667695470062 0.021010159464986803 0.0167181069958579 0.017891589506144077 0.013454861111089482 0.013261959876521892 0.011541923868294203 0.0138085133744634 0.016444830246887143 0.023083847736588406 0.039785879629565674 0.4895190329210238
0.04435120884766533 0.03435249485591185 0.016091177983513227 0.012538580246893425 0.012329603909445201 0.01083461934154637 0.0094200102880507 0.008568029835377173 0.008889531892989825 0.009837962962947148 0.012104552469116344 0.012811856995864178 0.01387281378598593 0.014853395061704518 0.011606224279816734 0.011252572016442816 0.008198302469122624 0.009854038065827781 0.007008744855955811 0.008166152263361358 0.007539223251016687 0.009596836419737659 0.013583461934134542 0.030912422839456482 0.03647440843615536 0.6249517746903533
0.010655737704900907 0.00765027322403142 0.006766313082599219 0.007360977177744518 0.009128897460608921 0.01073609771775838 0.011732561877191044 0.01814529090321738 0.021102539376372385 0.03246544519441905 0.04574091931847358 0.06391835422683395 0.06366120218569003 0.08063323690118832 0.0350048216007152 0.03489231758271474 0.017180970748927705 0.031099324975842012 0.010800385728044358 0.016875602700069308 0.007987785278032806 0.018884603021506133 0.011073609771759765 0.011716489874619549 0.19855351976824404 0.21623272259688808
0.03460197210192009 0.031836219336171485 0.01536195286192977 0.009740259740245099 0.008131914381902158 0.008252164502152099 0.0074705387205274915 0.007109788359777673 0.007665945165933643 0.008733164983151857 0.010025853775838705 0.014159451659430377 0.019630832130802623 0.017857142857116017 0.010822510822494556 0.00832732082730831 0.006283068783059339 0.006688912938902884 0.006418350168340521 0.0070947570947464305 0.005802068302059581 0.007816257816246067 0.01190476190474401 0.02979196729192251 0.03254268879263988 0.6659301346791336
0.03542698019794151 0.03412305516258371 0.0202881895331942 0.01626591230548032 0.012796145685968891 0.009569483734066546 0.007027934936335246 0.006740629420069968 0.00939268033944176 0.011934229137173059 0.016685820367714183 0.02422206506359569 0.030012376237557432 0.02269713578495691 0.016000707213543137 0.012508840169703614 0.00926007779347317 0.008530763790645927 0.007690947666178193 0.008552864214974025 0.009790487977347528 0.010121994342269002 0.014807284299825833 0.027183521923560855 0.02508398161239152 0.5932858910877977
0.022007042253451937 0.02530809859146973 0.01502766599592861 0.01279552313879277 0.012292505030142441 0.013204225352071164 0.012638329979839541 0.017071177062320576 0.02027791750496643 0.02524522132788844 0.03027540241439174 0.04417127766585711 0.058287223339856996 0.05904175050283249 0.03156438631780821 0.02307595573433389 0.014493209255487634 0.015656438631741522 0.010877766599563387 0.010154678068378538 0.008614185110636902 0.009525905432565625 0.010563380281656931 0.014493209255487634 0.018863179074387375 0.4644743460749985
0.0166073546856268 0.017520759193336274 0.007580071174368232 0.006168446026089954 0.006322657176742203 0.005587188612093016 0.004804270462627753 0.009193357058114835 0.010545670225373019 0.017058125741379528 0.02073546856462546 0.03138790035583465 0.0385409252668582 0.061945432977387964 0.024389086595463356 0.027841043890832928 0.015136417556328427 0.030806642941837714 0.013440094899153689 0.023546856464978 0.013641755634622015 0.02544483985762106 0.016678529062850916 0.022586002372452448 0.10940688018966856 0.4230842230125468
0.0333758503400651 0.02959183673463097 0.014987244897927323 0.01239370748296685 0.012138605442151066 0.009991496598618215 0.011394557823105028 0.01354166666663788 0.017687074829894373 0.019409013605400916 0.02502125850334817 0.030527210884288846 0.033142006802650635 0.024957482993144223 0.015433673469354946 0.01390306122446024 0.008418367346920879 0.010055272108822162 0.008056972789098518 0.010225340136032685 0.010905612244874775 0.011181972789091875 0.013201530612216834 0.02383078231287451 0.030038265306058593 0.5565901360532385
0.03268327067661494 0.020559210526267482 0.01722274436086179 0.01393327067665899 0.01231203007515904 0.012946428571398152 0.01475563909770969 0.020253759398448652 0.022532894736789162 0.02789003759391943 0.03632518796983946 0.05350093984949835 0.05951597744346918 0.051997180451005647 0.031743421052556994 0.023284774436035514 0.014544172932296654 0.013768796992448852 0.012124060150347452 0.012359022556361938 0.010573308270651848 0.016776315789434264 0.017410714285673378 0.015460526315753146 0.02887687969918027 0.40664943608927007
0.030871332908101737 0.02792171556116884 0.014967315050990578 0.013014190050994471 0.010204081632632724 0.009347098214267085 0.00904815051018605 0.011001275510182157 0.013612085459156544 0.018634406887717964 0.025430484693826867 0.040198501275430086 0.0505620216835727 0.037647480867271904 0.02309869260199478 0.017538265306087496 0.011001275510182157 0.011778539540792853 0.008430325255085238 0.008988360969369842 0.006796077806108905 0.009486607142838235 0.013392857142830452 0.024892378826481 0.034259406887686826 0.5178770727030495
0.03609333333328521 0.026786666666630952 0.015733333333312356 0.012879999999982827 0.011813333333317582 0.011119999999985173 0.010893333333318808 0.012546666666649938 0.013666666666648444 0.018373333333308834 0.022719999999969705 0.03251999999995664 0.03777333333328297 0.03926666666661431 0.026239999999965014 0.022053333333303927 0.016266666666644978 0.01499999999998 0.012106666666650525 0.013666666666648444 0.012666666666649777 0.015039999999979946 0.017266666666643643 0.022799999999969598 0.03662666666661783 0.4880799999993492
0.027270210409698105 0.028516057585775686 0.009914867109617396 0.007665420819477323 0.005952380952370653 0.0057793466223598775 0.006886766334428836 0.00865171650053874 0.009205426356573218 0.012891057585802721 0.015521179401966498 0.024138289036503082 0.024467054263523556 0.021317829457327454 0.01420611849388461 0.013358250276831813 0.010797342192672347 0.008893964562553824 0.005242940199326476 0.005398671096336173 0.0037029346622305804 0.005156423034321089 0.007942275747494563 0.028792912513792925 0.03621608527125516 0.652114479511607
0.04057190056631417 0.03559628697286895 0.022773757079879692 0.0184078036500582 0.013491189427286243 0.010973882945227002 0.008987570799227133 0.008397577092494498 0.008358244178712322 0.009852894902434996 0.012232536186256622 0.01705081812457314 0.024681403398315212 0.020059786028909572 0.009597230962850855 0.0074535871617222825 0.0054476085588313254 0.008397577092494498 0.007669918187524249 0.008751573316534079 0.006745594713643122 0.012389867841385325 0.018171806167365145 0.03335431088728494 0.03819225928249254 0.5923930144733472
0.015823293172665343 0.013349397590340002 0.006248995983925704 0.005381526104409026 0.005815261044167365 0.008224899598380362 0.006361445783122311 0.014682730923671191 0.014698795180699279 0.024530120481888306 0.025718875501966717 0.04263453815254195 0.05564658634529213 0.09542168674683467 0.037108433734880146 0.04279518072282282 0.022907630522051553 0.040851405622424335 0.015277108433710399 0.028979919678668305 0.01569477911644065 0.030361445783083755 0.019405622489928664 0.020883534136512637 0.10324497991951286 0.2879518072284531
0.014608904933797101 0.015150421179283814 0.007978339350170904 0.005956678700353843 0.005150421179295848 0.004464500601679345 0.004271961492172958 0.00746089049337249 0.008303249097462932 0.012527075812259293 0.017196149217789173 0.029422382671444737 0.03855595667865396 0.06369434416358159 0.021889290012007352 0.02659446450056968 0.012418772563161951 0.03030084235856763 0.010649819494572022 0.022575210589623855 0.011540312876039061 0.02368231046928558 0.015258724428381156 0.022623345367000454 0.1462334536701008 0.4214921780981691
0.026591999999957452 0.018815999999969895 0.014863999999976217 0.014511999999976781 0.01494399999997609 0.015183999999975705 0.016927999999972916 0.021583999999965464 0.023375999999962597 0.026383999999957785 0.028191999999954892 0.036719999999941244 0.0339999999999456 0.04105599999993431 0.02574399999995881 0.02374399999996201 0.015727999999974835 0.02239999999996416 0.013503999999978393 0.015327999999975476 0.011983999999980826 0.01596799999997445 0.014191999999977292 0.02039999999996736 0.036351999999941834 0.4515039999992776
0.020228794642816825 0.01580436862241748 0.008131377551004203 0.006835937499986376 0.006198182397946831 0.006696428571415226 0.007234534438761092 0.012376434948954925 0.01349250637752413 0.017338966836700137 0.019989636479551997 0.028579400510147124 0.03252551020401681 0.05253507653050754 0.02168367346934454 0.026287468112192507 0.01562499999996886 0.022979113520362367 0.01094148596936595 0.017538265306087496 0.013034119897933207 0.02174346301016075 0.01969068877547096 0.04171316964277401 0.12478077168342479 0.4160156249991709
0.01777251184830363 0.01650304671628194 0.009584461746763744 0.007468686526727597 0.007976472579536271 0.010346140825976756 0.012313811780610372 0.01878808395392098 0.028139810426480748 0.040115098171885334 0.0586916046038027 0.07991283006076524 0.0824094448204079 0.07498307379808103 0.046314319566591246 0.026383716993850746 0.014387271496245795 0.012334969532810732 0.009859512525368442 0.00911899119835579 0.007595633039929765 0.007976472579536271 0.009478672985761936 0.013667907921433506 0.017010832769090618 0.3608666215293651
0.0333403010032947 0.026487099856625528 0.01667761586237357 0.015408504538916316 0.011377209746757978 0.01082477305301776 0.012437290969881096 0.014273769708531005 0.014661968466294402 0.017080745341589404 0.0225005972288245 0.027950310558964478 0.03219063545145695 0.02786072623024985 0.02112697085520018 0.018125895843260083 0.013810917343505417 0.014109531772554184 0.01125776397513847 0.01222826086954696 0.010317128523634858 0.011690754897259181 0.01476648351646147 0.022560320114634255 0.02996595795504365 0.5369684663154907
0.053192515432013254 0.03071952160488889 0.02292309670778208 0.016316229423842084 0.011686599794219897 0.01041666666664992 0.009516460905334496 0.008037551440316298 0.00848765432097401 0.008777006172825397 0.010577417695456247 0.01200810185183255 0.013647762345657073 0.015689300411497412 0.010320216049366126 0.010545267489694983 0.008021476337435666 0.010175540123440434 0.010480967078172452 0.010609567901217512 0.011284722222204082 0.013117283950596198 0.015576774691332985 0.02663644547320821 0.03827481995878621 0.6029610339496481
0.033581792091769806 0.021524234693834653 0.016741071428538062 0.014329559948951033 0.012755102040790906 0.013572225765279073 0.015505420918336444 0.01965082908159349 0.021783322704038217 0.02632732780606998 0.02983498086728748 0.04009885204073641 0.0476124043366398 0.040357940050939976 0.02333785076525961 0.017259247448945195 0.011658960459160437 0.011579241071405493 0.00970583545916433 0.010443239795897554 0.01060267857140744 0.011499521683650551 0.012954400510178264 0.020049426020368206 0.026945153061170787 0.4802893813765938
0.02750318877545539 0.02381616709178927 0.01737882653057761 0.016641422193844384 0.01586415816323369 0.01586415816323369 0.013811383928543903 0.01528619260201035 0.018714126275472906 0.021663743622405803 0.030213647959123457 0.039560746173390546 0.045659279336643696 0.032226562499935774 0.022859534438729952 0.018435108418330605 0.015565210459152653 0.01524633290813288 0.011061065050998364 0.011858258928547794 0.011340082908140665 0.01311383928568815 0.015465561224458973 0.02096619897955005 0.026108099489743884 0.4837771045908726
0.025318726781466017 0.0168756332319984 0.012052516041865025 0.011799223235380995 0.012590763255643584 0.014807075312378834 0.01622129348191466 0.020200101317101274 0.02284912191824674 0.02670128335019134 0.036379179331268593 0.06642603850043648 0.09680006754464623 0.07770812225591259 0.03706518068216284 0.026521867612265153 0.021857058426184295 0.01928191489359667 0.015303107058410056 0.013962765957432073 0.010796605876381716 0.011619807497454808 0.012200270178980708 0.013034025666990634 0.01993625464368041 0.3416919959469545
0.023678626543171814 0.019177597736594686 0.01554462448557172 0.013470936213970115 0.012779706790102914 0.013085133744834932 0.015094521604914007 0.01802019032918914 0.021604938271570208 0.030944573045217746 0.03735853909459015 0.06315907921800547 0.08582497427969743 0.06060313785998488 0.028308256172794 0.020543981481448457 0.010722093621381941 0.009854038065827781 0.006510416666656201 0.006735468106985058 0.007394547325090994 0.012345679012325833 0.018727494855936975 0.024627057613129135 0.023099922839469038 0.40078446501993187
0.032411353562870344 0.022193573133286956 0.015704909648806997 0.013968206614373115 0.01241263211727283 0.01237001363790022 0.013755114217510063 0.01632287759970985 0.018613620865987668 0.021905898397521835 0.026945533583333035 0.04175545516531521 0.050641408114504516 0.039965479031665564 0.019157006477988455 0.01483123082166848 0.008800715990444083 0.010089924991465554 0.00576414933514558 0.007074667575853355 0.006829611319460844 0.010420218206603285 0.013318274803940804 0.03349812478687191 0.04411012615065194 0.48713987384878205
0.03306491989312194 0.030081775700871824 0.012516688918531966 0.009220627503318549 0.009095460614133228 0.009408377837096528 0.00859479305739195 0.008198431241638438 0.008865987983960143 0.011723965287024941 0.01439419225631176 0.02017273030703402 0.03181325100126875 0.02559662883839787 0.015166054739621232 0.011056408544703236 0.009116321762330782 0.009053738317738123 0.0076351802403044995 0.008761682242972376 0.0071553738317607736 0.008365320427218863 0.011285881174876323 0.024616154873112868 0.02730724299059724 0.6277328104125757
0.04565419512031411 0.03318264884095864 0.01772947324545906 0.01184636593887364 0.01006700650827151 0.00764643647204699 0.006412106056223891 0.007165528517830199 0.007534224616063072 0.009698310410038635 0.012247122567387633 0.019781347183450704 0.021528646083771714 0.026706421724172508 0.016174537526824767 0.012808181847307223 0.008544131319918335 0.009778461735741433 0.0070533166618462805 0.008912827418151208 0.007598345676625311 0.01175018434803028 0.01481196498987719 0.02781251001887113 0.044259562053085406 0.5932961431172561
0.049645248724390856 0.039979272959103994 0.01173867984691538 0.006377551020395453 0.004464285714276817 0.004344706632644402 0.004005899234685893 0.003308354591830141 0.00416533801019578 0.0046835140306029106 0.004982461734683948 0.006317761479579245 0.006955516581618791 0.008211096938759146 0.004484215561215553 0.00643734056121166 0.0028101084183617463 0.004344706632644402 0.003049266581626576 0.004962531887745212 0.003607302295911178 0.006317761479579245 0.010263871173448931 0.030931122448917946 0.037747130101965586 0.7258649553556962
0.027582908163210334 0.025490274234643076 0.01992984693873579 0.01646205357139576 0.012675382653035963 0.011858258928547794 0.012376434948954925 0.01311383928568815 0.013472576530585393 0.017498405612210024 0.02367665816321812 0.037747130101965586 0.03968032525502296 0.040876116071347106 0.020507812499959126 0.01955117984689981 0.012615593112219756 0.018195950255065776 0.013054049744871942 0.018215880102004513 0.013253348214259301 0.017817283163229797 0.013891103316298845 0.02347735969383076 0.04147401147950918 0.47550621811129723
0.042679647159954065 0.035579819277012745 0.01215576592079347 0.007825946643696681 0.005889629948349049 0.006319922547315189 0.006696428571410562 0.007395654044730541 0.008202452667792055 0.009789156626479698 0.013312177280514974 0.014468588640236476 0.015409853700474908 0.014603055077413395 0.008820998278805881 0.008605851979322812 0.004114672977613719 0.0056744836488659784 0.003738166953518346 0.00454496557657986 0.004249139414790638 0.007476333907036692 0.01051527538723506 0.028910283993037567 0.03243330464707284 0.6805884251272575
0.015425701530581502 0.013811383928543903 0.009885204081612952 0.009028220663247313 0.011320153061201928 0.014449139030583447 0.014648437499970806 0.02074697066322396 0.024792729591787323 0.03421954719380935 0.036850286989722474 0.04781170280602716 0.0435467155611377 0.04416454081623851 0.029555963010145177 0.026008450255050206 0.019471460459144867 0.01979033801016464 0.013133769132626885 0.01618303571425346 0.013014190050994471 0.016023596938743574 0.014588647959154597 0.021225286989753615 0.03240593112238439 0.4378985969379028
0.034026829464159324 0.03264519238487807 0.016467186119340563 0.01016949152540739 0.006683267732337243 0.006699333279770746 0.00817736364365302 0.010008836051072362 0.011856374005925204 0.014330468310684664 0.018507510643395442 0.023375371515746847 0.024933729616796636 0.023311109326012835 0.01871636276003098 0.016531448309074572 0.012065226122560743 0.009382279701165744 0.00785605269498296 0.007968511527017481 0.007711462768081434 0.009542935175500774 0.01200096393282673 0.02511045063856517 0.030749457787724716 0.6011727849616818
0.019333634078721188 0.015773023135890036 0.010005155635738214 0.009666817039360594 0.010697944190225723 0.012260746278255685 0.01271186440675918 0.018221950119194717 0.021331442933522377 0.034252755042801036 0.04615905136294683 0.0754172842687449 0.07598118192937427 0.0699394212797739 0.04118064058767613 0.0364600116001217 0.02205645421147442 0.02110588386927063 0.015628020880299624 0.0157408004124255 0.012695753045026913 0.01243797125731063 0.010778500998887061 0.0157408004124255 0.024102597151472414 0.3403202938706897
0.018170060080068905 0.0191088117489588 0.010764352469937491 0.010326268357788873 0.007301401869143647 0.006738150867809709 0.007593457943909393 0.012746161548705053 0.013038217623470797 0.017585947930537412 0.0235730974632352 0.040157710280290054 0.05705524032030821 0.06195761014673323 0.03782126168216409 0.02870493991983331 0.01827436582105667 0.01794058744989582 0.011723965287024941 0.011890854472605367 0.008719959946577269 0.011765687583420049 0.012683578104112391 0.021236648865109235 0.030373831775637572 0.48274783043958036
0.020567602040775335 0.021185427295876146 0.013970822704053788 0.013532366071401602 0.011858258928547794 0.012316645408138718 0.014170121173441146 0.017677774234658647 0.01959103954077728 0.02254065688771018 0.025569993622398018 0.035475127550949705 0.04699457908153899 0.03848453443869881 0.02168367346934454 0.016960299744864158 0.011898118622425267 0.012755102040790906 0.01169882015303791 0.012216996173445039 0.008828922193859955 0.0110809948979371 0.014728156887725748 0.023038903061178572 0.027762276785658957 0.5134127869887727
0.03094714644648359 0.026774497487407154 0.016959798994955852 0.013819095477371434 0.012888101220373196 0.012843234027264847 0.012316044508241749 0.013662060301492213 0.013706927494600563 0.01568108399136791 0.019909816941829785 0.039808417085382485 0.0882649856423992 0.05397523330934362 0.020683776022948804 0.014940775305080154 0.011205581478810116 0.010397972002859837 0.00822191313710492 0.008625717875080059 0.009108040200994809 0.013280689160071248 0.016017587939680524 0.020279971284973664 0.02762697415646578 0.4680545585062948
0.015328068823806933 0.013578582434492843 0.0073189522341947245 0.006083076527982019 0.008442475603479003 0.009501797637375606 0.008956086286580386 0.014509501797614103 0.01657999486386656 0.024075500770377383 0.028633795582902168 0.04697932716992973 0.0538970210579515 0.08124678993310021 0.037830636877186324 0.03874550590646067 0.0218926553671965 0.03707627118638117 0.01674049820233574 0.02447675911655034 0.012294555726739383 0.0239149974319082 0.015312018489960015 0.01646764252693813 0.14345788392375536 0.27665960451932997
0.03601490715151961 0.03058536271922093 0.01858574824902238 0.014328856904172831 0.011517702242479732 0.011533765983403691 0.011614084688023494 0.013397159930583118 0.016336824519667902 0.017188202788637814 0.018087772280379607 0.024545396131811757 0.028866542440357152 0.02361369915822204 0.01482683287281561 0.015533637473469874 0.011389192315088047 0.012610036625309051 0.01175865835633914 0.010987598791989033 0.010425367859650413 0.011196427424000519 0.012963438925636183 0.02356550793545016 0.03283428644857541 0.5556929897825681
0.0225611217641081 0.018546260786165888 0.011190675934786686 0.009392976989439429 0.011475311601133336 0.014291706615510708 0.014591323106401918 0.019130512943403746 0.02374460690312838 0.032867929050765715 0.046470517737226644 0.0628295781398867 0.07201282358570228 0.05954877756462795 0.034665627996112974 0.02407418504310871 0.016044463087224285 0.012044582933826636 0.009647651006696956 0.009647651006696956 0.008299376797686511 0.010321788111202178 0.011520254074767018 0.01652384947265022 0.018186720997096437 0.4103697267491455
0.03770727040808811 0.03202726403054842 0.014209980867318618 0.010562818877529969 0.009685905612225595 0.009127869897940993 0.008789062499982483 0.00795200892855558 0.0075733418367196 0.008410395408146504 0.009745695153041802 0.011180644132630778 0.014568718112215863 0.014449139030583447 0.009127869897940993 0.009626116071409386 0.008151307397942937 0.010044642857122837 0.009247448979573407 0.009506536989776972 0.007712850765290751 0.007991868622433052 0.010004783163245367 0.02519132653056204 0.03152901785708002 0.6658761160701014
0.031130420918305306 0.026347257653008715 0.022421077806077765 0.017598054846903702 0.013891103316298845 0.01259566326528102 0.011818399234670323 0.013930963010176317 0.015047034438745522 0.019152582908125094 0.021564094387712125 0.03545519770401097 0.05058195153051143 0.03886320153053479 0.026506696428518602 0.02224170918362914 0.01709980867343531 0.016880580357109213 0.014927455357113107 0.01538584183670403 0.01377152423466643 0.0151466836734392 0.0151466836734392 0.020288584183633034 0.028380102040759764 0.46382732780519803
0.04360925404635026 0.03129398311041675 0.01948451794506623 0.015701970443315224 0.01339285714282769 0.010819845179427296 0.010006157635445975 0.009808233638261329 0.011677515833894094 0.014316502463022704 0.014800316678362948 0.023772871217400217 0.031140042223717582 0.02773135116109313 0.0157459535538007 0.012381245601661723 0.007125263898647244 0.009434377199134777 0.0061796270232094925 0.007741027445443919 0.008224841660784164 0.009962174524960498 0.013128958479914828 0.02621393384934418 0.03681386347634409 0.5694933145659538
0.026575854700803998 0.027377136752084523 0.016426282051250712 0.012553418803394854 0.012515262515238637 0.01619734432231342 0.014900030525002099 0.014842796092767774 0.01728479853476556 0.020757020756981156 0.027377136752084523 0.03189865689859604 0.03642017704510756 0.030620421245362826 0.01974587912084145 0.014709249084221021 0.010130494505475178 0.011008089133068132 0.008337148962133056 0.008050976800961441 0.008489774114757917 0.012038308913285946 0.016769688644656652 0.0235996642246192 0.026823870573819398 0.5345505189244991
0.04250657318130339 0.03393404907966166 0.018240578439914983 0.01593996494298877 0.013776292725641497 0.014597940403115146 0.012543821209431026 0.011612620508294225 0.012461656441683662 0.011722173531957378 0.014159728308462533 0.018185801928083407 0.018569237510904443 0.02002081507444122 0.0184322962313255 0.019171779141051785 0.01593996494298877 0.016350788781725595 0.014570552147199357 0.014187116564378321 0.0102705959684206 0.011338737949136342 0.011667397020125802 0.021828439964883248 0.03111305872033547 0.556858019279807
0.02319834183668846 0.02319834183668846 0.013512436224462866 0.011579241071405493 0.009247448979573407 0.010821906887733533 0.013751594387727694 0.016561702806089443 0.0173190369897614 0.02268016581628133 0.03144929846932508 0.048688616071331535 0.07696906887739761 0.05582350127539895 0.03174824617340612 0.020647321428530277 0.016780931122415535 0.014827806122419428 0.011778539540792853 0.011718749999976644 0.011758609693854116 0.013831313775482638 0.015585140306091387 0.018913424744860265 0.026048309948927678 0.43156090561138477
0.0367857142856413 0.031249999999937994 0.015793650793619458 0.011230158730136448 0.009126984126966017 0.01045634920632846 0.01134920634918383 0.012400793650769047 0.011130952380930296 0.012619047619022581 0.01382936507933764 0.016230158730126527 0.0134126984126718 0.014424603174574554 0.011587301587278597 0.01043650793648723 0.008591269841252795 0.008591269841252795 0.007003968253954357 0.00751984126982635 0.007658730158714963 0.01045634920632846 0.011944444444420745 0.029166666666608797 0.03434523809516995 0.6326587301574749
0.025317593480269303 0.02013422818785914 0.014591323106380059 0.011385426653848917 0.012344199424699352 0.008928571428544677 0.008868648130366525 0.009228187919435438 0.01081615532115647 0.01021692233937495 0.01174496644291783 0.013692473633707776 0.01812679769889104 0.018785953978850713 0.012883509108302722 0.009497842761237123 0.006651486097774894 0.005123441994232013 0.003924976030668968 0.003924976030668968 0.003415627996154675 0.0035055129434219032 0.005063518696053861 0.009407957813969895 0.3619966442942174 0.3804230584839992
0.03721386316866446 0.03226273148142962 0.018486368312727486 0.011349022633726611 0.009596836419737659 0.00922710905348311 0.008777006172825397 0.009259259259244375 0.01133294753084598 0.013615612139895808 0.018598894032891913 0.024385931069919646 0.029144161522586896 0.023887602880620036 0.013647762345657073 0.013101208847715566 0.009468235596692598 0.010175540123440434 0.00953253600821513 0.010448816872411186 0.011011445473233327 0.01239390432096773 0.0138085133744634 0.024450231481442177 0.03293788580241619 0.5818865740731387
0.01845421810696622 0.017602237654292693 0.015255272633720333 0.012651105967057853 0.012040252057593813 0.012088477366235712 0.015769675925900575 0.020158179012313274 0.023807227366216873 0.03276105967072923 0.04414223251021711 0.0740258487653131 0.08621077674883261 0.08505336934142706 0.053497942386745274 0.03665123456784232 0.02279449588473702 0.020222479423835805 0.013824588477344031 0.011927726337429386 0.009998713991753474 0.010995370370352696 0.010480967078172452 0.012667181069938485 0.01726466049379941 0.3096547067896257
0.023583999999962264 0.025087999999959858 0.012719999999979649 0.010111999999983821 0.011263999999981978 0.011807999999981108 0.011167999999982131 0.013711999999978061 0.0126879999999797 0.017023999999972762 0.016463999999973656 0.02571199999995886 0.04190399999993295 0.04076799999993477 0.017503999999971993 0.017279999999972352 0.011935999999980903 0.0173759999999722 0.011647999999981362 0.012959999999979264 0.008591999999986253 0.013647999999978164 0.013247999999978803 0.02571199999995886 0.04369599999993008 0.5323839999991482
0.033772421524596065 0.02818705957713768 0.021961082639289795 0.01947869955153051 0.0170163356822209 0.014553971812911288 0.012712203715541496 0.012832319026239524 0.013893337604072123 0.016936258808422214 0.01857783472129529 0.022481582318981258 0.02638532991666723 0.02408311979495499 0.015855221012139945 0.013773222293374092 0.011030589365769077 0.010850416399722031 0.008788436899405852 0.009068705957701255 0.00754724535552621 0.012832319026239524 0.016876201153073197 0.02818705957713768 0.03309176809730723 0.5492272581667416
0.04700250594350864 0.024465077427191954 0.019147979181361005 0.016031613442112652 0.015324808841458386 0.014457366831564516 0.014328856904172831 0.015019597763903136 0.014971406541131254 0.019678082631851702 0.021380839169791523 0.025268264473389982 0.022457109811696883 0.027485060720896543 0.018923086808425554 0.019196170404132885 0.01575852984640532 0.016899055452006522 0.01232088928867776 0.011726530874491218 0.012497590438841326 0.015244490136838583 0.017059692861246128 0.020914990682996668 0.03860116944027726 0.5038392340800234
0.03439891581625797 0.024254623724441458 0.016442123724457025 0.012914540816300791 0.011439732142834343 0.01098134566324342 0.01235650510201619 0.01610331632649852 0.017478475765271288 0.019710618622409696 0.022221779336690405 0.028479751275453442 0.043287627550934134 0.02750318877545539 0.01713966836731278 0.015784438775478745 0.011758609693854116 0.012994260204055735 0.008729272959166276 0.010164221938755253 0.008689413265288805 0.011340082908140665 0.014748086734664484 0.02319834183668846 0.027084661989741937 0.5407963966825957
0.020544672718555087 0.019783205924480733 0.011212971810781156 0.010093167701848284 0.008943502150010536 0.008480649784984948 0.01082477305301776 0.012646321070215231 0.01685678451980283 0.020051958910624623 0.025441949354954845 0.03159340659335942 0.045269947443792896 0.03850633062583835 0.025546464405121913 0.020574534161459965 0.01484113712372366 0.012989727663621312 0.00828655040610325 0.008241758241745936 0.007569875776386213 0.008152173913031307 0.009048017200177604 0.019439799331074654 0.027457596751034017 0.5576027233627604
0.01946345126831721 0.017857142857105605 0.010534879839764404 0.008991154873145462 0.008177570093440884 0.008740821094774823 0.009262349799713654 0.012913050734285478 0.01222463284376622 0.01800317089448848 0.021674732977257853 0.034087116154802054 0.053717456608699685 0.061832443257547914 0.034587783711543335 0.027661882509955646 0.016960113484610816 0.01877503337779795 0.010305407209591319 0.011223297730283664 0.009199766355120995 0.01216204939917356 0.014936582109448145 0.026451935914497553 0.039511014686165906 0.48074516021261526
0.025689572704030432 0.02873883928565701 0.014329559948951033 0.010243941326510197 0.009526466836715708 0.012316645408138718 0.01452885841833839 0.019531249999961073 0.019949776785674524 0.024653220663216173 0.02977519132647127 0.04416454081623851 0.05002391581622683 0.03776705994890432 0.02371651785709559 0.016581632653028176 0.011559311224466759 0.01022401147957146 0.007633131377535808 0.009267378826512143 0.009626116071409386 0.013073979591810678 0.015047034438745522 0.022261639030567878 0.025948660714234 0.4938217474479954
0.04441550925918786 0.024980709876503054 0.017345036008202572 0.016862782921783594 0.015592849794213617 0.013744212962940868 0.013856738683105297 0.01621977880655829 0.01499807098763021 0.01646090534976778 0.019643775720133032 0.029658564814767138 0.03604038065837828 0.029320987654273854 0.020302854938238968 0.014403292181046806 0.009982638888872842 0.01046489197529182 0.008600180041138439 0.009645061728379556 0.009548611111095761 0.012474279835370894 0.016203703703677654 0.023630401234529915 0.02843685699583906 0.5271669238674653
0.013761467889886185 0.013055751587840739 0.0064637197664616924 0.004394687880919364 0.0037852056200619343 0.005068326169235471 0.0042342978122726724 0.014098287034044239 0.013921857958532877 0.023336754988093705 0.024940655674560625 0.041845768909921977 0.04988131134912125 0.09081285686775709 0.028998524411321936 0.036408545582799115 0.01627959196763925 0.04370629370622361 0.01486815936354836 0.02939949958293867 0.013889779944803539 0.029688201706502715 0.016824918201038003 0.0212035670750927 0.13714954769978643 0.30198242124799196
0.024964589235087296 0.021697141385491732 0.01667525109448771 0.013101983002811773 0.012538629925295296 0.012409863507577244 0.01237767190314773 0.016272856039118797 0.01796291527166823 0.02179371619878027 0.0286988153489108 0.04778843677561198 0.07445918104546347 0.052890806077689784 0.02580157095025463 0.02156837496777368 0.016610867885628683 0.015339299510662922 0.010864666494960621 0.008884882822545575 0.008756116404827523 0.009754056142142425 0.012635204738583835 0.020393381406096457 0.02366082925569202 0.45209889260807995
0.033242984693811296 0.032106983418303356 0.020368303571387976 0.014748086734664484 0.012396364795893662 0.012894610969362057 0.012755102040790906 0.015027104591806785 0.01590401785711116 0.018275669642820718 0.024653220663216173 0.03232621173462945 0.03571428571421453 0.025868941326479055 0.015405771683642766 0.012755102040790906 0.008709343112227541 0.009446747448960765 0.007912149234678109 0.009566326530593179 0.011041135204059627 0.013293207908136772 0.019252232142818772 0.025450414540765603 0.027104591836680673 0.5337810905601607
0.014095825899651067 0.00916148319589636 0.007039876561057203 0.007377404889327069 0.007297041001643767 0.007522059887157011 0.006541620457420735 0.009322210971262963 0.009611520966922847 0.01539772088012055 0.018146165838889457 0.03716026166475857 0.05535464583625801 0.09765819631274787 0.03092402398053438 0.03425108893062306 0.01591204976129368 0.0433000626837628 0.017085362521469877 0.033351013388570085 0.018001510841059516 0.0322902100711505 0.01713358085407986 0.016490669752613447 0.17852034009968573 0.2610540527504363
0.02014399999996777 0.016239999999974015 0.011439999999981696 0.012847999999979444 0.014463999999976858 0.014831999999976269 0.016095999999974245 0.022863999999963417 0.022015999999964776 0.02988799999995218 0.036607999999941424 0.06617599999989411 0.08747199999986005 0.08001599999987197 0.04174399999993321 0.030895999999950567 0.018639999999970177 0.01559999999997504 0.011727999999981234 0.009503999999984794 0.007647999999987763 0.009423999999984922 0.010367999999983411 0.014847999999976243 0.019631999999968588 0.3588639999994258
0.017867647058801634 0.017781862745076246 0.006911764705873883 0.005416666666660029 0.0064093137254823416 0.0045220588235238696 0.0035171568627407877 0.007267156862736192 0.007610294117637732 0.012745098039200067 0.01599264705880393 0.024963235294087054 0.032254901960744785 0.05318627450973874 0.01691176470586163 0.023431372548990893 0.011176470588221597 0.033259803921527865 0.012230392156847757 0.02469362745095013 0.01463235294115854 0.028982843137219383 0.01893382352938856 0.025943627450948598 0.17930147058801557 0.3940563725485367
0.05109524269025846 0.026488468590133988 0.023416642542340674 0.021486699475664242 0.019669336421210607 0.0191868506545415 0.018977773488984887 0.018816944900095185 0.017562481906755505 0.018398790568981957 0.021551030911220122 0.02330406253011788 0.0247515198301252 0.022435588150113487 0.014088584386737931 0.014957058766742325 0.013027115700065896 0.01463540158896292 0.013831258644514408 0.014394158705628367 0.012383801344507086 0.015729035993412896 0.019556756408987814 0.022789411045670834 0.03586477532240364 0.4816012094302139
0.018873565050982793 0.016980229591802894 0.007393973214270978 0.005998883928559473 0.0051817602040713055 0.005739795918355908 0.007314253826516035 0.008789062499982483 0.008828922193859955 0.010582748724468705 0.013153698979565621 0.017877072704046003 0.021504304846895916 0.05474728954070721 0.01751833545914876 0.02632732780606998 0.011718749999976644 0.03260522959177175 0.008250956632636617 0.020348373724449243 0.009107940051002256 0.028758769132595743 0.019192442602002566 0.030233577806062194 0.2667410714280398 0.32623166454016617
0.03128985969381519 0.023178411989749723 0.017976721938739684 0.013831313775482638 0.011260363520385721 0.01084183673467227 0.009486607142838235 0.012994260204055735 0.01632254464282461 0.023796237244850534 0.03174824617340612 0.04103555484685699 0.04502152423460415 0.04468271683664564 0.031070631377489097 0.025689572704030432 0.01909279336730889 0.015644929846907595 0.012715242346913434 0.012037627550996417 0.01094148596936595 0.012157206632628832 0.01122050382650825 0.016581632653028176 0.02144451530607971 0.47793765943782296
0.018920693277286082 0.018421743697454803 0.010806197478977408 0.008705357142845713 0.009480042016794275 0.009164915966374521 0.008744747899148182 0.009939600840323084 0.012394957983177001 0.018093487394934226 0.036725315126002196 0.10846901260489959 0.1590730042014718 0.08987657563013408 0.02696953781509064 0.015257352941156438 0.008114495798308674 0.005632878151253108 0.004490546218481498 0.005435924369740761 0.005212710084026769 0.007497373949569988 0.012368697478975356 0.018592436974765505 0.02032563025207415 0.3512867647054211
0.013869754133088875 0.012505298855430657 0.00890207715132352 0.008146990250095184 0.008372191606601881 0.01073018228061317 0.012465557439576535 0.016704641797349637 0.02506358626533348 0.03836371343784659 0.05532005086893901 0.08576197541319712 0.11173961424317541 0.06885862653657686 0.041715239508210954 0.02844160661293392 0.018863925392090315 0.013459092835929606 0.011101102161918317 0.009710152607024018 0.008849088596851355 0.01016055532003741 0.008796100042379192 0.010001589656620917 0.014545358202608964 0.3475519287829224
0.02907590341097911 0.024696048632192782 0.01456433637283164 0.010786052009444881 0.008875802093877833 0.009445710908466897 0.010332235731160997 0.011936423505559844 0.014648767308326316 0.017730496453881996 0.023809523809498682 0.030986153326546157 0.03284363390742903 0.030500675447451768 0.020337301587280122 0.016020770010114805 0.012654086457264591 0.011450945626465456 0.009245187436667041 0.009118541033425027 0.00936127997297222 0.01069106720701337 0.013097348868611641 0.02093887200267969 0.028199932455221843 0.5686529044235809
0.018092695620941658 0.01451453697055084 0.009444544149307425 0.010409188801136924 0.011205581478810116 0.013695710696323474 0.017430904522593514 0.024003948312966615 0.030173187365364576 0.04273600143570224 0.05287598707818907 0.06811961593675059 0.06815326633158185 0.05701498564243425 0.038036162957602704 0.03052090811195428 0.020840811198828024 0.018462849964085537 0.015568916008597038 0.014121949030852789 0.0127983668341565 0.012921751615204457 0.011777638190941563 0.013134870782469115 0.01819364680543544 0.3557519741560977
0.02521658415836011 0.024045261668970905 0.015713401697277862 0.011956329561501158 0.009613684582722742 0.011182814710017717 0.013216053748202759 0.01635431400279271 0.018122347949040572 0.023161244695846975 0.027581329561466625 0.03958185997162398 0.05363772984429447 0.048532531824503775 0.03306223479483499 0.024531471004189065 0.01825495049500916 0.015227192362059699 0.010696605374799556 0.011514321074939191 0.010740806223455752 0.011912128712844961 0.014387376237591966 0.01825495049500916 0.02561439179626588 0.4678880834501682
0.023145913770867225 0.015363577863546968 0.008667149292131863 0.008043758043741868 0.009612290862271533 0.010517213642192493 0.008506274131257026 0.018178893178856622 0.016550032174998893 0.023789414414366574 0.020209942084901445 0.02915862290856427 0.026926480051425904 0.04691521879012445 0.017072876447842115 0.022421975546930456 0.014016248391220206 0.022663288288242715 0.011985199485175383 0.019345238095199193 0.013473294723267628 0.022804054054008194 0.029520592020532657 0.03690074002566582 0.091739060488876 0.4324726512217815
0.03150908801014128 0.024633290816277437 0.016780931122415535 0.0208266900509789 0.01122050382650825 0.011898118622425267 0.010821906887733533 0.013552295918340337 0.01614317602037599 0.01869419642853417 0.02120535714281488 0.031090561224427833 0.03938137755094192 0.03824537627543398 0.023636798469340647 0.020627391581591544 0.012555803571403549 0.012256855867322511 0.009207589285695934 0.009825414540796745 0.010722257653039855 0.015704719387723803 0.01632254464282461 0.022520727040771443 0.03404017857136073 0.5065768494887863
0.032166772959119565 0.02347735969383076 0.016063456632621046 0.013452646683646659 0.011021205357120891 0.010144292091816517 0.0091876594387572 0.010762117346917326 0.015326052295887823 0.02248086734689397 0.03091119260197921 0.045938297193786 0.05213647959173283 0.05038265306112408 0.029516103316267705 0.025051817601990888 0.016641422193844384 0.017558195153026233 0.015066964285684258 0.013432716836707922 0.01197783801018021 0.014967315050990578 0.017578124999964966 0.016083386479559782 0.022779815050975007 0.45589524872358117
0.02738508597877938 0.028087797618989566 0.014116236772457597 0.011119378306855325 0.009362599206329855 0.007357804232789026 0.008143187830671 0.008783895502627348 0.01116071428569122 0.013516865079337142 0.01824983465604694 0.028232473544915194 0.04052992724859348 0.044332837301495676 0.02418154761899764 0.020192625661333927 0.01415757275129349 0.013578869047590982 0.009011243386224761 0.008887235449717082 0.009445271164001642 0.010850694444422018 0.011512070105796312 0.02285879629624905 0.026165674603120522 0.558779761903607
0.03522959183664482 0.025280612244833467 0.017576530612200058 0.015663265306082492 0.011913265306092057 0.01252551020404968 0.012933673469354761 0.01642857142852952 0.018341836734647086 0.021836734693821844 0.02765306122441925 0.040561224489692446 0.044668367346824826 0.0356377551019499 0.016887755101997734 0.017959183673423574 0.01010204081630076 0.011964285714255193 0.008877551020385517 0.01051020408160584 0.009438775510180002 0.010178571428545462 0.009005102040793354 0.0196683673468886 0.03959183673459288 0.49956632652933786
0.03499549897113716 0.03166795267484621 0.011879501028787489 0.00842335390945148 0.008889531892989825 0.009307484567886272 0.009677211934140822 0.010931069958830164 0.010448816872411186 0.01200810185183255 0.015785751028781207 0.02546296296292203 0.034786522633688935 0.02842078189295843 0.015705375514378044 0.012506430041132159 0.009082433127557417 0.009259259259244375 0.007587448559658585 0.007201646090523403 0.00638181584361114 0.007073045267478342 0.008375128600809582 0.028581532921764755 0.03295396090529682 0.6026073816862741
0.02846177944857697 0.0271616541352958 0.018139097744332488 0.013392857142836164 0.010980576441085556 0.011074561403491424 0.011215538847100226 0.014567669172909511 0.017183583959872833 0.02197681704257209 0.02800751879694861 0.03726503759392659 0.044094611528752985 0.036826441102699205 0.026018170426024407 0.020175438596459625 0.015131578947344718 0.01196741854634717 0.00917919799497309 0.008912907268156465 0.009727443609007319 0.012124060150356948 0.014771303258122224 0.018029448621525643 0.02592418546361854 0.507691102756097
0.026046798029476455 0.02527709359598129 0.019088669950680145 0.016379310344777156 0.01785714285708788 0.01597906403935967 0.016225369458078124 0.017703201970388844 0.016748768472854836 0.020966748768408355 0.023522167487612308 0.03512931034471943 0.06296182265990467 0.0313115763545834 0.02035098522161222 0.017426108374330583 0.013146551724097455 0.011915024630505188 0.009020935960563359 0.010745073891592533 0.010929802955631373 0.011114532019670213 0.012807881773359581 0.02155172413786468 0.029464285714194998 0.4863300492595864
0.032673649039335805 0.02745293323904862 0.016352888260591864 0.01317226755764767 0.01180684957911102 0.013043757630255986 0.012272698065905878 0.012208443102210035 0.01426460194047699 0.01622437833320018 0.019276489108752688 0.024577523613659676 0.028673777549269624 0.029942813082262508 0.017172139047713853 0.015083852727598978 0.011324937351392204 0.012963438925636183 0.009702499518072186 0.009847073186387832 0.009284842254049212 0.011292809869544283 0.015356936323306309 0.022537428516316686 0.026489108783610986 0.5670018633930364
0.03048312883427234 0.025991454864083063 0.02275964066602005 0.018678790534567596 0.01709027169145188 0.015720858895662465 0.014926599474104605 0.01706288343553609 0.019034837861472843 0.02243098159503059 0.034399649430230064 0.03987730061338771 0.05746056091132378 0.04579316389119798 0.03201687116555648 0.021581945661641153 0.014324057843957263 0.011667397020125802 0.0102705959684206 0.011092243645894248 0.012571209465346815 0.014187116564378321 0.016652059596799267 0.016843777388209785 0.02985319894820921 0.4272294040303812
0.043081481481417654 0.03608888888883542 0.011037037037020686 0.007274074074063297 0.006296296296286969 0.005925925925917147 0.005985185185176318 0.006385185185175725 0.006637037037027204 0.007140740740730162 0.008488888888876313 0.009081481481468028 0.008770370370357376 0.009659259259244948 0.006385185185175725 0.0068888888888786835 0.0044888888888822386 0.005333333333325432 0.0035999999999946665 0.004118518518512417 0.003229629629624845 0.005377777777769811 0.008177777777765663 0.03228148148143366 0.03677037037031589 0.7114962962952422
0.01226727547507594 0.011206148107638177 0.006350686517241148 0.0050644715264074975 0.0047107624039282436 0.005611112897511799 0.006125598893845259 0.013955432650545106 0.013248014405586598 0.023441268207943275 0.02688189330842329 0.048586771278741135 0.05548409916708659 0.09235023634185609 0.033136113701351916 0.03792726454220726 0.018376796681535777 0.04596610823491758 0.018505418180619144 0.03242869545639341 0.015707900575555954 0.03352197819860201 0.015772211325097638 0.01744429081318138 0.13791440239213815 0.26801504871496185
0.015849287103541415 0.013888219125212762 0.010319718377762261 0.011975374129957764 0.011284178039235369 0.01369532719291814 0.014306151645184444 0.027599620645822123 0.026860201572026073 0.03404542605000073 0.03949462313732379 0.056967417337678274 0.06895886579532726 0.06315603349879739 0.036617318480595684 0.03441513558689876 0.020735882721671834 0.021652119400071286 0.01265049589298894 0.014000739419051292 0.010094677790085202 0.013454212277549863 0.013052354085269401 0.016588706177337466 0.028322965391926955 0.37001494912415805
0.024663348946090707 0.022852019906281374 0.010538641686163388 0.007062353629963659 0.00669642857141632 0.00900175644026456 0.012203600702553784 0.014454039812619925 0.0169057377048871 0.018698770491769066 0.022211651053823528 0.02903615339573142 0.03167081381727226 0.02878000585474828 0.017729069086618615 0.01538714871191564 0.011764490632296976 0.012112119437916949 0.010502049180308655 0.012551229508173757 0.008873682669772991 0.010026346604197113 0.014691891100675696 0.022339724824315097 0.026273419203699 0.5829735070246945
0.020627391581591544 0.017159598214251514 0.009008290816308577 0.008789062499982483 0.009546396683654444 0.011379942602018136 0.01088169642854974 0.01349250637752413 0.014568718112215863 0.01775749362241359 0.01965082908159349 0.024792729591787323 0.0246133609693387 0.030452806122388286 0.018933354591799 0.020786830357101427 0.013691804846911487 0.013412786989769186 0.010403380102020082 0.01012436224487778 0.008968431122431106 0.013472576530585393 0.015365911989765293 0.03254544005095555 0.04392538265297368 0.5656489158151992
0.03311471193410315 0.025929140946460375 0.013261959876521892 0.00966113683126019 0.008037551440316298 0.00842335390945148 0.009178883744841212 0.013181584362118729 0.013245884773641258 0.01554462448557172 0.01821309156375673 0.026990097736582126 0.0340309927982992 0.03676376028800674 0.019917052469103785 0.015689300411497412 0.009484310699573232 0.009243184156363743 0.006285365226327345 0.00588348765431153 0.006156764403282284 0.0076517489711811154 0.010400591563769289 0.022762345678975754 0.02949781378596081 0.591451260287115
0.018518518518488826 0.015712682379323852 0.007760141093461985 0.006814173480829222 0.0060606060605963435 0.006317139650462855 0.006445406445396111 0.008866442199761317 0.008994708994694574 0.014430014429991294 0.015007215007190945 0.022013788680420053 0.02405002404998549 0.06190476190466265 0.017219817219789612 0.030367163700448344 0.014045214045191526 0.03791887125214379 0.012409812409792513 0.027128427128383634 0.013516113516091844 0.030912297578914682 0.019865319865288014 0.024434824434785257 0.09134199134184488 0.45794452461045704
0.029483695652116684 0.023913043478214453 0.013664596273265403 0.011548913043455844 0.010694875776376758 0.011510093167679522 0.011587732919232166 0.013645186335377242 0.013315217391278503 0.017624223602450265 0.023369565217345945 0.03169642857136705 0.04631211180115234 0.04417701863345463 0.023350155279457784 0.020050465838470397 0.014033385093140463 0.016770186335371175 0.012771739130409993 0.014072204968916785 0.010908385093146528 0.013295807453390342 0.015644409937857835 0.023738354037221004 0.03748059006203905 0.4953416149058708
0.02777444870557354 0.025437440076625607 0.014860977948181744 0.01617929050810109 0.016688638542615385 0.02019415148603729 0.024149089165795334 0.03086049856174838 0.029512224352739955 0.032268696068934954 0.04071788111205442 0.05369127516762436 0.0601629913708648 0.05384108341306974 0.037661792904968655 0.029662032598185336 0.024358820709418867 0.02034395973148267 0.015010786193627125 0.012553930968322885 0.01342281879190609 0.013572627037351471 0.013872243528242232 0.014022051773687613 0.022081735378649082 0.33709851390119516
0.03790208136229024 0.0328021523178323 0.01192939924312333 0.008810312204338916 0.007139900662241101 0.006060785241239858 0.006223391674541415 0.006119914853349515 0.00685903500472023 0.008219016083242344 0.01017029328286103 0.014486754966866001 0.0191432119205015 0.02072492904443483 0.015846736045388117 0.01464936140016756 0.012165917691561959 0.013614593188248559 0.010820719016067258 0.011027672658451058 0.009416390728462901 0.009416390728462901 0.010672894985793116 0.024804872280001174 0.028485690633827332 0.6424875827805072
0.0281911375660793 0.02798445767189983 0.014901620370339572 0.008494543650776095 0.006117724867712224 0.005084325396814889 0.005435681216919982 0.007109788359773665 0.009486607142837536 0.011532738095214259 0.015066964285683146 0.020440641534349286 0.030629960317397013 0.027095734126928124 0.02180472883593377 0.016286375661342 0.013248181216903835 0.009527943121673429 0.007378472222206972 0.008370535714268414 0.00820519179892484 0.00801917989416332 0.010085978835957991 0.02261078042323369 0.02331349206344388 0.6335772156071561
0.024090296495906143 0.021858153638767988 0.015309130727730566 0.014298349056573664 0.01482479784363455 0.01777291105117551 0.01722540431263219 0.01888898247974459 0.021036893530953005 0.027733322102367473 0.03596698113199973 0.04285293126675612 0.041020889487784234 0.03480879380046578 0.0229952830188195 0.019647068733112266 0.014951145552529162 0.013519204851723553 0.01219255390833012 0.010213106468981189 0.009433962264131077 0.009644541778955431 0.015456536388107614 0.022279312668416696 0.02166863207542607 0.48031081536286996
0.03374647556386021 0.02534656954883496 0.02001585996237662 0.016814497180426435 0.01370124530073176 0.014376762218024 0.016227091165389704 0.015434093045090117 0.016579534774411743 0.018679511278168057 0.022306743421019872 0.0258605498119921 0.02832765507514637 0.028489191729281473 0.020676691729292943 0.015933388157871337 0.012203359962388093 0.012364896616523196 0.009677514097730149 0.010822955827051775 0.010793585526299939 0.01402431860900196 0.017416588345839083 0.02145500469921661 0.032924107142808794 0.5258018092097542
0.017251435750160117 0.014862257717140543 0.009601579325186646 0.007885409188792304 0.0059561198851333045 0.0059897702799645665 0.006786162957637757 0.00966888011484917 0.01090272792532876 0.013617193108383864 0.01792444364678535 0.029948851399822833 0.04322954055989408 0.049376346015737864 0.018900305096891938 0.019808865757336 0.012013190954760394 0.02136800071785112 0.010812993539112064 0.01575960157930752 0.009051956209609373 0.016062455132788873 0.013045136396252417 0.024071249102629137 0.23607995333785436 0.36002557429966797
0.011773049645373372 0.012212765957429485 0.014468085106362456 0.01304964539005241 0.015390070921963985 0.01649645390068582 0.01773049645387556 0.020382978723375342 0.025744680851027314 0.03431205673753998 0.04621276595738126 0.09567375886511252 0.13537588652463067 0.11469503546083022 0.06234042553182647 0.042907801418378855 0.027177304964500458 0.02034042553188604 0.01453900709217796 0.011319148936154157 0.007744680851052844 0.006283687943253498 0.006283687943253498 0.0073475177304860315 0.014042553191469444 0.20615602836850191
0.02078454332549651 0.01769613583135583 0.010611826697876739 0.006820843091324911 0.004332552693202089 0.004669203747065765 0.0045521077283305735 0.007362412177975172 0.007713700234180747 0.0111680327868689 0.013407494145179439 0.019364754098332312 0.023931498829004784 0.058196721311390226 0.01577868852456707 0.026288056206050514 0.010114168618252175 0.03441159250580443 0.008796838407481269 0.023053278688490848 0.009836065573756094 0.027078454332513057 0.016891100702551388 0.0265368852458628 0.14745316159229002 0.4431498829033326
0.01694542253518463 0.016348088531161424 0.013109909456719835 0.01161657444666182 0.012323943661952459 0.0139587525150686 0.018061493963754303 0.02659708249492801 0.030841297786671842 0.04093309859148495 0.04931149396370518 0.07504401408438907 0.10685990945657246 0.07168008048278471 0.038496604627706085 0.028074698189090676 0.02151974346073076 0.018501634808824035 0.014933350100580148 0.01447748993961507 0.01059481891346423 0.011223591549278131 0.011695171026138557 0.01243397887321989 0.017794265593533396 0.2966234909452078
0.014778972520890348 0.018793309438448275 0.008458781361997063 0.007323775388282767 0.007502986857816603 0.009091995221016617 0.009593787335711357 0.015340501792096367 0.01651135005971743 0.02444444444441524 0.029103942652294976 0.05391875746708014 0.07252090800469232 0.10168458781349858 0.03937873357223491 0.0358183990441627 0.02157706093187386 0.025304659498177652 0.014384707287915908 0.017275985663061797 0.0116606929510016 0.015710872162466295 0.012771804062111383 0.015256869772980576 0.0450776583034109 0.35671445639144955
0.007346925680541319 0.005325719052270127 0.0041226198687753695 0.005341760374716723 0.003625338872930869 0.0043151157381345305 0.004395322350367514 0.0076196281621334645 0.00853398354158948 0.012496190185898882 0.012287652994093123 0.02476780185754541 0.03440863664795007 0.09178844703942671 0.019522289417508266 0.035515487896765244 0.012544314153238673 0.051540769020915415 0.01111663645549156 0.031312661415756886 0.01026644636582193 0.03285262837063018 0.012576396798131865 0.015945074511917186 0.3173133993161307 0.22311875390971442
0.0422137605041324 0.03573069852935312 0.01969537815122818 0.009765624999983971 0.007123161764694191 0.006400997899149158 0.004464285714278387 0.004267331932766105 0.005350577731083655 0.006942620798307933 0.009601496848723736 0.013786764705859725 0.017167804621820562 0.02036830357139514 0.01098017331930971 0.00961790966384976 0.006926207983181909 0.00961790966384976 0.006811318277299745 0.00853466386553221 0.007664784663852966 0.010537027310907075 0.013983718487372006 0.032563025210030586 0.035665047268849025 0.6442194065115477
0.03626984126976931 0.03275793650787151 0.016130952380920376 0.010734126984105686 0.010277777777757385 0.010119047619027542 0.007837301587286037 0.008670634920617717 0.01134920634918383 0.015714285714254535 0.0222023809523369 0.033234126984061044 0.0388690476189705 0.03315476190469612 0.017896825396789887 0.014027777777749944 0.0108730158729943 0.010337301587281076 0.009861111111091544 0.009067460317442327 0.008769841269823869 0.011448412698389983 0.01382936507933764 0.02394841269836518 0.032797619047553975 0.5498214285703377
0.014515301212525637 0.011403733880779811 0.005469301340852202 0.0036729325720092497 0.004314492846596019 0.004410726887784033 0.00508436517610014 0.018717521011068973 0.018637325976745625 0.032912042086301226 0.03257522294214317 0.04593571566041262 0.04088342849804182 0.07482196702368188 0.02752293577977237 0.03749919804959662 0.01982421248473115 0.04909540001275246 0.022021556425190828 0.035959453390588376 0.018717521011068973 0.03441970873158013 0.016407904022556603 0.019278886251332394 0.13200102649622764 0.2738981202279562
0.03453842474482913 0.027224170918313088 0.014847735969358164 0.01074218749997859 0.010184151785693988 0.010503029336713762 0.010662468112223648 0.013851243622421374 0.014807876275480691 0.01765784438771991 0.020567602040775335 0.02712452168361941 0.02698501275504826 0.03174824617340612 0.01879384566322785 0.018136160714249568 0.012236926020383775 0.014947385204051842 0.009905133928551687 0.011499521683650551 0.01197783801018021 0.014170121173441146 0.01277503188772964 0.022859534438729952 0.027802136479536426 0.5534518494886929
0.028898278061166894 0.02887834821422816 0.01183832908160906 0.008011798469371787 0.008510044642840182 0.008908641581614899 0.009008290816308577 0.009885204081612952 0.009506536989776972 0.011957908163241474 0.014429209183644712 0.02144451530607971 0.0278419961734139 0.032684948979526694 0.02248086734689397 0.020567602040775335 0.01586415816323369 0.016163105867314724 0.011997767857118946 0.010722257653039855 0.009586256377531915 0.010682397959162383 0.012535873724464812 0.022500797193832706 0.028519610969330915 0.5865752551008717
0.024127333094014575 0.02116609834886355 0.01865353553479602 0.016982232591510025 0.016376525484547315 0.016623295046643234 0.01648869346731819 0.01921437544865038 0.02113244795403229 0.027290470208153166 0.03331389088294899 0.04644876166541811 0.05417713567833119 0.04153580402005391 0.02832241564964519 0.02241116295762023 0.018216080401989618 0.016769113424245367 0.015176328068898985 0.014424802584334142 0.01230482770996466 0.011721554199556127 0.012607681263446016 0.017857142857122827 0.02505832735101281 0.4315999641057614
0.031242489786059053 0.025779059520907185 0.013201954658314185 0.011119122005910247 0.010013618521172774 0.010622446527260078 0.012192581911379969 0.014243370984516153 0.015156612993647109 0.018969798926509702 0.023311703917290216 0.03582472162134771 0.0677241047823957 0.05043659376744302 0.02086037010330712 0.015477048786324638 0.009981574941905021 0.010446206841287437 0.007850676920599453 0.008475526716320635 0.007354001441949284 0.00858767924375777 0.010734599054697213 0.024849795722142354 0.02406472803008241 0.5114796122718713
