0.0420639999999327 0.03759999999993984 0.0126239999999798 0.008847999999985843 0.005631999999990989 0.00411199999999342 0.004655999999992551 0.004143999999993369 0.00479999999999232 0.005375999999991398 0.006991999999988813 0.008959999999985663 0.009439999999984896 0.010783999999982745 0.0065439999999895295 0.007839999999987456 0.004543999999992729 0.005535999999991143 0.003727999999994035 0.0047359999999924225 0.0043839999999929855 0.008015999999987174 0.012271999999980365 0.03145599999994967 0.036687999999941295 0.7082239999988669
0.027907986111050546 0.025651041666611 0.007204861111095476 0.0047526041666563525 0.003884548611102681 0.0063802083333194875 0.0066840277777632726 0.011024305555531631 0.012304687499973297 0.017382812499962277 0.01898871527773657 0.028732638888826535 0.027842881944384022 0.03797743055547314 0.02189670138884137 0.021223958333287274 0.013237847222193493 0.015082465277745047 0.007552083333316944 0.009743923611089965 0.0066840277777632726 0.0128255208333055 0.011957465277751829 0.020247395833289394 0.0646484374998597 0.5581814236098998
0.04646260997062126 0.03776805351901832 0.014490927419338238 0.009267320381221055 0.00704499633430278 0.0071137280058569535 0.006392045454538132 0.007583394428143805 0.008156158357761917 0.008557093108494597 0.010458669354826729 0.011478189149546968 0.01041284824045728 0.010023368768316963 0.0057161840175887595 0.0060369318181749025 0.0035740469208170203 0.004570656158352535 0.0037229655425177295 0.004925769794715765 0.005189241202340097 0.007732313049844515 0.012280058651012326 0.03287664956007964 0.042670912756549356 0.6754948680344168
0.03650370370364962 0.030933333333287506 0.012340740740722458 0.009940740740726014 0.00868148148146862 0.009348148148134299 0.010696296296280449 0.014074074074053224 0.014192592592571567 0.014666666666644937 0.01555555555553251 0.019970370370340784 0.023037037037002907 0.02345185185181711 0.013111111111091688 0.013348148148128373 0.009837037037022463 0.01277037037035145 0.008533333333320691 0.009955555555540806 0.006933333333323062 0.011511111111094057 0.013718518518498195 0.035155555555503475 0.04093333333327269 0.5807999999991396
0.04553260448910902 0.04006627321976579 0.013956075851376312 0.006615228328165374 0.003954624612998313 0.0033015673374573074 0.0027452592879223764 0.0031685371516989545 0.0027452592879223764 0.0031927244582004733 0.0030355069659406013 0.005925890092872091 0.00803018575850422 0.008937209752311173 0.003930437306496794 0.00516398993807425 0.002769446594423895 0.004293246904019576 0.002164763931885927 0.003349941950460345 0.003216911764701992 0.005188177244575769 0.010219136996891667 0.0375628869968586 0.042751064241434364 0.728183049534723
0.030629245162068067 0.0243015506855948 0.007913622965513402 0.00935537613736807 0.007417019095207905 0.007673330770204291 0.007705369729578839 0.015570934256030419 0.014513648596670328 0.0198481353325326 0.01901512238879435 0.026191849288693142 0.022443291041871007 0.04051326412911618 0.018294245802867017 0.026624375240249545 0.014818018710728537 0.024830193515274844 0.012495194156073794 0.01928745354347801 0.011838395488895556 0.022202998846561895 0.018646674355987044 0.03197488145579909 0.060537613738208804 0.4853581955650305
0.03354027251462404 0.028353355370936188 0.01050821037918109 0.00838506812865601 0.008035690289962009 0.0075250611411015475 0.00838506812865601 0.011771345642151708 0.0130613561234834 0.017361391061255713 0.016393883200256944 0.0233276895374148 0.02649896530402188 0.035260286489732964 0.020935795103278948 0.024026445214802798 0.014082614421204325 0.015050122282203095 0.0075250611411015475 0.011314466930013398 0.008465693783739242 0.011287591711652322 0.011878846515596014 0.02445644870858003 0.05216479883885037 0.5504044720348561
0.04648496240592766 0.03921052631571577 0.013120300751855036 0.006334586466153506 0.004417293233074404 0.003909774436082876 0.0034962406014971874 0.003421052631572517 0.003327067669166678 0.003947368421045211 0.004323308270668565 0.005488721804500961 0.006804511278182698 0.009154135338328658 0.0043984962405932354 0.006052631578935991 0.0033646616541290137 0.005507518796982129 0.003289473684204343 0.003984962406007547 0.0041729323308192234 0.00678571428570153 0.010112781954868208 0.03402255639091349 0.03759398496233535 0.7272744360888584
0.03613175230562726 0.034498023715378655 0.014703557312237466 0.010202898550713884 0.007662714097488629 0.006229249011851142 0.006092226613959323 0.0060079051383335885 0.00746245059287751 0.008832674571795696 0.00998155467719633 0.013723320158088302 0.016990777338585516 0.014777338603409984 0.008274044795775206 0.007799736495380448 0.004827404479573304 0.005428194993406663 0.004268774703552813 0.0054914361001259645 0.004911725955199039 0.005976284584973938 0.010666666666655424 0.031293807641600745 0.032442687747001375 0.6853227931481578
0.03240740740735549 0.028386518005849695 0.01122965526077914 0.007753428168640661 0.005863129565542319 0.005702934768669577 0.006327694476473267 0.00954760989361536 0.008634499551440737 0.011213635781091866 0.012399077277950149 0.025374855824642165 0.03328847879015557 0.06137062668194705 0.023885044213725674 0.024013200051223867 0.010300525438917242 0.01412918108417575 0.005254389337425903 0.009755863129549923 0.005590798410858659 0.010909265667033659 0.010476739715477258 0.02612777136994405 0.03511469947450482 0.5649429706514082
0.02880658436209361 0.02478780864193546 0.008777006172825397 0.006799768518507588 0.006639017489701262 0.0058513374485502645 0.006285365226327345 0.016573431069932205 0.0138085133744634 0.021412037037002618 0.020399305555522763 0.031876929012294435 0.030462319958798768 0.05629501028797535 0.025221836419712543 0.03049447016456003 0.01560892489709425 0.029320987654273854 0.011574074074055469 0.018743569958817607 0.009998713991753474 0.021090534979389966 0.01511059670779464 0.02948173868308018 0.06979809670770673 0.44478202160422325
0.030954773869294884 0.027537688442164927 0.010435510887754714 0.007085427135666523 0.006616415410374177 0.005996649916237861 0.005159128978215814 0.010435510887754714 0.010988274706849266 0.017939698492432262 0.015259631490761708 0.02247906197651176 0.018710217755412546 0.03879396984918125 0.01616415410382552 0.024321608040160266 0.014254606365135251 0.028174204355061683 0.0140703517587704 0.020619765494102816 0.010636515912880005 0.022562814070313963 0.016080402010023316 0.030083752093751952 0.07125628140691581 0.5033835845887715
0.04853763440854996 0.045817204301026 0.010333333333322222 0.006204301075262146 0.00482795698924212 0.003612903225802567 0.00289247311827646 0.0032795698924695917 0.0031290322580611513 0.0035806451612864724 0.003924731182791479 0.005849462365585108 0.00979569892472065 0.006645161290315435 0.0035483870967703782 0.004064516129027888 0.0024623655913952017 0.003591397849458504 0.0020752688172020694 0.0026774193548358307 0.002849462365588334 0.004967741935478529 0.009161290322570794 0.03383870967738297 0.04077419354834325 0.7315591397841597
0.03805810397547697 0.03172782874612885 0.014342507645238008 0.010535168195702545 0.007798165137602755 0.00608562691130568 0.006207951070326899 0.007507645259927359 0.006391437308858728 0.0061467889908162895 0.006345565749225771 0.009021406727814952 0.011299694189585168 0.019969418960214112 0.006513761467879948 0.011146788990808645 0.005550458715587844 0.012079510703345444 0.005244648318034794 0.009480122324144526 0.006253822629959857 0.01174311926603709 0.013776758409764868 0.03288990825683044 0.06337920489286945 0.6405045871549839
0.03222222222215202 0.02474945533763671 0.008671023965122721 0.00644880174290534 0.004858387799553685 0.004727668845305604 0.004858387799553685 0.0074727668845153096 0.006928104575148305 0.010196078431350335 0.012113289760322193 0.016753812636129076 0.015838779956392508 0.04610021786482331 0.012549019607815797 0.02063180827882215 0.008213507625254437 0.026383442265737727 0.007799564270135513 0.017559912853992245 0.008366013071877199 0.020217864923703227 0.016448801742883552 0.03324618736376199 0.0862745098037336 0.5403703703691931
0.03601521498381239 0.03172998218493631 0.015487826407922884 0.009164299356397893 0.006532171345103227 0.006066734074813317 0.005087710851100056 0.0063235270515249915 0.007190203347926894 0.009726033992954682 0.011668030879336723 0.019805158328887917 0.02450767971492046 0.024411382348653584 0.01137913878053609 0.011090246681735454 0.00539265251094517 0.0070457572985265764 0.004686471824988065 0.0072704511531492926 0.0053766029499006905 0.008442069109396308 0.010881602388157219 0.02843982217081798 0.035549777713522475 0.6507294525484284
0.028244195688196264 0.02845149253728394 0.008903399668315813 0.005897595356544468 0.00508913764510252 0.00469527363183593 0.004684908789381545 0.007587064676609052 0.00971185737975776 0.014179104477597244 0.016749585406284462 0.027186981757849102 0.025632255389691508 0.033385157545570705 0.022813018242099074 0.024004975124353227 0.014293117744595468 0.014500414593683146 0.008592454394684295 0.008675373134319367 0.006902985074619711 0.008924129353224581 0.009338723051399938 0.02474087893861449 0.027072968490850877 0.609742951906499
0.04062738914368236 0.02960149082565271 0.014717125382245417 0.01214879587154512 0.010082186544330464 0.009269877675829905 0.009699923547389024 0.010428612385308643 0.01169485856267716 0.013211964831788499 0.017130160550438252 0.02350917431189852 0.029207282110056854 0.02509795489293638 0.014967985473988235 0.011312595565735722 0.008935397553506145 0.008338111620785146 0.00622371941895281 0.006821005351673809 0.00630733944953375 0.009496846330263885 0.014346808103958397 0.026579224006084458 0.033698872324118764 0.596545298164425
0.024406719924776187 0.018708881578919895 0.004302749060144057 0.002584586466161618 0.00205592105262856 0.002158717105259988 0.002217457706763661 0.0029223449248077385 0.003406954887213042 0.004493656015030995 0.005874060150367314 0.007929981202995873 0.00822368421051424 0.031352796052585535 0.00590343045111915 0.01386278195486686 0.004684562969917933 0.021704652255607224 0.004420230263151403 0.01464109492479053 0.006696428571418738 0.020823543233052126 0.014685150375918284 0.02386336936086721 0.3696105498114873 0.378465695488166
0.04023598820054249 0.03353392330379524 0.012884955752197187 0.009392330383469743 0.007752212389371384 0.007008849557513854 0.005994100294978178 0.006277286135685808 0.006914454277277977 0.008035398230079014 0.008271386430668706 0.011209439528010371 0.013191740412963785 0.010407079646005419 0.007492625368722723 0.00830678466075716 0.005781710914447455 0.009144542772850567 0.006477876106187047 0.00756342182889963 0.0069734513274254 0.010300884955740058 0.015138643067828745 0.03620058997045876 0.04375221238932891 0.6617581120936145
0.03336296296291354 0.02955555555551177 0.013599999999979852 0.011362962962946128 0.011822222222204708 0.009185185185171578 0.009985185185170392 0.01229629629627808 0.013199999999980444 0.014251851851830737 0.017229629629604105 0.02894814814810526 0.036237037036983354 0.027925925925884554 0.011866666666649086 0.0103851851851698 0.007125925925915369 0.007688888888877498 0.005170370370362711 0.005244444444436675 0.006577777777768033 0.008385185185172762 0.010311111111095835 0.027674074074033075 0.028503703703661475 0.6021037037028117
0.03478422619041149 0.025874255952332822 0.011737351190454357 0.008891369047602508 0.008649553571412482 0.007514880952366973 0.00721726190474848 0.009821428571410303 0.009747023809505678 0.015997023809494054 0.021856398809483153 0.03426339285707912 0.04125744047611373 0.05714285714275085 0.02859002976185158 0.02146577380948388 0.011253720238074305 0.008854166666650197 0.005524553571418295 0.005915178571417569 0.004817708333324372 0.00721726190474848 0.009040178571411756 0.023995535714241078 0.03089657738089491 0.5476748511894575
0.022154940407500073 0.019255414584103462 0.009996155324859035 0.00973984364986265 0.011357811098277333 0.011117518902968221 0.011453927976400977 0.021337946943449093 0.022106881968438248 0.029523901063646156 0.033480712546402856 0.04972446494929879 0.04749775727276769 0.06407791874909638 0.03974432910412703 0.039968601819748865 0.022587466359056473 0.02047289504033629 0.013296168140437497 0.01475394079197944 0.009611687812364456 0.011550044854524622 0.013408304498248416 0.021578239138758205 0.025999615532445855 0.40420351146929995
0.021170370370339007 0.020948148148117112 0.00687407407406389 0.006311111111101761 0.005437037037028982 0.004637037037030167 0.0036148148148094595 0.012474074074055593 0.010044444444429564 0.016444444444420083 0.015614814814791681 0.029570370370326563 0.030562962962917686 0.09131851851838323 0.024948148148111186 0.03105185185180585 0.01054814814813252 0.024088888888853202 0.00888888888887572 0.018740740740712976 0.010177777777762699 0.020029629629599956 0.012029629629611807 0.02331851851848397 0.10582222222206544 0.43533333333268837
0.031047453703658787 0.030714699074029638 0.014901620370348811 0.009997106481467018 0.007161458333322972 0.006032986111102383 0.006626157407397821 0.00818865740739556 0.009852430555541301 0.011284722222205897 0.014004629629609367 0.016536458333309408 0.018706597222195157 0.01757812499997457 0.01070601851850303 0.010489004629614454 0.006857638888878967 0.007595486111100122 0.00478877314814122 0.006307870370361244 0.0053096064814738 0.009346064814801294 0.01263020833331506 0.02621527777773985 0.13755787037017136 0.5595630787028941
0.040763440860171224 0.027709677419325042 0.018344086021485653 0.01713978494621813 0.017236559139766412 0.015118279569876217 0.01402150537632901 0.014924731182779651 0.015526881720413412 0.016397849462347958 0.015999999999982795 0.017645161290303607 0.01854838709675425 0.018268817204281432 0.011408602150525367 0.010935483870955984 0.0077526881720346745 0.00832258064515234 0.007010752688164505 0.0077526881720346745 0.008258064516120153 0.010731182795687386 0.01351612903224353 0.029870967741903363 0.033279569892437334 0.5835161290316306
0.0463577389913449 0.042733136303569334 0.01570661164702744 0.009089388278575644 0.005018680644612319 0.003308611684225899 0.0028253313258558236 0.003029796092858548 0.0029740329745850777 0.00353166415731978 0.0033271993903170555 0.003438725626863996 0.005093031468976945 0.007026152902457246 0.0028439190319469805 0.005148794587250416 0.0016728935482041062 0.004293760107057206 0.0023606386735769056 0.004535400286242244 0.0031413223294054883 0.006301232364902133 0.010836632651144377 0.03264001189607123 0.04451755608832038 0.7282477369454298
0.02324444444441001 0.02465185185181533 0.006844444444434304 0.004799999999992889 0.00413333333332721 0.005096296296288746 0.005525925925917739 0.018799999999972148 0.018281481481454396 0.02872592592588337 0.029185185185141946 0.04671111111104191 0.03719999999994489 0.05205925925918213 0.036474074074020035 0.03866666666660938 0.022296296296263264 0.024888888888852018 0.014562962962941389 0.01023703703702187 0.004948148148140818 0.007244444444433712 0.00687407407406389 0.020562962962932498 0.028414814814772718 0.4795703703696599
0.03849794238679167 0.0363374485596334 0.014619341563770968 0.007458847736617841 0.00529835390945957 0.005288065843615959 0.006409465020569538 0.008251028806575873 0.008703703703694748 0.011286008230441064 0.01261316872426686 0.01766460905347977 0.019516460905329717 0.016327160493810364 0.009763374485586663 0.007921810699580327 0.005349794238677623 0.005956790123450662 0.005277777777772348 0.005915637860076218 0.005833333333327332 0.007098765432091462 0.009948559670771658 0.02818930041149363 0.044146090534934006 0.6563271604931519
0.037007751937927116 0.0397984496123414 0.014310077519357658 0.010821705426339812 0.006604651162780458 0.005689922480611334 0.00545736434107681 0.008356589147273866 0.009224806201536085 0.011131782945719175 0.010015503875953465 0.014232558139512817 0.019193798449582643 0.012434108527112506 0.005209302325573319 0.005860465116269984 0.0038139534883661797 0.005968992248052761 0.004542635658907686 0.006604651162780458 0.006279069767432126 0.007999999999987597 0.009488372093008545 0.036465116279013235 0.028697674418560158 0.6747906976733724
0.04777096114509658 0.04157464212670434 0.013680981595064047 0.007995910020433546 0.005501022494876276 0.005132924335367826 0.0043762781186004575 0.004069529652343416 0.005092024539866887 0.005807770961133317 0.006625766871152095 0.00928425357871312 0.011860940695272267 0.012106339468277902 0.006298568507144583 0.006973415132910075 0.005092024539866887 0.006032719836388481 0.004253578732097641 0.0053987730061239286 0.0054192229038743985 0.008997955010206548 0.011513292433514288 0.030163599181942405 0.032331288343492165 0.6966462167674915
0.038283333333269526 0.036316666666606136 0.01948333333330086 0.013449999999977582 0.0086999999999855 0.00794999999998675 0.008299999999986167 0.008599999999985666 0.009766666666650388 0.011766666666647056 0.012199999999979666 0.01593333333330678 0.02161666666663064 0.01798333333330336 0.012116666666646472 0.011649999999980584 0.008799999999985333 0.008766666666652056 0.007099999999988167 0.009666666666650555 0.007816666666653638 0.011116666666648138 0.013683333333310527 0.031066666666614888 0.046733333333255446 0.6011333333323314
0.03186344238968845 0.028515154830881902 0.01067950541632415 0.007156143998233601 0.00494583652477307 0.006324543166634589 0.0065215012583290915 0.008797461429021124 0.009650946493030636 0.013305613305584187 0.013305613305584187 0.021599737389163803 0.020483641536228288 0.03429259218725398 0.013830834883436194 0.01864536601374626 0.00932268300687313 0.0141372141371832 0.005077141919236071 0.010438778859808647 0.005077141919236071 0.011139074296944657 0.011883138198901667 0.03214793741102495 0.0424991793411916 0.608359776779498
0.03006927541655112 0.0252262372838729 0.008525244960358827 0.006615490232782106 0.004805591961549266 0.005454658927784492 0.005566997441171357 0.008924670785734352 0.011021656368955848 0.014479186169862723 0.016189227984751683 0.02126942520124662 0.01943456281592781 0.029070710853112313 0.016488797353783325 0.01948449104409975 0.012619359670457943 0.015889658615720042 0.009224240154765993 0.013131124009220332 0.009398988953367785 0.014753791424808396 0.013842601260670483 0.03029395244332485 0.03818261249449144 0.60003744617038
0.018194805194781564 0.016181818181797165 0.007662337662327711 0.00492207792207153 0.004181818181812751 0.004727272727266588 0.00388311688311184 0.0056883116883043 0.006129870129862169 0.00914285714284527 0.010584415584401837 0.013259740259723039 0.012883116883100152 0.04328571428565807 0.009519480519468156 0.016311688311667127 0.006051948051940192 0.021701298701270518 0.005285714285707421 0.014571428571409648 0.006246753246745134 0.01587012987010926 0.010454545454531877 0.02327272727269705 0.2640389610386181 0.4459480519474728
0.03319865319859731 0.030707070707019012 0.012474747474726473 0.00725589225588004 0.004410774410766985 0.004057239057232227 0.0034006734006676756 0.0075420875420748445 0.006919191919180271 0.010606060606042751 0.009781144781128315 0.015269360269334563 0.009410774410758568 0.02622895622891207 0.007643097643084776 0.016228956228928906 0.006784511784500362 0.01932659932656679 0.006750841750830385 0.013434343434320817 0.00648148148147057 0.016178451178423942 0.013939393939370472 0.03930976430969813 0.08797979797964986 0.5846801346791504
0.018328598712795786 0.018087855297128592 0.004846967435432861 0.00293706967113978 0.001717303031759325 0.0020543438136933984 0.0014605100550476504 0.004461777970365349 0.003675349479185845 0.007286500714193772 0.006949459932259699 0.008955655062819657 0.008923555940730698 0.05309194793513876 0.006949459932259699 0.021891601264670275 0.0055531481213899675 0.03994735743970991 0.007286500714193772 0.02561509942698956 0.008522316914618707 0.028889209880063414 0.016595246119991983 0.028825011635885495 0.37722888278945027 0.2899192707074808
0.04923333333325128 0.04106666666659822 0.013983333333310028 0.007866666666653555 0.003966666666660056 0.002966666666661722 0.0031166666666614723 0.0027166666666621386 0.002733333333328778 0.002733333333328778 0.002566666666662389 0.0038166666666603053 0.005316666666657806 0.006916666666655139 0.003133333333328111 0.00584999999999025 0.0027833333333286943 0.0051666666666580555 0.0030499999999949166 0.00404999999999325 0.003866666666660222 0.006916666666655139 0.01199999999998 0.03334999999994442 0.03883333333326861 0.73199999999878
0.02765925925921828 0.023229629629595214 0.010518518518502936 0.007970370370358562 0.007733333333321876 0.007733333333321876 0.008177777777765663 0.010103703703688734 0.013733333333312987 0.01954074074071179 0.026488888888849645 0.048696296296224156 0.052725925925847815 0.06727407407397441 0.035688888888836014 0.030103703703659106 0.01642962962960529 0.014266666666645531 0.009318518518504713 0.008859259259246135 0.006992592592582233 0.007629629629618326 0.008177777777765663 0.01767407407404789 0.022088888888856163 0.4911851851844575
0.02644444444438568 0.024288888888834913 0.010133333333310814 0.010711111111087308 0.010111111111088643 0.010799999999976 0.010444444444421235 0.015711111111076197 0.014177777777746271 0.01902222222217995 0.021333333333285926 0.036377777777696935 0.045888888888786915 0.07079999999984267 0.029955555555488986 0.025822222222164837 0.013644444444414124 0.02082222222217595 0.009955555555533431 0.014111111111079752 0.007733333333316148 0.015333333333299259 0.014866666666633629 0.021488888888841134 0.04006666666657763 0.45995555555453344
0.04158266129027494 0.03587793255127855 0.010389937683272555 0.007022085777118056 0.004902859237531041 0.004467558651021275 0.003757331378294816 0.004948680351900489 0.005269428152486632 0.006655516862162464 0.007640670821105617 0.010275384897348933 0.010011913489724602 0.014628390762446587 0.006334769061576321 0.00893511730204255 0.004582111436944898 0.009610978738991922 0.004822672287384505 0.0075604838709590816 0.00602547653958254 0.01214259530790398 0.011260538856292086 0.03276209677415602 0.04726447947208662 0.6812683284449674
0.03234848484843583 0.03840909090903271 0.011712121212103466 0.008227272727260261 0.006499999999990152 0.005924242424233448 0.004742424242417057 0.006015151515142401 0.005848484848475987 0.007787878787866988 0.007348484848473715 0.014181818181796695 0.017787878787851836 0.024772727272689737 0.007409090909079683 0.011772727272709435 0.004454545454538705 0.0069393939393834255 0.003878787878782002 0.004924242424234963 0.003424242424237236 0.006272727272717768 0.010515151515135582 0.031742424242376145 0.038424242424184206 0.6786363636353354
0.03759338099439699 0.04045304843756052 0.014218009478650144 0.009976704956205356 0.007599003936046913 0.0060567113824306264 0.005092778536420447 0.005735400433760566 0.005847859265795088 0.007084906418174817 0.007309824082243859 0.011840308458491702 0.018138003052424873 0.012804241304501881 0.007213430797642841 0.007759659410381943 0.006410153425967692 0.0069563820387067935 0.005317696200489489 0.005510482769691525 0.0043055667121788006 0.006763595469504758 0.01016949152540739 0.03460518917176544 0.03393043617955831 0.6813077355599947
0.036117900190018766 0.03538676860722486 0.013745273756525359 0.009567378997703062 0.006099726347880555 0.0060579474002923316 0.00603705792649822 0.006099726347880555 0.007896221094174143 0.010862526372937973 0.011259426375026091 0.0154582106076425 0.015750663240760063 0.017526268513259537 0.01219945269576111 0.011969668484025883 0.007415763196909579 0.00871091057214449 0.007039752668615572 0.008439347412821041 0.006768189509292122 0.00814689477970348 0.013285705333054907 0.03062396858216744 0.034488521234078064 0.6530467297515133
0.02602754820933771 0.02256749311292279 0.0069641873278160175 0.005719008264456508 0.0050468319559173035 0.007922865013765374 0.0073939393939312465 0.011768595041309346 0.012881542699710324 0.016374655647364875 0.01900826446278897 0.027548209366360828 0.02729476584019031 0.0327603305784763 0.020264462809895026 0.020385674931107014 0.013785123966926958 0.015096418732765734 0.009046831955912896 0.01096418732781161 0.0075261707988897785 0.009443526170788492 0.010600550964175646 0.02301928374653111 0.02719559228647141 0.6033939393932745
0.035984848484798 0.03470819304147768 0.012373737373720014 0.007814253647576017 0.0056116722783310724 0.005415263748589485 0.00507856341188962 0.006172839506164179 0.0066358024691264925 0.008529741863063229 0.01148989898988287 0.01735409652073884 0.024452861952827646 0.020244107744079344 0.012752525252507361 0.010928731762049762 0.007645903479226086 0.00834736251401747 0.006158810325468352 0.006986531986522185 0.005948372615030936 0.008613916947238195 0.011840628507278562 0.024887766554398304 0.03414702581364457 0.6598765432089508
0.04437489969500181 0.04185523992931816 0.014764885251139842 0.00760712566200031 0.006403466538266084 0.005568929545810353 0.005793612582240742 0.005761515005607829 0.005601027122443266 0.005681271064025548 0.007687369603582591 0.009260150858595313 0.01380195795215246 0.010544053923911821 0.005504734392544528 0.0055849783341268095 0.003723318889417873 0.005247953779481226 0.004365270422076127 0.005167709837898944 0.006612100786380016 0.010014443909468762 0.015936446798241154 0.03829240892306485 0.032113625421229156 0.6827315037703695
0.04174804687491506 0.03562418619784419 0.01625569661455026 0.013916015624971688 0.011820475260392618 0.010192871093729263 0.011067708333310815 0.012858072916640506 0.013692220052055476 0.0166625976562161 0.018737792968711878 0.021301269531206663 0.027119954427028158 0.02097574869787399 0.01204427083330883 0.010803222656228021 0.009134928385398082 0.009419759114564169 0.007039388020819011 0.007873535156233982 0.0066935221354030485 0.009073893229148205 0.013041178385390133 0.027628580729110456 0.04656982421865525 0.5687052408842597
0.03669029970989898 0.0362068965516658 0.017241379310317044 0.011150499516578875 0.0067998710924801805 0.006944892039950137 0.005236867547526205 0.006977118917165683 0.0054785691266427995 0.007299387689321142 0.006235900741208128 0.01150499516594988 0.013341927167235994 0.01748308088943364 0.005929745407660442 0.008266194005787517 0.0038511118272577327 0.00855623590072743 0.0029004189493991293 0.007041572671596775 0.004930712213978519 0.009941991620995905 0.01364808250078368 0.03607798904280361 0.032758620689602384 0.6775056397024211
0.04470238095229226 0.039503968253889875 0.016646825396792367 0.011924603174579515 0.006765873015859592 0.004384920634911934 0.0028174603174547274 0.004345238095229474 0.005059523809513771 0.006607142857129747 0.007420634920620197 0.013551587301560414 0.017876984126948655 0.014940476190446547 0.0065873015872885176 0.007857142857127268 0.0034523809523741024 0.0067857142857008215 0.002896825396819649 0.005119047619037462 0.005198412698402384 0.00755952380950881 0.012480158730133967 0.030357142857082624 0.03210317460311091 0.6830555555542003
0.015464248971168557 0.016091177983513227 0.008953832304512355 0.007957175925913135 0.006349665637849875 0.0056905864197439385 0.004774305555547881 0.014017489711911623 0.01406571502055352 0.022199717078153613 0.0268775720164177 0.05989583333323705 0.07357574588465539 0.14295588991746566 0.032552083333281 0.044399434156307226 0.014451517489688703 0.024980709876503054 0.006767618312746322 0.014885545267465784 0.006864068930030118 0.012956532921789872 0.009484310699573232 0.015030221193391476 0.030365869341514973 0.3683931327154572
0.04018656716412912 0.036915422885526225 0.01353233830844088 0.007823383084567384 0.006940298507454055 0.006007462686559692 0.005659203980092464 0.0055970149253661726 0.006256218905464855 0.007798507462676868 0.008470149253720808 0.011728855721378446 0.015037313432817117 0.012288557213915063 0.008047263681582031 0.006803482587056215 0.004651741293526553 0.005261194029844202 0.003830845771139514 0.004527363184073971 0.004651741293526553 0.007624378109443253 0.012064676616900418 0.03131840796016005 0.03582089552234351 0.6911567164170508
0.027528089887588897 0.025786516853884296 0.010168539325823654 0.007172284644181326 0.005823970037442277 0.006423220973770743 0.0075093632958660875 0.009868913857659421 0.010486891385748152 0.010617977528070003 0.011198501872638204 0.013913857677876566 0.016928838951279158 0.015018726591732175 0.006835205992496563 0.008089887640434288 0.0042509363295800545 0.006011235955044923 0.003258426966286033 0.004325842696621112 0.00485018726590852 0.006891385767777357 0.008089887640434288 0.02745318352054784 0.032041198501812654 0.7094569288376227
0.051759999999917185 0.036575999999941475 0.01582399999997468 0.008847999999985843 0.00665599999998935 0.004895999999992166 0.00319999999999488 0.002959999999995264 0.002927999999995315 0.0035359999999943423 0.004223999999993242 0.00585599999999063 0.0061439999999901695 0.0071999999999884795 0.0036639999999941377 0.004991999999992012 0.0019839999999968255 0.003679999999994112 0.001967999999996851 0.002639999999995776 0.003279999999994752 0.005871999999990604 0.011647999999981362 0.03446399999994486 0.04063999999993498 0.7245599999988407
0.03333333333328395 0.03244444444439638 0.010311111111095835 0.005659259259250875 0.004503703703697032 0.005155555555547918 0.004829629629622474 0.005807407407398804 0.006059259259250283 0.008696296296283414 0.008859259259246135 0.017407407407381618 0.025096296296259115 0.019599999999970964 0.006696296296286376 0.007777777777766255 0.00465185185184496 0.005659259259250875 0.0028444444444402305 0.0046814814814745455 0.003866666666660938 0.005999999999991111 0.010829629629613586 0.029748148148104076 0.033762962962912944 0.6957185185174878
0.021016438802040575 0.02475992838536629 0.0069376627604025515 0.005289713541655905 0.005228678385406029 0.004516601562490811 0.004699707031240438 0.008239746093733236 0.0085856119791492 0.014099121093721315 0.014506022135387153 0.021687825520789208 0.01822916666662958 0.03476969401034593 0.016825358072882435 0.0295410156249399 0.01658121744788293 0.028584798177025177 0.013814290364555228 0.023315429687452566 0.015665690104134794 0.028157552083276045 0.022460937499954304 0.033264160156182325 0.11657714843726281 0.46264648437405875
0.03788269416687418 0.034047695778224224 0.011875604253928657 0.00828230744439529 0.007637769900084373 0.008669029970981842 0.007476635514006644 0.00876571060262848 0.008378988076041928 0.010538188849483503 0.012842410570395034 0.023283918788231897 0.03164679342566605 0.03735095069281767 0.018256525942606742 0.014212052852055733 0.006848211408303499 0.0060103126006993066 0.004302288108275375 0.004560103125999742 0.004962939091194066 0.00641314856589363 0.01106993232354001 0.02903641637120684 0.03264582661934798 0.6130035449555059
0.023317676380340158 0.01641583588955088 0.007081575920236913 0.007500958588948067 0.007596817484653474 0.006158934049072375 0.006362634202446363 0.007848447085880166 0.008303776840480847 0.013396280674830573 0.01929160276071308 0.03250814800609601 0.04166267254596235 0.035671491564374436 0.022886311349665827 0.015109758435564717 0.008878930214713287 0.006482457822078122 0.0052123274539814845 0.005487921779134528 0.005116468558276078 0.005595763036803111 0.0058114455521402755 0.009873466257656881 0.38961848159462514 0.2868098159505766
0.03628817471586882 0.03375799005678072 0.008023348721582006 0.004594282670449447 0.0035289417613597203 0.0035400390624960713 0.00402832031249553 0.005515358664766607 0.006103515624993227 0.007202148437492007 0.007712624289764168 0.012406782670440777 0.019509055397705623 0.020174893465886704 0.008411754261354302 0.010176225142034161 0.005415482954539445 0.010808771306806186 0.0047052556818129605 0.007757013494309573 0.005637428977266472 0.010531338778397403 0.01276189630680402 0.0323042436079187 0.06983531605105886 0.6492697975845068
0.02062222222219167 0.017629629629603513 0.00909629629628282 0.007570370370359155 0.007807407407395841 0.00770370370369229 0.008770370370357376 0.01897777777774966 0.01804444444441771 0.026088888888850238 0.02567407407403604 0.030325925925880997 0.027155555555515326 0.057096296296211706 0.020533333333302914 0.03026666666662183 0.01348148148146151 0.04134814814808689 0.015985185185161503 0.030148148148103484 0.01281481481479583 0.031022222222176262 0.018740740740712976 0.026237037036998166 0.13743703703683344 0.33942222222171936
0.03313529440172417 0.026791608301491264 0.01658374792700481 0.014587257885307141 0.01426524336245268 0.0134441063291738 0.014152538279453617 0.016020222512009498 0.01606852469043767 0.0206894330933992 0.02171987956653348 0.0332963016631514 0.0358724178459871 0.03432674813628568 0.022975736205665884 0.019997101869262107 0.01540839491858602 0.017034568259001057 0.011801832262616043 0.009853644399346545 0.00853338485564325 0.009080809544495836 0.011689127179616982 0.022524915873669636 0.028063565666766387 0.5120835949693087
0.029072386058950055 0.028911528150103043 0.009415549597845132 0.00476139410187157 0.0033029490616586564 0.0032707774798892537 0.002680965147450208 0.005093833780155395 0.005040214477206391 0.009962466487924973 0.011549597855215496 0.0231849865951494 0.029554959785491094 0.045683646112551546 0.02089008042893202 0.018766756032151458 0.00991957104556577 0.012707774798913987 0.0063270777479824914 0.007442359249321778 0.005383378016080018 0.008407506702403852 0.011109919571033662 0.028772117962435634 0.03000536193026273 0.628782841822382
0.03366706378295264 0.030448130498498843 0.013368310117286739 0.008900751466265464 0.0075604838709590816 0.007182459677411127 0.0078124999999910506 0.009599523460399561 0.01005773460409405 0.013815065982388866 0.01540734970672722 0.0217535740468959 0.02776759530788608 0.024583027859209378 0.015590634164205015 0.012784090909076264 0.00923295454544397 0.007927052785914672 0.0057161840175887595 0.006357679618761046 0.005762005131958209 0.00974844208210027 0.012165505865088704 0.02750412390026175 0.032842283724302555 0.6224454728731873
0.04416009897355645 0.03775659824042596 0.016690340909071788 0.011283449413476811 0.008843475073303653 0.00750320747799727 0.0065753299120159285 0.006712793255124275 0.006254582111429785 0.006964809384156245 0.00760630498532853 0.011237628299107362 0.014765854105554933 0.011478189149546968 0.006369134897353408 0.007010630498525693 0.005143420087970647 0.005601631231665138 0.003894794721403163 0.0047081195014608826 0.004490469208206 0.008465450879755698 0.015052236070363989 0.03267045454541712 0.03862719941344549 0.6701337976531913
0.030787269681690474 0.02512562814066143 0.017939698492432262 0.011825795644871313 0.009765494137337075 0.010402010050233832 0.011909547738673518 0.014087102177530841 0.015293132328282591 0.018174204355078435 0.0210217755443534 0.028525963149030945 0.03608040200998981 0.03757118927966906 0.020435510887737963 0.019748743718559884 0.012194304857601014 0.012696817420414242 0.009463986599649138 0.01177554438858999 0.009195979899482084 0.012378559463965865 0.01246231155776807 0.02331658291453381 0.0339865996649347 0.5338358458952532
0.014868164062481851 0.011791992187485605 0.0038818359374952613 0.002709960937496692 0.0022705078124972285 0.002478027343746975 0.0023803710937470943 0.0030273437499963047 0.003564453124995649 0.0040649414062450375 0.005346679687493474 0.007348632812491029 0.010229492187487513 0.006542968749992013 0.004028320312495083 0.0031738281249961255 0.0027343749999966622 0.002600097656246826 0.0019165039062476604 0.0014038085937482863 0.0017578124999978542 0.0023071289062471835 0.003808593749995351 0.006054687499992609 0.699658203124146 0.190051269531018
0.030182192389514955 0.026217929227932014 0.008992679561230918 0.007273662792048935 0.007928526323165881 0.0074841546413365245 0.006151039595848456 0.007928526323165881 0.008992679561230918 0.011752461585223762 0.012816614823288799 0.01880393853635802 0.01893257244425599 0.026089295320034043 0.013097270622338918 0.01796197113920766 0.010805248263429608 0.015284047056604435 0.009133007460755977 0.013927544027862188 0.011612133685698701 0.021329840727809097 0.023189185396516137 0.03703487148298871 0.08614963631675965 0.5409289706942244
0.03029521306607179 0.028892507618095073 0.011124905277056696 0.007384357415785459 0.0064653435015938196 0.006723312319612525 0.00719088080227143 0.015349144672113008 0.012833948696430625 0.016638988762206538 0.016300404688556987 0.02982764458341288 0.04037212001992749 0.0718604388693358 0.02877964626021189 0.02305596311042185 0.009625461522322968 0.01233413411151938 0.005691437047537702 0.006803927575243371 0.004724053979967554 0.008787062863762173 0.012011673088995999 0.02342679328632374 0.030488689679585818 0.5330119471800251
0.041922511458918614 0.034387702153383215 0.014431808354217729 0.011296808786634851 0.009696877972833935 0.008064516129023539 0.006399723255203667 0.006713223211961955 0.007091585228739199 0.008075326472360032 0.008983395312625419 0.013685894663999734 0.019869411052473546 0.015415549597838562 0.00750237827552592 0.007794257545611223 0.004572775231336404 0.006659171495279491 0.004507913171317448 0.005653809564985672 0.0054051716682463405 0.007761826515601745 0.013394015393914431 0.031836461125970945 0.03731730519757274 0.6615605811633426
0.04367195767191146 0.03750264550260582 0.011798941798929314 0.007058201058193589 0.005449735449729683 0.005301587301581691 0.004518518518513737 0.003936507936503771 0.004338624338619748 0.004857142857137718 0.005587301587295675 0.006571428571421617 0.007534391534383561 0.008984126984117477 0.005174603174597699 0.0059153439153376555 0.0029100529100498304 0.0033756613756578033 0.002444444444441858 0.0033544973544938047 0.0028783068783038326 0.00499470899470371 0.009343915343905456 0.03379894179890603 0.039227513227471714 0.7294708994701276
0.029835169198273604 0.02904107724242602 0.007804789508901992 0.005116221029818021 0.004537668319129065 0.0048326167598724545 0.00434481741556608 0.006534242379545854 0.008553504781558289 0.011105943211068387 0.012728159635157029 0.01945525291826587 0.01878594684119433 0.03212669169943378 0.013953330081321876 0.0185704075960357 0.011208040748248792 0.016471735998438507 0.009188778346236357 0.012070197728883314 0.008043017095656269 0.013113861442283 0.01205885355808549 0.028258329457376254 0.04533130650809936 0.6169300404979899
0.03847117794476573 0.03408521303249603 0.013634085212998411 0.009523809523785655 0.007644110275670065 0.006716791979933041 0.007593984962386982 0.010977443608995044 0.011629072681675115 0.013082706766884505 0.014411027568886188 0.01887218045108052 0.02824561403501693 0.0247619047618427 0.015187969924773965 0.014335839598961564 0.007218045112763864 0.00942355889721949 0.004486215538835874 0.006040100250611428 0.005764411027554475 0.008546365914765548 0.012706766917261386 0.030526315789397178 0.04037593984952287 0.6057393483694091
0.043016975308572826 0.03766396604932217 0.01692708333330612 0.011541923868294203 0.008085776748958195 0.006622942386820629 0.006188914609043549 0.008391203703690215 0.009516460905334496 0.009870113168708413 0.010497042181053084 0.01572145061725868 0.018647119341533812 0.019692001028774928 0.010577417695456247 0.010641718106978778 0.006574717078178732 0.009066358024676783 0.006719393004104425 0.00892168209875109 0.008278677983525787 0.012731481481461015 0.014403292181046806 0.03203768004110076 0.03948045267483365 0.618184156377607
0.04547150610575734 0.036719810040643286 0.01183853459970855 0.007259158751683753 0.004698100407047662 0.0036126187245528957 0.004732021709625624 0.004901628222515431 0.005902306648565295 0.006343283582078794 0.0074966078697294835 0.010362957937567226 0.013636363636340508 0.01229647218451103 0.006122795115322044 0.00625848032563389 0.004341926729979067 0.0053934871098958725 0.0037313432835757608 0.004918588873804412 0.004121438263222318 0.004681139755758682 0.008361601085467501 0.031411126187192315 0.0361770691993959 0.7092096336487292
0.04100590796011931 0.04178327114419741 0.012126865671618223 0.007229477611926248 0.00417832711441974 0.004605876865662691 0.0032260572139240786 0.00443097014924512 0.0038479477611865517 0.0039645522387982655 0.003886815920390456 0.005072294776109545 0.005810789800983732 0.005597014925362257 0.0039645522387982655 0.004877953980090022 0.0029928482587006514 0.004586442786060739 0.003051150497506508 0.005927394278595446 0.0038090796019826473 0.007287779850732106 0.010105721393015186 0.03179415422879393 0.03983986318400218 0.7349968905458353
0.03961309523803629 0.03930059523803676 0.013467261904741864 0.006502976190466513 0.0036309523809469777 0.003392857142852094 0.0036607142857088383 0.0043005952380888385 0.00436011904761256 0.005148809523801862 0.006428571428561862 0.010223214285699073 0.015535714285691168 0.011755952380934886 0.005505952380944187 0.006235119047609769 0.0035416666666613964 0.003705357142851629 0.0026785714285674426 0.003005952380947908 0.0032440476190427918 0.005312499999992094 0.009955357142842328 0.032901785714236756 0.03470238095232931 0.7218898809513067
0.0348186728394502 0.028260030864152103 0.019917052469103785 0.015592849794213617 0.012924382716028606 0.011300797325084714 0.010850694444427001 0.012442129629609628 0.01289223251026734 0.015480324074049189 0.018631044238653176 0.0275688014402849 0.040091306584297694 0.03774434156372533 0.01827739197527926 0.015287422839481597 0.010207690329201697 0.01046489197529182 0.006815843621388221 0.009194958847721844 0.008439429012332113 0.012024176954713181 0.014837319958823885 0.028018904320942613 0.03645833333327472 0.5314589763365942
0.0381046831955503 0.03903030303026002 0.014369146005493808 0.010126721763074241 0.005785123966935774 0.0049146005509587715 0.0052121212121154685 0.0046831955922813405 0.004958677685944949 0.005862258953161584 0.007504132231396689 0.015063360881526102 0.02348209366388597 0.016925619834692093 0.007041322314041827 0.006876033057843662 0.0037134986225854398 0.005696969696963419 0.003823691460050883 0.004407713498617733 0.003636363636359629 0.005818181818175407 0.009652892561972834 0.032606060606024674 0.06574104683188348 0.6549641873271019
0.03547571962202211 0.03410239507796737 0.010470226323873358 0.006822676334863961 0.00597670841572624 0.006119534168307933 0.0061744671500701225 0.0074708855196577995 0.008833223467360105 0.012074269391329296 0.016985277960869054 0.02437925730605979 0.025708635464704782 0.022907053394833107 0.013480553724441353 0.011239288068544013 0.007295099978018792 0.00693254229838834 0.005306526038227525 0.006152493957365246 0.004471544715442242 0.006218413535479874 0.009668204790145388 0.029520984399000746 0.031114040870104248 0.6450999780260985
0.02735520527856104 0.03153638196477326 0.010401392961864918 0.006999175219933331 0.0054641678885567905 0.005235062316709545 0.004410282258059464 0.006896077712602071 0.007904142228729948 0.011856213343094923 0.013230846774178392 0.02323130498531063 0.03698909457473769 0.034629307184711064 0.013047562316700597 0.01565936583575919 0.005326704545448443 0.006907532991194433 0.003150201612899617 0.0044217375366518265 0.003986436950142061 0.005590175953072775 0.01005773460409405 0.031158357771225303 0.028626741202313247 0.6459287939875299
0.04469740819338109 0.04183548781265381 0.013730786545736492 0.00654382918514608 0.005096790790396333 0.004534053636882542 0.004357193388635351 0.005112868994782441 0.005000321564079683 0.005852466396543423 0.006109717666721156 0.009196732908853951 0.011688854588700738 0.01167277638431463 0.006656376615848838 0.00739597401760982 0.004485819023724217 0.00569168435268234 0.004759148498288059 0.006286577914968347 0.00569168435268234 0.007026175316729329 0.011495916136067439 0.032301112611691586 0.0348414689046967 0.6979387741965755
0.04596799999992645 0.04009599999993584 0.01345599999997847 0.006639999999989376 0.004447999999992883 0.0030719999999950847 0.0030239999999951616 0.0028959999999953663 0.00279999999999552 0.0030719999999950847 0.002991999999995213 0.003871999999993805 0.005759999999990784 0.0063199999999898875 0.003759999999993984 0.0057919999999907325 0.0025279999999959554 0.004671999999992525 0.003487999999994419 0.004575999999992678 0.004815999999992294 0.007087999999988659 0.01039999999998336 0.03326399999994678 0.038639999999938175 0.7365599999988215
0.03696666666660506 0.03279999999994533 0.011616666666647306 0.007383333333321028 0.006783333333322028 0.005983333333323361 0.004699999999992166 0.0056499999999905836 0.005566666666657389 0.008216666666652972 0.01108333333331486 0.01861666666663564 0.016433333333305943 0.02654999999995575 0.014183333333309693 0.01738333333330436 0.009366666666651055 0.013666666666643889 0.007266666666654555 0.010466666666649221 0.006616666666655639 0.010566666666649056 0.010666666666648889 0.02803333333328661 0.054799999999908665 0.6186333333323023
0.017316878980848632 0.01477906050951737 0.006468949044569892 0.007439291401255376 0.009156050955391232 0.004602906050943961 0.00286126592355976 0.004105294585977047 0.004528264331198925 0.005697651273871174 0.007041202229281844 0.009852707006344913 0.014331210191047146 0.01040007961780852 0.006419187898073201 0.005797173566864557 0.004105294585977047 0.0035828025477617864 0.0025378184713312655 0.002662221337572994 0.0024134156050895366 0.002488057324834574 0.0031598328025399087 0.004826831210179073 0.586858081208731 0.2565684713369413
0.030992844364868082 0.028779069767377506 0.011046511627882276 0.007379248658301925 0.007021466905172134 0.005299642218235019 0.005299642218235019 0.008005366726279058 0.010174418604628411 0.01726296958851238 0.01934257602857929 0.027750447227129358 0.028667262969524446 0.03796958855089899 0.02081842576023967 0.019901610017844584 0.011583184257576961 0.01265652951696633 0.007602862254008044 0.009995527728063516 0.007535778175296208 0.010800536672605544 0.0124105545616896 0.025201252236079604 0.04025044722710141 0.5762522361346685
0.02884444444440171 0.025496296296258523 0.011659259259241985 0.009644444444430156 0.010222222222207079 0.01152592592590885 0.012311111111092872 0.014977777777755589 0.015214814814792274 0.021466666666634864 0.02417777777774196 0.03754074074068513 0.041970370370308194 0.05048888888881409 0.027007407407367397 0.02444444444440823 0.013570370370350266 0.015422222222199375 0.010874074074057964 0.010296296296281043 0.008340740740728384 0.009881481481466841 0.010918518518502342 0.024622222222185745 0.03914074074068275 0.4899407407400149
0.040085333333290576 0.03884799999995856 0.012725333333319759 0.00647466666665976 0.004213333333328839 0.0039679999999957674 0.0037866666666626276 0.00407466666666232 0.004159999999995562 0.0044373333333286 0.006250666666659999 0.007359999999992149 0.010687999999988599 0.009429333333323275 0.005450666666660852 0.005077333333327917 0.003541333333329556 0.005514666666660784 0.00258133333333058 0.0039039999999958357 0.003285333333329829 0.005311999999994333 0.009514666666656518 0.03724799999996027 0.036479999999961085 0.7255893333325594
0.04645161290317586 0.04099999999995591 0.008666666666657347 0.0038064516128991327 0.002666666666663799 0.0026021505376316104 0.0024408602150511388 0.003161290322577246 0.0032258064516094346 0.003999999999995699 0.004419354838704925 0.010290322580634096 0.011870967741922719 0.010419354838698474 0.003688172043006787 0.004999999999994623 0.0021720430107503527 0.0030430107526849 0.0012258064516115852 0.002322580645158793 0.0021505376344062898 0.0038064516128991327 0.00772043010751858 0.03661290322576708 0.04709677419349775 0.7301397849454515
0.05508333333324153 0.04424999999992625 0.012999999999978333 0.006966666666655056 0.00434999999999275 0.003316666666661139 0.002866666666661889 0.002966666666661722 0.0027166666666621386 0.0026333333333289446 0.002666666666662222 0.002449999999995917 0.0031666666666613887 0.00464999999999225 0.0020999999999965 0.0038999999999935 0.0021499999999964165 0.003483333333327528 0.0029333333333284445 0.003716666666660472 0.003433333333327611 0.0049999999999916665 0.008149999999986416 0.03598333333327336 0.04689999999992183 0.731166666665448
0.027130663586145663 0.02441920164288214 0.012273777435482811 0.009514183031687983 0.009417918110625373 0.009417918110625373 0.009722757027323638 0.015947888589372437 0.014536003080454152 0.017857142857114205 0.019124630984438576 0.03325953022713185 0.045324733666979006 0.050298421255213874 0.018194070080833343 0.020135412655595982 0.011118598382731487 0.01615646258500809 0.008856372737760146 0.013092029264514998 0.009129123347437542 0.012803234501327167 0.01192080605825324 0.022269285072483845 0.02963355153377353 0.5284462841731992
0.04377425044083991 0.04091710758370209 0.01176366843031435 0.005978835978825434 0.004162257495583488 0.004109347442673528 0.003650793650787212 0.004532627865953205 0.003827160493820411 0.004356261022920006 0.0055731922398490775 0.006225749559071912 0.008324514991166976 0.007671957671944141 0.004162257495583488 0.005731922398578956 0.002469135802464781 0.00522045855378268 0.002857142857137818 0.0038447971781237307 0.0040740740740668885 0.007548500881820902 0.011798941798920989 0.0316049382715492 0.0339153439152841 0.7319047619034711
0.02292473118277105 0.020881720430085075 0.007204301075261071 0.003419354838706001 0.002365591397846919 0.002107526881718164 0.0018602150537614405 0.002903225806448491 0.0033010752688136546 0.004440860215048989 0.0063333333333265235 0.009193548387086888 0.012720430107513205 0.007451612903217794 0.0047526881720379 0.003139784946233183 0.002344086021502856 0.002086021505374101 0.0018817204301055034 0.001870967741933472 0.001989247311825818 0.0029139784946205227 0.004634408602145554 0.017247311827938445 0.469440860214549 0.3805913978490531
0.025599999999972693 0.0200639999999786 0.008170666666657951 0.00738133333332546 0.007498666666658668 0.004789333333328225 0.004458666666661911 0.004767999999994914 0.004959999999994709 0.005706666666660579 0.006741333333326142 0.0072959999999922176 0.007039999999992491 0.028629333333302795 0.005578666666660716 0.011850666666654026 0.003018666666663447 0.018805333333313273 0.002549333333330614 0.010634666666655322 0.0030079999999967915 0.012650666666653173 0.01113599999998812 0.03198933333329921 0.3060799999996735 0.4395946666661978
0.03144473973603436 0.02415918255129197 0.010962701612890667 0.006884622434009708 0.006231671554245061 0.005796370967735296 0.005303793988263719 0.005693273460404036 0.00607129765395199 0.007743768328436877 0.010630498533712163 0.013036107038108233 0.014571114369484774 0.011810392228725474 0.007411565249258372 0.006506598240461754 0.004868493401753954 0.005200696480932459 0.004627932551314347 0.005681818181811673 0.006506598240461754 0.007480296920812545 0.008683101173010582 0.014834585777109105 0.39219437316670613 0.37566440615792746
0.03482962962957803 0.02930370370366029 0.01013333333331832 0.006577777777768033 0.005733333333324839 0.005674074074065668 0.004622222222215374 0.007629629629618326 0.008637037037024241 0.011511111111094057 0.016148148148124226 0.027303703703663255 0.034651851851800516 0.0400888888888295 0.025022222222185152 0.0209777777777467 0.010118518518503528 0.009392592592578677 0.005555555555547325 0.006725925925915962 0.005644444444436082 0.0068888888888786835 0.009792592592578085 0.024207407407371543 0.03023703703699224 0.6025925925916998
0.018247588424407962 0.01959807073951833 0.008601286173619611 0.007861736334392504 0.006302250803848389 0.005578778135039262 0.005659163987129165 0.013697749196119456 0.014115755626986953 0.023376205787743767 0.034646302250748155 0.06422829581983243 0.06308681672015581 0.081977491961283 0.04826366559477771 0.03837620578771965 0.017829581993540466 0.016623794212191925 0.009051446945323068 0.009163987138248932 0.00606109324757868 0.008842443729889321 0.007588424437286835 0.018263665594825944 0.025836012861694797 0.42712218649449013
0.041674718196390216 0.035861513687542895 0.014025764895307527 0.008099838969391144 0.006795491143306288 0.006103059581310623 0.004186795491136575 0.004621578099831527 0.003993558776161041 0.0053301127214084865 0.005748792270522144 0.0077938808373465476 0.010257648953284609 0.011014492753605451 0.005909822866335089 0.00772946859902137 0.004363929146530815 0.005442834138477548 0.0037359098228603284 0.005732689210940849 0.0046537842189941165 0.007423510466976774 0.013204508856661506 0.030080515297858164 0.03502415458931558 0.7111916264078725
0.015747148532590436 0.01475394079197944 0.007417019095207905 0.005991285403040511 0.005510701012422289 0.005094194540553162 0.00672818146865512 0.009467512495178989 0.015955401768524998 0.03287197231828644 0.0570133282070085 0.10760284505942008 0.11290529283590782 0.11433102652807521 0.0508298090477207 0.02989234909645346 0.013087914904502935 0.008442265795193447 0.004309240035876731 0.0037165192874475898 0.0033160322952657376 0.004437395873374924 0.005847110085855044 0.012222863001390133 0.014769960271666714 0.3377386902467997
0.04521481481474783 0.0413333333332721 0.014562962962941389 0.008340740740728384 0.005259259259251468 0.005599999999991704 0.004192592592586381 0.0049185185185112315 0.004770370370363303 0.005496296296288153 0.004874074074066853 0.006785185185175133 0.013925925925905296 0.0103851851851698 0.004874074074066853 0.00562962962962129 0.0035111111111059095 0.0036148148148094595 0.0027259259259218875 0.004207407407401174 0.004740740740733718 0.007629629629618326 0.010340740740725421 0.03382222222217211 0.034918518518466786 0.7083259259248765
0.04650584795314838 0.04293859649116529 0.012602339181268124 0.006812865497066063 0.004912280701747204 0.0036988304093513173 0.003479532163737603 0.0036403508771876603 0.004049707602333261 0.004444444444437947 0.004195906432742404 0.004605263157888004 0.005526315789465604 0.0057017543859565764 0.0032748538011648028 0.00333333333332846 0.002046783625728002 0.003874269005842289 0.0023245614035053734 0.0035818713450240032 0.004561403508765261 0.007909356725134636 0.01241228070173624 0.0336403508771438 0.038421052631522776 0.7315058479521469
0.025247276376101548 0.022219036697207893 0.006074397935768932 0.004372133027515102 0.0034403669724708996 0.0032970183486179454 0.0025623566513715552 0.004461725917423198 0.003404529816507661 0.005447247706412257 0.004569237385312914 0.009192230504570685 0.007687069954114666 0.04719753440358515 0.005285980504577684 0.0146932339449278 0.005859374999989501 0.02838302752288492 0.005321817660540923 0.014800745412817515 0.0060206422018240745 0.02282826834858295 0.008618836009158868 0.02329415137610505 0.21283686926567366 0.5028848910541448
0.021075628092236273 0.018328728394239015 0.008722611321710592 0.004658484867948566 0.0033251943712598385 0.003100301998324391 0.0044014650131651975 0.0061524127738768995 0.011276746128620322 0.02385465527208145 0.03697873160695724 0.07355586969081547 0.08065604317920604 0.1297628991837535 0.05717085394837568 0.04213519244354858 0.015806721069177205 0.010778770159977545 0.006056030328333136 0.005429544432298674 0.003983807749142222 0.005461671914146595 0.006698579965291559 0.015260553877762545 0.01828053717146713 0.38708796504467796
0.04648496240592766 0.03921052631571577 0.013120300751855036 0.006334586466153506 0.004417293233074404 0.003909774436082876 0.0034962406014971874 0.003421052631572517 0.003327067669166678 0.003947368421045211 0.004323308270668565 0.005488721804500961 0.006804511278182698 0.009154135338328658 0.0043984962405932354 0.006052631578935991 0.0033646616541290137 0.005507518796982129 0.003289473684204343 0.003984962406007547 0.0041729323308192234 0.00678571428570153 0.010112781954868208 0.03402255639091349 0.03759398496233535 0.7272744360888584
0.043018666666620776 0.03980799999995754 0.01405866666665167 0.007647999999991842 0.005247999999994402 0.004383999999995324 0.003391999999996382 0.003071999999996723 0.003039999999996757 0.0029866666666634807 0.00407466666666232 0.005706666666660579 0.007434666666658736 0.005759999999993856 0.0031893333333299313 0.003210666666663242 0.002111999999997747 0.002730666666663754 0.0024533333333307166 0.0030079999999967915 0.0032746666666631737 0.004746666666661604 0.008661333333324094 0.02714666666663771 0.11111466666654814 0.678719999999276
0.015873187154679003 0.011438190607722463 0.006377330801098091 0.008751294889493319 0.012128798342528349 0.007898825966842306 0.0063017955801036975 0.00792040745855499 0.009603763812144332 0.011211584944739283 0.015096253453022384 0.02836887085632298 0.03781077348062218 0.041339347375646 0.01231224102208616 0.01484806629832652 0.007521149861870337 0.01756733425412469 0.0042623446132550695 0.010704419889491211 0.004791091160215825 0.011643214778992961 0.006560773480655904 0.009787206491702146 0.4305399689221873 0.24934176450249337
0.04605516975301238 0.036795910493768014 0.014210390946479214 0.008262602880645153 0.0060924639917597535 0.004999356995876737 0.004292052469128903 0.004822530864189778 0.004565329218099657 0.004533179012338392 0.004806455761309146 0.005979938271595325 0.006735468106985058 0.009886188271589045 0.005063657407399267 0.007892875514390604 0.004404578189293331 0.006735468106985058 0.004533179012338392 0.00594778806583406 0.00520833333332496 0.007957175925913135 0.011027520576113961 0.03173225308636874 0.03806584362133798 0.7093942901223165
0.03151760520177706 0.03452337136543427 0.007900871058756103 0.004122193595872749 0.003386087596609758 0.003668261562993905 0.0030425714636203626 0.005422647527904033 0.004723346828604192 0.008722856091266442 0.006956201693035264 0.011900380321418352 0.010366826156287121 0.03220463746775585 0.010342289289645023 0.01958041958039556 0.009201324990787386 0.01932278248065351 0.008722856091266442 0.015728131517585904 0.008367071524955997 0.018844313581132567 0.014501288185480922 0.03830204882831763 0.07278861489378875 0.595841001103428
0.041653333333288904 0.04121599999995604 0.011903999999987301 0.005589333333327371 0.003957333333329112 0.0034453333333296582 0.003402666666663037 0.004063999999995665 0.004575999999995119 0.00498133333332802 0.006122666666660136 0.01147733333332109 0.031562666666633 0.01478399999998423 0.00647466666665976 0.005333333333327644 0.0032746666666631737 0.004149333333328908 0.0035306666666629007 0.004586666666661774 0.005759999999993856 0.009461333333323241 0.01349333333331894 0.03491199999996276 0.033535999999964226 0.6867519999992675
0.03486206121329148 0.03134534476662597 0.01254134951984369 0.007563349070225835 0.005604265022311712 0.004929826251718326 0.004544432668522105 0.00727430388282867 0.007386710344594234 0.009731187975704578 0.010566207405963056 0.019815653402672356 0.020506150239232253 0.04385457815453664 0.015094582008518652 0.0216302148568879 0.007852394257623001 0.014773420689188467 0.00525098757104851 0.009442142788307411 0.005074348845416909 0.00968301377780505 0.00888011047947959 0.028342486430888745 0.04020939718013905 0.61324148119502
0.04050925925919414 0.032889660493774286 0.014965920781868945 0.008969907407392988 0.007233796296284668 0.006188914609043549 0.005385159465011919 0.007008744855955811 0.007169495884762137 0.008391203703690215 0.009387860082289435 0.014451517489688703 0.02453060699584534 0.0537069187241935 0.010239840534962963 0.00929140946500564 0.005819187242789 0.007217721193404035 0.004629629629622187 0.005915637860072795 0.0050315072016380025 0.007169495884762137 0.010400591563769289 0.02744020061723984 0.0304783950616794 0.6355774176944515
0.03488399621207992 0.031605113636326225 0.013399621212105351 0.010546874999987516 0.00858191287877772 0.007256155303021714 0.007966382575748146 0.009280303030292045 0.010310132575745371 0.012701231060591026 0.016856060606040654 0.018880208333310985 0.019199810606037877 0.016998106060585938 0.010594223484835944 0.010250946969684836 0.0066998106060526755 0.007350852272718571 0.004770359848479202 0.005172821969690847 0.004486268939388629 0.006912878787870605 0.009789299242412654 0.029450757575722714 0.033499053030263376 0.6525568181810457
0.04424402573524328 0.040728400735247326 0.0109719669117521 0.005664062499993493 0.0036879595588192923 0.0027228860294086364 0.002435661764703084 0.0027228860294086364 0.003170955882349298 0.00367647058823107 0.005778952205875714 0.006916360294109701 0.008318014705872796 0.008306525735284575 0.005032169117641277 0.0050436580882295 0.0035156249999959608 0.0040900735294070656 0.002941176470584856 0.003550091911760627 0.003446691176466628 0.005457261029405495 0.009099264705871898 0.03210018382349253 0.03747702205878047 0.7389016544109158
0.02862646566159359 0.029899497487387103 0.011088777219411912 0.006951423785582996 0.0054271356783828694 0.005527638190945515 0.004941373534330082 0.012093802345038368 0.011373534338339408 0.016917922948045363 0.01825795644888064 0.025209380234463636 0.024907872696775697 0.03584589614734364 0.018576214405329017 0.023852596314867917 0.015443886097126559 0.023098827470648075 0.013668341708519818 0.019731993299799442 0.010385259631473392 0.02033500837517532 0.016247906197627726 0.02998324958118931 0.061189279731890804 0.5104187604681567
0.05001488095230652 0.03950892857136978 0.016919642857117678 0.011488095238078143 0.008005952380940467 0.006592261904752095 0.005342261904753955 0.003928571428565583 0.0033779761904711636 0.0032440476190427918 0.0030505952380906983 0.0029910714285669776 0.0035565476190423267 0.006398809523800002 0.0031101190476144195 0.004717261904754885 0.002693452380948373 0.0032291666666618615 0.0029315476190432564 0.004255952380946048 0.004523809523802792 0.006562499999990234 0.011532738095220933 0.03703869047613536 0.04696428571421583 0.7080208333322797
0.0279315268485538 0.02695288058906972 0.01230527345941457 0.008326514896266181 0.008663425903629552 0.008631339141023518 0.00847090532799334 0.015128908568745682 0.014422999791412903 0.019701272240105722 0.021722738284285954 0.034493269801488036 0.043365259662056815 0.044680816928904264 0.022893905119406244 0.019396447995348388 0.013235789574989594 0.012273186696808533 0.007444128924600208 0.008246297989751093 0.007877300219781686 0.01270635799199001 0.013717091014080125 0.024321766055374817 0.028910173108037878 0.534180423865277
0.03613175230562726 0.034498023715378655 0.014703557312237466 0.010202898550713884 0.007662714097488629 0.006229249011851142 0.006092226613959323 0.0060079051383335885 0.00746245059287751 0.008832674571795696 0.00998155467719633 0.013723320158088302 0.016990777338585516 0.014777338603409984 0.008274044795775206 0.007799736495380448 0.004827404479573304 0.005428194993406663 0.004268774703552813 0.0054914361001259645 0.004911725955199039 0.005976284584973938 0.010666666666655424 0.031293807641600745 0.032442687747001375 0.6853227931481578
0.03842100439878297 0.03814607771256627 0.014078537390013197 0.006735703812309 0.004994501466269939 0.004341550586505291 0.003654233870963556 0.004570656158352535 0.004605021994129622 0.00581928152492002 0.007182459677411127 0.01056176686215799 0.015739552785905723 0.014765854105554933 0.009416239002921765 0.008224890029316092 0.006346224340168683 0.005910923753658918 0.0041353555718427705 0.004879948680346316 0.0040437133431038726 0.007125183284449316 0.010905425219928856 0.029634805718441126 0.03221224340172263 0.7035488453071119
0.03596809111441551 0.030638177710807325 0.01211878765058815 0.00825960090360474 0.007906626506014794 0.00681240587348596 0.008600809487941688 0.01081278237950535 0.011930534638540179 0.013883659638537882 0.01610739834335454 0.022037368222865637 0.025002353162621185 0.024002259036116337 0.017460466867449335 0.013966020331308868 0.008153708584327755 0.007412462349388869 0.0054122740963791745 0.00550640060240316 0.005212255271078205 0.006412368222884022 0.008683170180712674 0.026402484939727973 0.03190888554213113 0.629388648342633
0.044013631687172046 0.03756751543203837 0.0159304269547069 0.009934413580230944 0.007957175925913135 0.007040895061717077 0.005674511316863306 0.007105195473239607 0.006333590534969243 0.007089120370358974 0.008584104938257805 0.010882844650188267 0.018631044238653176 0.015078446502033374 0.008937757201631723 0.007346322016449096 0.005320859053489389 0.0060120884773565905 0.004629629629622187 0.0072498713991653 0.0068319187242688525 0.008969907407392988 0.01200810185183255 0.0297389403291703 0.032986111111058085 0.6681455761306132
0.0297587131366849 0.029684241882589092 0.007089663389920927 0.004840631516227523 0.0039767649687161505 0.0030533214179281304 0.0024724456359808272 0.003753351206428726 0.0046023235031209375 0.005764075067015544 0.006940720881729311 0.011245159368467017 0.016562406910907712 0.032246053023484884 0.009323801012795169 0.017128388442035854 0.0073577599046658355 0.02024128686324063 0.006955615132548472 0.017262436699408308 0.009145070002965229 0.02079237414354961 0.01840929401248375 0.032812034554613026 0.1250819183793192 0.5535001489416838
0.04592592592585789 0.04066666666660642 0.013881481481460916 0.007614814814803534 0.004874074074066853 0.004222222222215967 0.0027111111111070944 0.002474074074070409 0.002103703703700587 0.002251851851848516 0.0024592592592556158 0.0023999999999964445 0.003140740740736088 0.005303703703695846 0.0026222222222183375 0.003748148148142595 0.0016296296296272154 0.0038222222222165595 0.0015999999999976296 0.002918518518514195 0.003111111111106502 0.006029629629620697 0.01048888888887335 0.036370370370316485 0.04385185185178689 0.7437777777766759
0.025173611111070644 0.02137988683124135 0.009259259259244375 0.004436728395054596 0.003858024691351823 0.003986625514396883 0.004243827160487005 0.011107896090517124 0.01560892489709425 0.023694701646052446 0.0333879886830739 0.07002314814803559 0.06989454732499052 0.07423482510276132 0.04375643004108192 0.03722993827154509 0.013985339506150357 0.011349022633726611 0.00638181584361114 0.005578060699579511 0.004163451646083842 0.007073045267478342 0.008198302469122624 0.019611625514371765 0.02242476851848247 0.449958204731787
0.036462151759489025 0.03155929252195798 0.011420912756585157 0.006495142961869392 0.005189241202340097 0.004902859237531041 0.004868493401753954 0.0061629398826908875 0.007251191348965301 0.009874450146616254 0.0133797653958791 0.01828262463341014 0.018649193548365733 0.02225760630495984 0.014250366568898632 0.01612903225804604 0.011214717741922637 0.012257148093827601 0.006896077712602071 0.011283449413476811 0.008797653958934204 0.014376374633414617 0.016976722873880846 0.029188049853338997 0.0355571847506924 0.6263173570374057
0.028833333333285277 0.025099999999958166 0.01334999999997775 0.009766666666650388 0.009599999999984 0.009599999999984 0.009516666666650806 0.012733333333312112 0.014999999999975 0.020333333333299446 0.02351666666662747 0.04068333333326553 0.03968333333326719 0.05584999999990692 0.02906666666661822 0.0272999999999545 0.012966666666645055 0.015566666666640722 0.007516666666654139 0.007983333333320028 0.005616666666657305 0.007366666666654389 0.009533333333317445 0.019299999999967832 0.029166666666618057 0.5150499999991416
0.04115485564299061 0.0363517060366977 0.01259842519683386 0.008503937007862856 0.00607611548555633 0.005511811023614814 0.004790026246712874 0.004816272965872945 0.005774278215215519 0.006692913385817989 0.007414698162719928 0.009580052493425749 0.01215223097111266 0.011548556430431038 0.007230971128599434 0.007191601049859328 0.004265091863511463 0.004671916010492556 0.0032152230971086416 0.004225721784771357 0.0038976377952704756 0.0051181102362137555 0.010013123359566911 0.032703412073447895 0.04090551181096994 0.703595800524011
0.029244444444401118 0.028088888888847276 0.015318518518495824 0.010281481481466249 0.009837037037022463 0.010059259259244356 0.010088888888873942 0.013762962962942573 0.01514074074071831 0.01983703703700765 0.020696296296265636 0.028814814814772126 0.031140740740694606 0.038340740740683936 0.021733333333301137 0.023333333333298765 0.014681481481459731 0.016207407407383398 0.009466666666652641 0.009022222222208855 0.006859259259249097 0.009762962962948499 0.011392592592575714 0.02675555555551592 0.03499259259254075 0.5351407407399479
0.04975244341555788 0.04235789609046689 0.015399948559646026 0.007957175925913135 0.0061728395061629165 0.005063657407399267 0.004099151234561312 0.003729423868306762 0.003022119341558928 0.004083076131680679 0.005127957818921798 0.007507073045255422 0.009934413580230944 0.0094200102880507 0.005594135802460143 0.005626286008221408 0.003215020576126519 0.004806455761309146 0.003536522633739171 0.004693930041144718 0.005706661522624571 0.009146733539079946 0.013856738683105297 0.03430426954726996 0.03882137345672772 0.6970646862128712
0.02893518518513867 0.026652520576088842 0.00972543724278272 0.006108539094640386 0.006108539094640386 0.0057709619341471015 0.0048707561728316764 0.006928369341552648 0.00718557098764277 0.010046939300395371 0.009693287037021455 0.01289223251026734 0.013503086419731379 0.02985146604933473 0.010111239711917902 0.015062371399152742 0.00786072530862934 0.01832561728392116 0.007635673868300483 0.014981995884749579 0.009098508230438049 0.015817901234542475 0.012040252057593813 0.028565457818884123 0.1013535236623885 0.5808738425916589
0.032391332304474676 0.02559156378596709 0.01517489711931717 0.011140046296278388 0.010271990740724228 0.011638374485578 0.011799125514384326 0.015287422839481597 0.014773019547301355 0.01776298868309902 0.025109310699548113 0.03997878086413326 0.05417309670773184 0.047292952674821094 0.025752314814773417 0.01797196502054724 0.011718749999981163 0.01083461934154637 0.008648405349780336 0.009628986625498924 0.008600180041138439 0.011445473251010408 0.013165509259238095 0.023244598765394732 0.03128215020571103 0.49532214506093214
0.02107445987650933 0.01795588991766661 0.007523148148136054 0.006510416666656201 0.005047582304518635 0.005658436213982674 0.004967206790115472 0.015062371399152742 0.014805169753062621 0.0240162037036651 0.026057741769505437 0.04766268004107564 0.0428562242797665 0.06902649176943636 0.02967463991764777 0.04253472222215385 0.01945087448556544 0.030687371399127625 0.013422710905328216 0.019306198559639748 0.008744855967064131 0.01695923353906739 0.011638374485578 0.019917052469103785 0.04933449074066144 0.4301054526742057
0.043595679012275595 0.03592785493821385 0.01517489711931717 0.009612911522618292 0.007298096707807198 0.006992669753075179 0.006976594650194547 0.008214377572003256 0.007490997942374789 0.010786394032904472 0.01033629115224676 0.014226466049359846 0.018856095678982034 0.021508487654286413 0.011799125514384326 0.011734825102861795 0.007330246913568463 0.009082433127557417 0.005787037037027734 0.006799768518507588 0.0051118827160411655 0.0079893261316744 0.011284722222204082 0.030317644032873074 0.03411136831270237 0.6416538065833307
0.03665318503529663 0.03296258847312193 0.01205763397368034 0.0072042467138341655 0.00538422649139185 0.0060414560161626855 0.005763397371067332 0.008367037411505645 0.008847320525761255 0.011248736097039311 0.012967644084901498 0.017618806875587416 0.018402426693583412 0.022093023255758105 0.01311931243677169 0.012310414560130661 0.007785642062669905 0.009201213346791706 0.005434782608681914 0.006547017189063329 0.006496461071773265 0.008822042467116223 0.010920121334653893 0.026643073811863895 0.029777553083847882 0.6573306370054163
0.04121436938687775 0.03231159703234613 0.014349863334606892 0.010484185864876056 0.009332292073390605 0.00970324092149609 0.008922295978116121 0.009957048028094578 0.01064037485355205 0.011362748926178518 0.011147989066749027 0.014974619289310865 0.01604841858645832 0.014759859429881374 0.010933229207319537 0.01087465833656604 0.008336587270581147 0.009390862944144101 0.005115189379138783 0.005974228816856747 0.005974228816856747 0.0070675517375887 0.009351815696975104 0.029461147989009253 0.034263959390796045 0.6480476376402811
0.03388270547941579 0.03182791095887005 0.013420376712314405 0.008775684931497458 0.006249999999993311 0.004890839041090656 0.0039811643835573835 0.0046232876712279285 0.005543664383555711 0.00674229452054073 0.008336900684922585 0.013110017123273641 0.019317208904088917 0.014940068493134695 0.006806506849307784 0.006110873287664693 0.0042380136986256015 0.005447345890405129 0.0038634417808177833 0.004387842465748729 0.004505565068488329 0.00684931506848582 0.011879280821905095 0.030639982876679538 0.06897474315061111 0.6706549657527069
0.04102070293686243 0.03662333493815339 0.014957470710937316 0.009388541165126964 0.006644198363012928 0.005777563793924286 0.004975124378101469 0.0072380035307218135 0.008104638099810456 0.010961322420139686 0.011314395763101726 0.016803081367329796 0.02044615631516539 0.01877708233025393 0.008329321136240846 0.009228053281962401 0.0055849783341268095 0.009725565719772547 0.0060664419836205 0.00778366233348133 0.006226929866785064 0.010576151500544735 0.01620927619962091 0.03131118600540634 0.04347616754928025 0.6324506499749118
0.030999999999948333 0.022383333333296028 0.010249999999982917 0.007616666666653972 0.0069833333333216945 0.007749999999987083 0.008599999999985666 0.013533333333310778 0.01303333333331161 0.01593333333330678 0.018833333333301946 0.027849999999953582 0.024099999999959834 0.061833333333230274 0.025116666666624807 0.030383333333282695 0.013799999999976999 0.022199999999963 0.008616666666652305 0.0134999999999775 0.005899999999990167 0.013016666666644972 0.010233333333316278 0.024066666666626556 0.04843333333325261 0.5150333333324749
0.025446887860041397 0.02192644032918286 0.008664480452660968 0.005417309670773185 0.0034882973250972733 0.002732767489707541 0.0028452932098719692 0.011429398148129774 0.009484310699573232 0.0159304269547069 0.0144997427983306 0.023324974279797895 0.024048353909426362 0.08281893004101913 0.01461226851849503 0.03178047839501064 0.009452160493811966 0.03853202160487633 0.009211033950602477 0.024932484567861155 0.0087287808641835 0.02581661522629595 0.013358410493805687 0.024643132716009767 0.11074138374467794 0.4361336162544429
0.03964612954181403 0.035955766192687574 0.01185466034753636 0.0066982622432774745 0.004992101105838873 0.004511848341226525 0.005067930489725032 0.006053712480245114 0.006331753554494368 0.007342812006309835 0.009238546603463838 0.011298578199037854 0.013156398104248776 0.015090047393345858 0.009655608214837718 0.009478672985770011 0.006988941548174422 0.008644549763022251 0.0056998420221097 0.007052132701412888 0.006622432859391314 0.009895734597143891 0.012183254344376388 0.031090047393325635 0.037270142180047684 0.6781800947858727
0.020166150137719347 0.021683453856725977 0.005434314738286163 0.004368973829196401 0.004928546831950619 0.005714101239663273 0.005671057162528333 0.009523502066105454 0.012149190771336789 0.017906336088135 0.020854855371878384 0.0316266356748971 0.03016313705230914 0.03750215220381639 0.024965564738265146 0.02679493801650009 0.017422090220366927 0.019950929752044648 0.011535812672163895 0.013924758953153059 0.010556559917344012 0.014484331955907278 0.012202995867755462 0.021382145316781398 0.03311165633605252 0.5659758092280411
0.017316712716029498 0.020690098310061217 0.00926877851312525 0.006602197519747796 0.004963695945503817 0.004385401272241236 0.003501895521423405 0.009975583113779517 0.01061813275073794 0.013429287412431039 0.020690098310061217 0.04338816423561751 0.07508192507859172 0.1594326286703087 0.039966587418813905 0.03834414958549389 0.012192379361286075 0.02385465527208145 0.007196555933934337 0.011003662532912992 0.005092205872895501 0.010826961382749427 0.008658356358014749 0.013766625971834211 0.023453061748982436 0.40630019918973476
0.05380683346777804 0.04487489911212688 0.011043852569261442 0.004439063761091688 0.0025423728813525124 0.0015603981705655631 0.001425881086896118 0.0011433952111902833 0.0009685230024200046 0.0009281678773191711 0.0010088781275208382 0.0018966908797391757 0.0027845036319575135 0.004317998385789188 0.001533494753831674 0.002932472423993903 0.000981974710786949 0.002300242130747511 0.001398977670162229 0.0031207963411311263 0.00205811138014251 0.003914447134780852 0.008931934355651153 0.03853914447129602 0.046516007532894116 0.7550309389282284
0.034673366834112776 0.03005025125623107 0.013266331658269235 0.009430485762128257 0.006917922948062114 0.006901172529301673 0.007437185929635783 0.00896147403683591 0.009614740368493108 0.011256281407016322 0.012428810720247188 0.01474036850918804 0.019614740368476356 0.02105527638187428 0.009078726968158996 0.01123953098825588 0.007755443886084162 0.012696817420414242 0.007487437185917107 0.008693467336668856 0.006633165829134618 0.012010050251236163 0.01316582914570659 0.027989949748696834 0.0372194304856998 0.6396817420424796
0.037273185483824 0.036529737903179774 0.008845766129021111 0.005204133064509571 0.004284274193542988 0.004296874999994585 0.0034274193548343907 0.0047379032258004815 0.003918850806446675 0.0056955645161218555 0.0052671370967675565 0.009009576612891873 0.011252520161276144 0.013923891129014713 0.005519153225799497 0.009085181451601455 0.004952116935477631 0.011895161290307592 0.00470010080644569 0.011239919354824546 0.00690524193547517 0.012247983870952309 0.012878024193532159 0.033782762096731624 0.09332157258052756 0.639805947579839
0.03529829545450367 0.032350852272688975 0.01107954545453234 0.007836174242414966 0.007421874999991214 0.007587594696960715 0.006001420454538351 0.007883522727263396 0.007978219696960253 0.009446022727261546 0.011434659090895555 0.0133167613636206 0.014973958333315609 0.016512784090889545 0.01107954545453234 0.012464488636348883 0.00866477272726247 0.01057054924241173 0.007765151515142323 0.008522727272717185 0.007682291666657573 0.011493844696956091 0.013707386363620138 0.029415246212086393 0.034824810606019385 0.654687499999225
0.04419259259252712 0.0405037037036437 0.017733333333307063 0.010948148148131928 0.007511111111099983 0.006014814814805904 0.004799999999992889 0.0053481481481402245 0.005866666666657975 0.006429629629620104 0.007525925925914776 0.010118518518503528 0.014074074074053224 0.012888888888869795 0.007837037037025426 0.007940740740728976 0.0044888888888822386 0.006192592592583418 0.0038370370370313526 0.005525925925917739 0.007214814814804126 0.008592592592579863 0.013511111111091094 0.03271111111106265 0.032340740740692826 0.6758518518508506
0.036285400390569635 0.03425598144526023 0.013732910156229045 0.007568359374988452 0.005844116210928583 0.0057830810546786755 0.005828857421866106 0.006317138671865361 0.00715637207030158 0.009170532226548506 0.011825561523419455 0.01835632324215949 0.023468017578089192 0.02062988281246852 0.015563964843726252 0.012207031249981374 0.00808715820311266 0.007797241210925602 0.005264282226554467 0.006149291992178117 0.005477905273429141 0.007736206054675695 0.012069702148419082 0.027572631835895426 0.02787780761714496 0.6579742431630585
0.027727411305935836 0.0268769756582422 0.006434428202361267 0.003915213170514088 0.002920363922268705 0.0024871231206134575 0.0026475826767820678 0.008392034787618312 0.008295759053917145 0.012772580671021369 0.014264854543389443 0.03063172927258768 0.03347186341677208 0.10964201473001133 0.03233260056797495 0.041607162914520615 0.013334189117611504 0.022175510662501924 0.006546749891679295 0.010028722260538135 0.0038510293480466438 0.0068355770927827925 0.008167391408982257 0.02227178639620309 0.03308676048196742 0.5092825853235518
0.0332309954163785 0.03389042635990455 0.011015739859886043 0.007242930035450096 0.006183516388473814 0.006356481881857696 0.00596730952174396 0.0069402404220283015 0.007069964542066214 0.009383378016075647 0.010031998616265208 0.014161549770805412 0.019469428349023318 0.017231687278369334 0.010626567499772305 0.0118157052667865 0.007707774798919281 0.0104860330363979 0.007513188618862413 0.008799619475905043 0.00774020582892876 0.012734584450388378 0.015415549597838562 0.034712012453478 0.04447375248633089 0.6397993600269828
0.01872893596530456 0.018215374739177958 0.005873856523823023 0.0034344406997216586 0.0021826352110380634 0.002760391590430492 0.0026961964371646665 0.008618199325937059 0.008586101749304147 0.010832932113608036 0.011186005456570076 0.020767132081494517 0.023367035788760444 0.08131921039948432 0.020735034504861603 0.03792328679178635 0.011972396084076437 0.028727331086456864 0.009179906917013031 0.019499277804494463 0.006339271385000258 0.018937570213418492 0.009468785106709246 0.01977210720587422 0.05897929706297708 0.539897287753908
0.037085262345619395 0.037889017489651025 0.011622299382697366 0.008584104938257805 0.007635673868300483 0.0076517489711811154 0.007217721193404035 0.00842335390945148 0.007523148148136054 0.008568029835377173 0.010706018518501309 0.014933770576107681 0.02062435699585162 0.025366512345638234 0.010255915637843597 0.013294110082283156 0.006864068930030118 0.013422710905328216 0.005963863168714693 0.009371784979408803 0.0076517489711811154 0.013326260288044421 0.01430684156376301 0.0289994855966612 0.03825874485590558 0.6244534465010538
0.02664126984123601 0.021650793650766158 0.011657142857128055 0.010450793650780379 0.011022222222208226 0.011987301587286366 0.014768253968235215 0.01771428571426322 0.01866666666664296 0.022793650793621847 0.027326984126949425 0.0329650793650375 0.03784126984122179 0.03813333333328491 0.02339047619044649 0.024888888888857284 0.016355555555534786 0.01911111111108684 0.014755555555536818 0.017092063492041787 0.01282539682538054 0.0181587301587071 0.01719365079362896 0.02360634920631923 0.0566984126983407 0.45230476190418756
0.03534366792640551 0.032989558644492684 0.012138876433264783 0.00826340400997972 0.0049804624943870016 0.004612132470686356 0.005637050797505545 0.007590801358004627 0.006661969124324736 0.008055217474844572 0.008759848824532766 0.01247517775925233 0.020914739606654097 0.021010825699793397 0.008807891871102416 0.009064121452807213 0.004403945935551208 0.007606815706861177 0.0035551854461540657 0.005701108192931745 0.004628146819542905 0.007398629171726029 0.00925629363908581 0.0311318941771329 0.038738709883994076 0.6802735250773809
0.03579727564095393 0.03455528846146924 0.011438301282028369 0.008433493589726695 0.007271634615370049 0.006270032051269491 0.005528846153835078 0.0065104166666536244 0.0071714743589599925 0.010657051282029933 0.010997596153824124 0.016426282051249144 0.021654647435854057 0.02642227564097271 0.012339743589718871 0.01388221153843373 0.007051282051267926 0.011498397435874401 0.0053886217948610005 0.00801282051280446 0.006270032051269491 0.01161858974356647 0.013641826923049596 0.024959935897385897 0.0316105769230136 0.6445913461525549
0.028352835283482782 0.029510093866482078 0.012954866915242133 0.011331490291868118 0.009209849556369406 0.009209849556369406 0.007265012215495588 0.009965282242493947 0.010254596888243771 0.012569114054242367 0.014305001928741313 0.019978783592612865 0.027308087951608415 0.02438279542236019 0.009740259740244084 0.010463546354618646 0.006252410955371203 0.008599074193119777 0.004741545583122121 0.006204191847746232 0.004162916291622472 0.008004371865745138 0.011749389224617865 0.03253182461098024 0.030169088337356677 0.6407837212282358
0.03436583577708673 0.037034915689107134 0.00903821480937381 0.004902859237531041 0.004536290322575449 0.004055168621696234 0.0038718841642184387 0.004902859237531041 0.006140029325506163 0.008706011730195305 0.01026392961875657 0.01587701612901407 0.01720582844572809 0.02129536290320141 0.012520619501451932 0.01265808284456028 0.008041605571838296 0.009095491202335621 0.005235062316709545 0.006964809384156245 0.005739094574773484 0.00903821480937381 0.011982221407610908 0.03158220307914271 0.036404875366527215 0.668541513928853
0.04326412361171211 0.03281828424266406 0.014147754707847822 0.010075647835168074 0.008385643006585569 0.009109930790263785 0.00854659584740295 0.011025269595990624 0.01070336391435586 0.013053275390289628 0.01694833413807026 0.02385321100913592 0.02684693384833921 0.03700305810391598 0.01744728794460414 0.01303718010620789 0.007049734427801304 0.006599066473512636 0.003846772895535415 0.005021728633502299 0.004200869145333653 0.005971350394324849 0.01010783840333155 0.02972798969897034 0.03293095123123623 0.5982778046022883
0.04598639455776056 0.04434013605436144 0.015972789115624525 0.008829931972777103 0.006394557823120551 0.0050068027210816235 0.003727891156457513 0.004476190476184386 0.004299319727885307 0.004163265306116785 0.004272108843531602 0.004965986394551067 0.007197278911554834 0.0059999999999918365 0.0029523809523769357 0.004163265306116785 0.0026122448979556297 0.004530612244891795 0.003482993197274173 0.004789115646251988 0.0050068027210816235 0.007564625850329844 0.012176870748282753 0.03580952380947509 0.04506122448973461 0.7062176870738691
0.03061995967738428 0.02761867668618537 0.009759897360692632 0.005303793988263719 0.0039749816715496985 0.0035282258064475713 0.003585502199409382 0.004456103372428913 0.00469666422286852 0.006048387096767265 0.007629215542513255 0.00929023093840578 0.011867668621687285 0.02726356304982214 0.008522727272717509 0.013127749266847132 0.005991110703805454 0.017938966275639276 0.004753940615830331 0.013311033724324928 0.006815890762455535 0.019657258064493612 0.013196480938401305 0.028764204545421595 0.12450742302038523 0.5877703445741067
0.05021666666658297 0.043299999999927834 0.01078333333331536 0.004899999999991834 0.003016666666661639 0.0024833333333291944 0.0017166666666638055 0.002049999999996583 0.0017499999999970833 0.0015666666666640555 0.0014666666666642222 0.0023666666666627223 0.0031166666666614723 0.005483333333324195 0.0025999999999956665 0.0036333333333272775 0.0017666666666637221 0.0033833333333276945 0.0019999999999966668 0.003083333333328194 0.0030333333333282778 0.0043333333333261115 0.007833333333320277 0.034399999999942664 0.04018333333326636 0.7595333333320674
0.04302094039047562 0.03348214285708909 0.016203108941392274 0.012605986639239777 0.010004496402861631 0.009073098663911433 0.008671634121260484 0.007884763617664626 0.007724177800604246 0.007900822199370662 0.009073098663911433 0.012605986639239777 0.014051258992783191 0.014950539568321316 0.008575282631024255 0.008832219938320863 0.006150436793412528 0.007643884892074056 0.005781089414173656 0.007595709146955942 0.006792780061654046 0.00815775950666727 0.014452723535434139 0.029210560123283 0.04361510791359902 0.6459403905436698
