0.04135033444814325 0.022215719063535862 0.02022157190634606 0.01959030100333629 0.016429765886280756 0.01391722408026174 0.013469899665546209 0.014301839464876964 0.01571488294313724 0.017938963210694842 0.021973244147148005 0.0372784280936299 0.053557692307669914 0.042345317725734806 0.022855351170559007 0.016868729096982914 0.013921404682268428 0.013733277591967503 0.012102842809359488 0.013348662207352278 0.013352842809358965 0.01586956521738467 0.020936454849489576 0.023018394648819808 0.03643812709028577 0.44724916387941166
0.041345755693496175 0.03354037267073801 0.010724637681137216 0.005279503105579131 0.0025465838509264047 0.00289855072463168 0.0016977225672842697 0.004057971014484352 0.00289855072463168 0.004720496894400164 0.003602484472042231 0.005424430641810716 0.005134575569347547 0.034927536231811745 0.0037888198757685533 0.014761904761874198 0.0037060041407790765 0.024575569358127172 0.003043478260863264 0.015341614906800534 0.00507246376810544 0.021884057970969185 0.01712215320907428 0.038571428571348716 0.06233954451332849 0.6309937888185694
0.02496027901568496 0.020964929277263723 0.0024840147258273653 0.0017477233094354784 0.0008254214299551151 0.000941677969385413 0.0009920558031385421 0.002100368145707382 0.001391203255182565 0.002941290447586537 0.002375508622359087 0.005301298198021585 0.007913195117222277 0.02497190466962799 0.005824452625457925 0.011552024801390602 0.004545630691724648 0.012427824065098845 0.003727959697731553 0.0061964735516348785 0.003972098430535178 0.01221856229412431 0.009021507459791118 0.027773687269898168 0.38946715752746 0.41336175159836724
0.04019186356367376 0.03168946526913068 0.02058980280688556 0.013334517676314325 0.009646473618756566 0.00794812577722226 0.0066015278024492445 0.0064629596731190396 0.006921300408595871 0.008900337537747771 0.010641321726768292 0.015846509149043935 0.018944750399709026 0.016400781666364755 0.010438799076208762 0.009635814531885011 0.007397406288858626 0.007404512346772995 0.00618582341445863 0.006836027713623437 0.007877065198078565 0.011867116716997026 0.018113341623727797 0.03258482856634124 0.042909930715920086 0.6246295967309914
0.0490069284064491 0.029209451057015737 0.023847930360623965 0.019040682181553015 0.015935334872973553 0.013291881328828107 0.011291526025933099 0.010438799076208762 0.010371291526022251 0.010818973174627529 0.012378752886831629 0.014528335405928397 0.015320660863380593 0.014912062533304349 0.011671700124351866 0.010680405045297324 0.00843489074435657 0.009635814531885011 0.00967134482145686 0.011611298632079726 0.012957896606852742 0.01624800142120581 0.02142121158286679 0.028097352993416914 0.047614141055232685 0.5615633327409623
0.0296736099721077 0.027754633426266113 0.014039691651627344 0.009525996391664909 0.006990323109723802 0.005953747744790568 0.0054945054945036926 0.006248974905689274 0.0069509594882706405 0.009332458586186868 0.012540593734619472 0.02297523372149484 0.03262588158109476 0.03137936690174467 0.015794653108080762 0.011615548630470193 0.007938330326387424 0.008368049860584429 0.006527800557649162 0.0073642775135288295 0.008384451369523246 0.011841889453825867 0.018441856650805825 0.03471543381990004 0.04605543710019811 0.6014662948989334
0.041999529522458716 0.02591860738649323 0.02210146632164634 0.019540500274442166 0.017137928330586194 0.014533051046810236 0.012786011134632983 0.012596251862304933 0.01330980945659636 0.014583235317177983 0.01766172665254957 0.022440210146628645 0.027569983533281963 0.022981259311530937 0.016678428605031492 0.014736924645179214 0.012095977417076437 0.01304634203716568 0.012749941190306164 0.014082960871949489 0.014942366501997185 0.017453148278833614 0.02004077471967066 0.024532266917584172 0.045070179565585344 0.5094111189523235
0.03920289855071111 0.03123188405796024 0.016349206349200708 0.01251552795030624 0.009706694271908314 0.008664596273288935 0.007612146307795855 0.007370600414076132 0.007684610075911772 0.008516218081432533 0.010514147688057104 0.015072463768110741 0.018612836438916973 0.016473429951685138 0.00953416149067994 0.008806073153896202 0.005873015873013847 0.006849551414766442 0.005231193926844296 0.0066977225672854735 0.006387163561074401 0.011321601104205893 0.017995169082119393 0.035089717046226675 0.053664596273273406 0.6230227743269071
0.04431337715400806 0.03642565286905794 0.019602060756788203 0.011661041037480313 0.008392254396870353 0.006335050630660389 0.005500088825721975 0.005045301119202329 0.005400604014920803 0.005681293302538397 0.0063812400071037905 0.008672943684487948 0.0101971931071202 0.009077988985607008 0.005745247823767723 0.006672588381592939 0.004789483034285028 0.005677740273581212 0.005297566175162445 0.006750755018651003 0.0076034819683753405 0.011124533664945417 0.01746313732456299 0.033728903890554725 0.047148694261841484 0.6653117782907567
0.04846686800495702 0.02895007994314125 0.02158820394385447 0.018447326345703164 0.015885592467572967 0.014055782554622826 0.0128513057381372 0.011728548587666822 0.011792503108896148 0.012407177118489108 0.013608100906017549 0.016557114940480882 0.01750932670100639 0.015516077456025753 0.010701723219040433 0.011106768520159493 0.009593178184398794 0.009813465979744248 0.009301829809909646 0.010275359744178264 0.01256706342156242 0.015928228815059182 0.021314620714151248 0.029074435956642716 0.04539349795699222 0.5555658198612344
0.04267806267804748 0.03434116809115586 0.019362535612528715 0.014006410256405269 0.01055911680911305 0.009106125356122112 0.007927350427347605 0.007357549857547237 0.00726851851851593 0.007948717948715118 0.009259259259255961 0.011762820512816324 0.012920227920223319 0.012856125356120778 0.008999287749284544 0.008226495726492797 0.0062927350427328015 0.00695868945868698 0.005559116809114829 0.006712962962960573 0.006745014245011843 0.009715099715096256 0.014999999999994658 0.034850427350414936 0.044768518518502574 0.6388176638174363
0.032774327122085355 0.027204968944043055 0.01109730848858986 0.0073498964803160455 0.004554865424421212 0.004616977225663319 0.0039544513457475065 0.0058385093167580985 0.004989648033115963 0.007287784679073938 0.005383022774315977 0.007908902691495013 0.0067080745341476025 0.046915113871538475 0.007101449275347616 0.017950310558969045 0.0065838509316633875 0.0328778467908222 0.006645962732905495 0.0195238095237691 0.007267080745326569 0.019875776397474378 0.01136645962730566 0.03142857142850636 0.11683229813640407 0.5459627329181242
0.03670989518563272 0.029230769230758846 0.024519452833531883 0.018809735299336005 0.013057381417653915 0.010012435601346594 0.008424231657485015 0.008449102860185308 0.009735299342686184 0.011717889500795269 0.015906910641316076 0.023503286551777046 0.02969976905310723 0.023965180316211063 0.01460650204298646 0.010957541303957733 0.007766921300405839 0.007898383371821674 0.006825368626751883 0.008982057203763018 0.009497246402554806 0.013995381062350685 0.022540415704379983 0.03427251732100399 0.04343222597262625 0.5554841001952192
0.03459627329185384 0.028364389233895726 0.018985507246337505 0.014120082815705755 0.009503105590042436 0.007908902691495013 0.009151138716337161 0.010559006211158262 0.009440993788800329 0.011076604554842492 0.01209109730846358 0.01472049689437946 0.013188405797074143 0.03989648033118034 0.011035196687347752 0.015797101449242654 0.010476190476168787 0.024223602484421895 0.00869565217389504 0.014637681159389983 0.010207039337452987 0.01886128364385329 0.014679089026884723 0.028426501035137833 0.041242236024759335 0.5681159420278092
0.03072596694643407 0.025807735571510632 0.0120723371117051 0.010042398546333816 0.009320757982173692 0.008921000259581393 0.009028294540104 0.011482218568830756 0.01475815523059362 0.020197283031925205 0.02840875659772806 0.04032015228864925 0.049583802024738326 0.04273254304749628 0.02932768019381685 0.02090507917279209 0.015443454183608991 0.012807822099158466 0.01016180669723801 0.009736090680970887 0.009102708315305165 0.009831271091111909 0.012622652937611382 0.023083845288565705 0.03061867266591146 0.5029575149259318
0.04234999999998371 0.030873076923065047 0.020419230769222915 0.014134615384609948 0.011192307692303387 0.009742307692303945 0.00812692307691995 0.007823076923073914 0.008299999999996808 0.009753846153842402 0.012830769230764295 0.016057692307686132 0.01976153846153086 0.016665384615378205 0.010053846153842286 0.008080769230766123 0.0056846153846131986 0.005988461538459235 0.005803846153843922 0.006649999999997443 0.0077846153846123905 0.011434615384610986 0.01756538461537786 0.02996538461537309 0.05815384615382379 0.6048038461536135
0.04341090779888314 0.03894119737074474 0.01548410019541109 0.00863030733700173 0.005528513057379453 0.004586960383725498 0.003993604547875646 0.003496180493869783 0.003862142476459811 0.004082430271805265 0.004498134659795879 0.006018831053470947 0.007283709362228714 0.006772073192394112 0.0037626576656586384 0.003965180316218168 0.0026043702256164135 0.0034322259726404574 0.0027358322970322487 0.003204832119380634 0.0034322259726404574 0.005869603837269188 0.012719843666721364 0.03761236454075764 0.040675075501850885 0.7233966956828128
0.005621301775146598 0.005155029585797596 0.003417751479289132 0.0026650887573958187 0.001869822485206658 0.0015621301775144232 0.0014579881656801284 0.0018745562130173079 0.002378698224851508 0.003398816568046533 0.004449704142010781 0.008527810650885556 0.015917159763309843 0.02793136094673895 0.008440236686388535 0.008901775147926887 0.004688757396448594 0.009263905325441595 0.0035431952662713507 0.004889940828401209 0.003088757396448973 0.0072615384615367425 0.029514792899401298 0.12831715976328323 0.39761420118333785 0.3082485207099862
0.04404334695326202 0.02681826256883041 0.022135370403260923 0.01829454610054422 0.01372179783264746 0.011227571504703774 0.010779889856098497 0.010758571682355389 0.011312844199676209 0.013245691952384706 0.016120092378747158 0.01871380351749202 0.02260792325456649 0.019776159175690255 0.015370403268781179 0.014375555160769453 0.012208207496886761 0.012396518031617553 0.010769230769226944 0.011291526025933099 0.012329010481431044 0.015832297033215197 0.019815242494219287 0.026637058092013985 0.044142831764063195 0.5452762480012274
0.02819875776391677 0.025942028985453537 0.010455486542421417 0.005010351966863332 0.004057971014484352 0.003933747412000137 0.004761904761894903 0.008281573498947658 0.008322981366442396 0.012028985507221472 0.013002070393347822 0.019999999999958593 0.01712215320907428 0.052795031055791315 0.012650103519642545 0.024327122153158742 0.009627329192526651 0.0328778467908222 0.008281573498947658 0.01977225672873753 0.008550724637663456 0.02246376811589552 0.01619047619044267 0.034016563146927505 0.1506832298133526 0.44664596273199453
0.033954451345685394 0.02919254658379049 0.016314699792926886 0.010103519668716142 0.00652173913042128 0.007763975155263428 0.0055693581780423 0.006811594202884448 0.006190476190463374 0.008053830227726596 0.008095238095221335 0.01182194616974778 0.011532091097284612 0.05523809523798087 0.012422360248421485 0.019751552794990163 0.0089233954451161 0.03204968944092743 0.008571428571410826 0.01645962732915847 0.009047619047600316 0.02118012422355863 0.020103519668695436 0.03521739130427491 0.04902691511377013 0.5500828157338508
0.04712602291324153 0.03393453355154372 0.018592471358422718 0.01245171849426761 0.008461538461535691 0.006274959083467668 0.005080196399343672 0.004723404255317603 0.005410801963991682 0.00621931260228929 0.008104746317509622 0.010877250409161742 0.012831423895249482 0.01287397708673883 0.008487725040913751 0.006932896890341429 0.004549918166937954 0.004880523731585964 0.004104746317510931 0.005371522094924592 0.006684124386249858 0.01062847790507017 0.01773486088379125 0.033070376432067734 0.04220949263501073 0.6623829787231874
0.03906832298128557 0.030828157349832654 0.011221532091074075 0.006935817805368663 0.004679089026905427 0.004202898550715936 0.003726708074526446 0.005817805383010729 0.004389233954442258 0.006149068322968635 0.004886128364379118 0.006687370600400233 0.006666666666652864 0.05128364389223337 0.007412008281558153 0.01782608695648483 0.006149068322968635 0.02993788819869578 0.0065838509316633875 0.016066252587958456 0.006149068322968635 0.017701863354000615 0.015258799171811058 0.03666666666659075 0.05260869565206499 0.6010973084873683
0.04486764967132888 0.03308580564930429 0.021527802451582333 0.012904601172494971 0.009355125244267418 0.00761769408420408 0.006594421744534875 0.006256883993602325 0.006327944572746019 0.006622845976192353 0.0073263457097149315 0.00903535263812079 0.011039260969972983 0.0104530111920375 0.006892876176938393 0.0063990051518897145 0.004899626931957755 0.005688399360452767 0.00496358145318708 0.006303073370045726 0.00793391366139352 0.01208740451234248 0.019499022917029846 0.032559957363640944 0.04278557470241862 0.6569728193282441
0.030828157349832654 0.023706004140737667 0.010248447204947726 0.0059627329192423134 0.005134575569347547 0.0044513457556843656 0.004989648033115963 0.008592132505158194 0.007660455486526583 0.009937888198737189 0.010103519668716142 0.014099378881958386 0.0159006211179795 0.06113871635598108 0.014120082815705755 0.02389233954446399 0.010910973084863539 0.036853002070317074 0.010952380952358277 0.019296066252548042 0.008819875776379256 0.022650103519621843 0.014844720496863676 0.02900621118006417 0.08256728778450814 0.5133333333322705
0.04530226953201635 0.03772243422372455 0.01609560152640446 0.009515967061655145 0.006085559349264477 0.004587266519379559 0.0038762803775843034 0.003627234384413084 0.0034304077123906685 0.0038361116690083003 0.004619401486240362 0.006431010243018104 0.00930708977705993 0.007439244828275782 0.004522996585657954 0.004290018075917136 0.0032737497489442563 0.004358304880496341 0.0035549307089762783 0.0046274352279555625 0.004864430608553981 0.007342839927693375 0.012749548102023398 0.03562964450691479 0.042695320345433746 0.7102149025905964
0.037101449275285504 0.029834368529958934 0.010062111801221404 0.005631469979284407 0.0032298136645895863 0.0029192546583790492 0.002318840579705344 0.003892339544505399 0.002753623188400096 0.004865424430631748 0.004057971014484352 0.005942028985494944 0.007184265010337093 0.04211180124214883 0.004968944099368594 0.0159006211179795 0.002753623188400096 0.02271221532086395 0.0036645962732843383 0.01695652173909533 0.005527950310547561 0.021097308488569156 0.015362318840547904 0.03573498964795914 0.056128364389117745 0.6372877846777696
0.04056970220110268 0.037164916318977045 0.00953340046995179 0.005922409245669245 0.003980242650935606 0.0033520356783180586 0.0031937850668953176 0.003903515081760944 0.004229607250753259 0.005960773030256577 0.007787848271228222 0.013182755478821664 0.01530235457727171 0.018007001390678557 0.008233827267055948 0.009825924327430189 0.004570085838965823 0.0057209993765857566 0.003793219201072367 0.0050688150386011275 0.005303793219198531 0.007854984894256052 0.009653287296787199 0.027991176329531485 0.05559871481318966 0.6842948256842256
0.0389855072462961 0.03151138716349584 0.008364389233937133 0.0059627329192423134 0.004265010351958043 0.004037267080736983 0.0038302277432632915 0.0038716356107580297 0.002712215320905358 0.003975155279494875 0.003043478260863264 0.0054658385093054535 0.006604554865410756 0.01496894409934789 0.0035403726708001233 0.003043478260863264 0.002049689440989545 0.0021325051759790215 0.0016356107660421622 0.0026501035196632504 0.0029606625258737874 0.006066252587979159 0.011283643892316182 0.03364389233947486 0.040931677018548794 0.7524637681143841
0.03679089026907496 0.03364389233947486 0.01354037267077942 0.008115942028968703 0.0036853002070317076 0.0025465838509264047 0.0015527950310526856 0.0035817805382948615 0.0019254658385053302 0.0045755693581685805 0.0035403726708001233 0.006397515527937065 0.006873706004126555 0.038757763975075035 0.004886128364379118 0.01691511387160059 0.004389233954442258 0.025445134575516677 0.003498964803305385 0.01931677018629541 0.005672877846779145 0.023706004140737667 0.013788819875747848 0.03256728778461166 0.05763975155267569 0.6266459627316219
0.03451587426945679 0.03037118938555351 0.018666877270567473 0.012768914863366681 0.009015953245929863 0.006848839045962139 0.006270731322064044 0.006757226346546594 0.007404833359656482 0.00938556310219258 0.012614120991940416 0.02461538461537684 0.043165376717724475 0.032952140262191454 0.011849628810610694 0.009252882640970067 0.0063370715526753 0.006634023061125688 0.005841099352391141 0.007041541620594838 0.008333596588214079 0.012032854209441784 0.01969041225714115 0.029360290633381973 0.03901753277522065 0.5892560416993874
0.04568484633148137 0.03832297033219459 0.015590691064126633 0.010239829454606417 0.006640611120978276 0.004732634570970072 0.003862142476459811 0.003965180316218168 0.004245869603835763 0.004725528513055703 0.005606679694437518 0.0064629596731190396 0.007173565464555987 0.007681648605433405 0.004590513412682682 0.004924498134658048 0.003467756262212305 0.003837271273759518 0.003219044235209373 0.004178362053649252 0.004519452833538987 0.008068928761766542 0.01555871380351197 0.03602771362585325 0.04438799076210894 0.702284597619221
0.034368530020632775 0.024285714285664003 0.01256728778465307 0.010828157349874062 0.009213250517579269 0.007619047619031844 0.009565217391284544 0.011304347826063552 0.010559006211158262 0.012608695652147808 0.01327122153206362 0.021946169772211293 0.02178053830223234 0.0652173913042128 0.01763975155275851 0.026107660455432488 0.012236024844695163 0.03614906832290652 0.011304347826063552 0.02126293995854811 0.012215320910947795 0.02513457556930614 0.01741200828153745 0.029151138716295752 0.05451345755682295 0.47173913043380594
0.04727834414579942 0.03095149830088633 0.015875810936046994 0.01337040469570177 0.011510658016678558 0.009959839357426642 0.008659252394189479 0.008538770466478673 0.008168056842753114 0.008470806302128986 0.009369786839663463 0.011519925857271697 0.012746370095763748 0.012907012666044822 0.009156626506021268 0.009113376583253285 0.007513129440837963 0.007911646586342937 0.007649057769537334 0.008656163113991765 0.010046339202962605 0.013657707754089077 0.019141180105029614 0.03379054680258456 0.049221501390160884 0.614816187828046
0.050062111801138585 0.043747412008190996 0.011966873705979365 0.006169772256716005 0.00314699792960011 0.0028157349896422035 0.002049689440989545 0.0020703933747369145 0.0016563146997895313 0.0028571428571369417 0.0014078674948211018 0.0017598343685263772 0.002153209109726391 0.002753623188400096 0.001469979296063209 0.0025672877846737736 0.0012422360248421486 0.0022153209109684983 0.0019668737060000684 0.0029606625258737874 0.0026501035196632504 0.00674948240164234 0.009337474120063484 0.037846790890190794 0.041594202898464605 0.7547826086940894
0.030208333333320746 0.024724999999989696 0.01594583333332669 0.013137499999994527 0.011637499999995152 0.011654166666661811 0.01193333333332836 0.014849999999993813 0.017862499999992558 0.02355833333332352 0.0331124999999862 0.043624999999981824 0.047699999999980126 0.04102083333331624 0.029370833333321095 0.022049999999990813 0.015058333333327059 0.013416666666661076 0.010933333333328778 0.010983333333328757 0.011091666666662045 0.014170833333327429 0.016316666666659867 0.021812499999990912 0.03066666666665389 0.4631583333331403
0.03537829726740314 0.02389511925445462 0.015214026220181578 0.012939504027795628 0.011173590270095981 0.010664981835409678 0.010071078818508902 0.011347338493125463 0.013296477649656201 0.016597693887216363 0.0207202653609159 0.027692307692298943 0.032863686621376446 0.030364871268352436 0.019655662612535253 0.01583636076448718 0.012727847101559712 0.011928605275624095 0.01059864160479842 0.012137103143259474 0.013065866371817069 0.015747907123672168 0.018619491391559433 0.025161901753269576 0.04334860211655557 0.5289527720737549
0.03464190981431048 0.02774156877604102 0.019920424403175475 0.015820386510035686 0.012247063281541399 0.011030693444482369 0.010591133004922095 0.011379310344823274 0.012159909056456173 0.014096248579001857 0.01705191360363128 0.023118605532389876 0.031068586585816193 0.026066691928751017 0.01707843880257026 0.014035619552855613 0.01037893141341024 0.010037893141337614 0.008995831754449036 0.009829480863959898 0.01174308450170074 0.01452065176202557 0.020037893141333824 0.02504357711253314 0.053918150814682105 0.5374460022733848
0.035672877846717035 0.02699792960656936 0.013395445134547835 0.008074534161473966 0.004865424430631748 0.004596273291915949 0.0045755693581685805 0.006438923395431804 0.006438923395431804 0.007639751552779214 0.007184265010337093 0.007701863354021321 0.008260869565200288 0.04376811594193837 0.00629399585920022 0.017929606625221677 0.006231884057958112 0.02919254658379049 0.006625258799158125 0.017701863354000615 0.00844720496892661 0.023271221532042915 0.017950310558969045 0.03432712215313804 0.12670807453389915 0.5197101449264602
0.02805383022768519 0.023105590062063964 0.010455486542421417 0.008467908902673979 0.0059627329192423134 0.006376811594189696 0.006977225672863401 0.009006211180105576 0.0089233954451161 0.010372670807431941 0.009875776397495081 0.013209109730821513 0.016687370600379527 0.0546169772255598 0.011925465838484627 0.020579710144884928 0.008240165631452918 0.03490683229806438 0.009855072463747712 0.02277432712210606 0.010372670807431941 0.024513457556885065 0.015031055900589998 0.02755693581774833 0.11449275362295136 0.4876604554855328
0.024720496894358755 0.018674948240126967 0.011904761904737257 0.010559006211158262 0.008571428571410826 0.008095238095221335 0.007101449275347616 0.010703933747389847 0.012836438923368868 0.017515527950274296 0.018902691511348026 0.02708074534155884 0.027971014492695713 0.0674327122151813 0.018840579710105918 0.030372670807390534 0.014844720496863676 0.03939958592124348 0.01207039337471621 0.02267080745336921 0.010331262939937202 0.024575569358127172 0.01351966873703205 0.022401656314653413 0.12331262939933062 0.3955900621109822
0.04624052004332024 0.03705669916936184 0.019469122426861874 0.011430119176593923 0.007977609245211998 0.006171903214154506 0.004904297580352148 0.00432647165041375 0.004463705308774119 0.004915131816538492 0.006049115204042597 0.007912603828093927 0.009794149512455835 0.0085807150595852 0.005319609967495371 0.005503791982663235 0.003893102202959952 0.004467316720836234 0.003867822318525147 0.004738172625494858 0.005937161430117032 0.009144095341275138 0.01734922354640038 0.03678945467676534 0.04363308053447323 0.6800650054168725
0.047311500380783286 0.036552424473197995 0.017100787001768418 0.010347804011165094 0.006671744097483284 0.0047727849708023495 0.003549124143181747 0.0032597105864416048 0.002939832444781447 0.0032647880172616073 0.003610053313021777 0.004265041888802099 0.005214521452142567 0.0051332825590225265 0.0030972328002015245 0.0034932724041617197 0.0026351865955812973 0.002655496318861307 0.0025234831175412423 0.003173394262501562 0.0034120335110416795 0.005615638486922764 0.011043412033505437 0.03258695100277604 0.07490733688749687 0.700863163239045
0.039585921324969804 0.026873706004085146 0.01641821946166373 0.013188405797074143 0.009337474120063484 0.007660455486526583 0.007287784679073938 0.009089026915095054 0.007018633540358139 0.009544513457537174 0.011221532091074075 0.016811594202863742 0.01712215320907428 0.05140786749471758 0.01306418219458993 0.02246376811589552 0.009151138716337161 0.026956521739074625 0.007267080745326569 0.019213250517558563 0.011283643892316182 0.0231469979295587 0.01745341614903219 0.02855072463762205 0.04819875776387537 0.5306832298125659
0.009817751479287618 0.009377514792897189 0.004624852071004822 0.003493491124259528 0.0027360946745555656 0.0024544378698219045 0.0022224852071000656 0.0024023668639047567 0.0025491124260348997 0.00325680473372704 0.005382248520708785 0.010229585798814146 0.017720710059167404 0.01952662721893029 0.007401183431950911 0.008269822485205143 0.003330177514792111 0.00732307692307519 0.0027100591715969917 0.005886390532542985 0.003233136094673791 0.006546745562128628 0.008560946745560103 0.08929230769228656 0.19798106508871055 0.5636710059170263
0.0306625258798537 0.028674948240106263 0.009855072463747712 0.005734989648021252 0.0032919254658316938 0.0038302277432632915 0.003333333333326432 0.0057142857142738835 0.0039544513457475065 0.006728778467894971 0.00554865424429493 0.009565217391284544 0.010020703933726664 0.05672877846779145 0.008592132505158194 0.018737060041369075 0.0058385093167580985 0.03391304347819066 0.006376811594189696 0.01662525879913742 0.006563146997916019 0.019689440993748055 0.01447204968941103 0.036024844720422305 0.04836438923385432 0.6011594202886105
0.03749482401648552 0.03209109730842217 0.009420289855052959 0.004389233954442258 0.00217391304347376 0.002153209109726391 0.001159420289852672 0.0027329192546527267 0.0018219461697684845 0.0035196687370527544 0.0026501035196632504 0.00409937888197909 0.0035610766045474926 0.04372670807444363 0.004782608695642272 0.014575569358147876 0.0036231884057896 0.030124223602422104 0.004016563146989614 0.016521739130400576 0.006107660455473897 0.018964803312590133 0.01159420289852672 0.0359627329191802 0.12287784679063586 0.5798550724625676
0.01138716356105303 0.013706004140758373 0.0027329192546527267 0.0023809523809474515 0.0018426501035158538 0.0018012422360211154 0.0016563146997895313 0.004306418219452782 0.003478260869558016 0.005879917184252836 0.004492753623179104 0.010186335403705619 0.006853002070379186 0.054534161490570325 0.004182194616968567 0.021821946169727078 0.0034161490683159088 0.03681159420282234 0.0020703933747369145 0.01834368530016906 0.0028571428571369417 0.026915113871579886 0.007370600414063415 0.027722567287727283 0.35281573498891755 0.3704347826079287
0.03600414078667494 0.029523809523748397 0.009710144927516129 0.004223602484463305 0.003043478260863264 0.0027329192546527267 0.0018219461697684845 0.003064182194610633 0.002505175983431666 0.0032298136645895863 0.0032298136645895863 0.00554865424429493 0.007039337474105509 0.04103519668728564 0.004492753623179104 0.01571428571425318 0.003043478260863264 0.024202898550674527 0.0032712215320843245 0.014844720496863676 0.004637681159410688 0.02122153209105337 0.014430641821916293 0.03714285714278024 0.04954451345745436 0.6547412008268018
0.04995558713801743 0.02952567063420518 0.025919346242662667 0.01990762124710609 0.014624267187772384 0.011259548765318437 0.009344466157395863 0.009280511636166538 0.009635814531885011 0.010616450524067999 0.012535086160947758 0.016326168058263875 0.019161485166097295 0.0161804938710193 0.01211582874399996 0.009610943329184718 0.007635459228990003 0.009120625333093223 0.008402913483741907 0.009298276780952462 0.012147806004614622 0.018006750755012256 0.02392609699768203 0.02860543613429433 0.046107656777386354 0.560749689109767
0.04099463327368837 0.02995706618961361 0.01974955277280152 0.016254025044716902 0.01329516994632798 0.011545617173520019 0.010257602862250356 0.009567084078708562 0.009924865831839024 0.010322003577813838 0.013198568872982755 0.018189624329152707 0.025030411449007146 0.021645796064392972 0.013277280858671458 0.011474060822893928 0.009119856887295484 0.009903398926651198 0.009463327370300728 0.010397137745971235 0.010193202146686871 0.012318425760281818 0.017162790697668278 0.030493738819309304 0.04387119856885729 0.5723935599282388
0.02910698496904364 0.025725906277621318 0.011568523430588305 0.0068010610079551545 0.004972590627761283 0.004445623342173494 0.004268788682580276 0.00564456233421551 0.005955791335099573 0.0078019451812527665 0.009230769230765967 0.017563218390798385 0.026680813439424692 0.02677630415560503 0.012703801945176762 0.01293722369583981 0.008930150309457496 0.0101998231653368 0.007091069849688031 0.008449160035363943 0.007395225464188366 0.011122900088413396 0.016767462422628908 0.03814323607425707 0.08093722369581575 0.5987798408485946
0.014316742081445608 0.013377211024267647 0.007374742904153455 0.005390374331549915 0.004090497737555888 0.003499794323323159 0.0035178938708344686 0.0038914027149314864 0.0046285479226648085 0.00639078568490228 0.008802961744136766 0.015715343480046776 0.02568490333195793 0.02670835047305196 0.011387906211433749 0.009322912381734378 0.0053722747840386055 0.00799012751953797 0.0038190045248862495 0.00528177704648206 0.005087618264088015 0.01626491155902653 0.010550390785683168 0.06363636363635317 0.1271657754010486 0.5907313862607009
0.030372670807390534 0.02459627329187454 0.007639751552779214 0.004120082815726459 0.0022360248447158672 0.002484472049684297 0.0018012422360211154 0.004409937888189628 0.0024223602484421897 0.004616977225663319 0.0036231884057896 0.00507246376810544 0.004513457556926473 0.04397515527941206 0.002712215320905358 0.01716356107656902 0.003043478260863264 0.030393374741137902 0.002939958592126418 0.015879917184232133 0.004679089026905427 0.019999999999958593 0.009730848861263497 0.02896480331256943 0.18260869565179583 0.5399999999988819
0.02904761904755891 0.025527950310506153 0.012919254658358345 0.008861283643873993 0.00629399585920022 0.005010351966863332 0.004534161490673842 0.004761904761894903 0.00629399585920022 0.008405797101431871 0.011946169772231995 0.018467908902653277 0.019668737060000687 0.0471014492752648 0.0089233954451161 0.018488612836400645 0.003022774327115895 0.025921325051706166 0.0033540372670738013 0.018198757763937475 0.010227743271200357 0.02654244306412724 0.024368530020653482 0.043664596273201524 0.1220496894407411 0.48639751552694327
0.04837466435000841 0.03593113252249694 0.01778234086241738 0.012235033959876091 0.008611593745061251 0.006987837624385725 0.005825304059388461 0.005525193492337537 0.005063970936659275 0.005304059390300014 0.005341968093506447 0.005420944558519848 0.005844258410991678 0.007325856894643081 0.005784236297581493 0.006829884694358922 0.005351445269308055 0.006589796240718183 0.006946769862578756 0.009309745695779716 0.010699731480015575 0.013495498341489972 0.018395198230921374 0.0330090033170011 0.04558205654713455 0.6624324751222043
0.04768914863369209 0.035700521244657814 0.019033328068229653 0.013432317169479251 0.010475438319377516 0.009031748538932544 0.007629126520294542 0.006592955299318719 0.006425525193490309 0.006870952456165891 0.007240562312428608 0.009101247828144338 0.011862265045012838 0.010769230769227367 0.00618543673984957 0.005885326172798646 0.004463749802557427 0.005196651397881789 0.005079766229661956 0.006510819775704783 0.007474332648868275 0.010658663718208606 0.01797504343705008 0.035416205970609564 0.04686779339755272 0.6464318433104892
0.04667258838157873 0.03454610055070721 0.018536152069632782 0.011572215313550694 0.007674542547519036 0.006040149227214056 0.005254929827676228 0.004537217978324911 0.004665127020783562 0.005642209984009365 0.007734944039791176 0.011724995558709638 0.01713270563154481 0.014215668857696139 0.008250133238582964 0.007642565286904373 0.00591579321371259 0.006345709717531943 0.005695505418367136 0.006519808136433995 0.007113163972283847 0.011749866761409931 0.019282288150641577 0.032513767987197545 0.03953455320659459 0.6534872979212458
0.021679109496902462 0.018963545870322344 0.012515133171910728 0.010766411084205884 0.009935768092546083 0.010016478342747845 0.010224979822435731 0.012646287328488591 0.016673392520847343 0.024554412160340235 0.03661891310195779 0.05280299973095695 0.059923997847716584 0.05341168953456191 0.03694343556631071 0.02622746838848093 0.01766209308581893 0.01339117567930902 0.010300645681999883 0.009920634920633253 0.00983656174333975 0.01100854183481117 0.013434893731501642 0.018741592682267497 0.024937785848798605 0.45686205273061997
0.027474120082758853 0.021946169772211293 0.008737060041389778 0.007142857142842354 0.005031055900610702 0.004554865424421212 0.004596273291915949 0.007329192546568677 0.006604554865410756 0.00844720496892661 0.010165631469958249 0.016273291925432146 0.015590062111768964 0.05869565217379152 0.008364389233937133 0.020683229813621775 0.0062111801242107426 0.033188405797032736 0.004368530020694889 0.018737060041369075 0.006418219461684434 0.02517598343680088 0.015072463768084736 0.030724637681095807 0.12095238095213053 0.5075155279492598
0.038509316770106605 0.030993788819811605 0.008819875776379256 0.005113871635600178 0.0033126293995790626 0.003022774327115895 0.0032919254658316938 0.005610766045537037 0.004202898550715936 0.0064596273291791725 0.0055693581780423 0.007888198757747643 0.008012422360231858 0.05194616977214918 0.008405797101431871 0.018260869565179583 0.0073498964803160455 0.031014492753558977 0.007784679089010798 0.0159006211179795 0.00579710144926336 0.01737060041404271 0.012443064182168855 0.034616977225601205 0.04687370600404374 0.6114285714273056
0.031035196687306345 0.025010351966821925 0.007681159420273952 0.003995859213242244 0.0022360248447158672 0.002153209109726391 0.0018219461697684845 0.0037888198757685533 0.002608695652168512 0.0036853002070317076 0.003022774327115895 0.004782608695642272 0.0033540372670738013 0.042670807453327804 0.0026501035196632504 0.016293995859179514 0.002463768115936928 0.02745341614901148 0.001739130434779008 0.016128364389200563 0.0037888198757685533 0.020082815734948068 0.012443064182168855 0.030538302277369485 0.18737060041369075 0.5412008281562294
0.02724637681153779 0.022857142857095534 0.006563146997916019 0.004244306418210674 0.0030848861283580024 0.0024223602484421897 0.002443064182189559 0.005755693581768622 0.005734989648021252 0.008095238095221335 0.008592132505158194 0.01138716356105303 0.011739130434758304 0.061262939958465296 0.010910973084863539 0.02302277432707449 0.005175983436842286 0.03403726708067487 0.0026501035196632504 0.013664596273263635 0.0027950310558948342 0.020372670807411238 0.007784679089010798 0.024265010351916635 0.1902898550720698 0.4836024844710484
0.032712215320843244 0.029171842650043123 0.009834368530000344 0.0053416149068212385 0.00409937888197909 0.004409937888189628 0.004037267080736983 0.005010351966863332 0.0037474120082738147 0.005362318840568608 0.005672877846779145 0.00844720496892661 0.007846790890252905 0.041159420289769856 0.006935817805368663 0.017039337474084804 0.005859213250505467 0.027163561076548316 0.006107660455473897 0.016728778467874267 0.007826086956505536 0.01977225672873753 0.0125465838509057 0.030890269151074762 0.04281573498955939 0.6394616977212434
0.04916651793680201 0.0370480099946325 0.01739068356237109 0.009773335713007399 0.006310904872387538 0.004679635909332615 0.0037801177940375583 0.003519543101908435 0.0033160806710678865 0.0037194360164184473 0.004354809923253844 0.005750490808493396 0.006935570230231327 0.007278243797962778 0.004554702837763857 0.004469034445830995 0.003191147599499129 0.004029983937175074 0.0028377654827760708 0.003944315545242212 0.005025878993394601 0.008916651793678773 0.0157130108870192 0.03621274317328709 0.0450829912546689 0.7029983937174004
0.02366459627324293 0.02178053830223234 0.008157349896463443 0.006107660455473897 0.004844720496884379 0.0038302277432632915 0.0037888198757685533 0.006811594202884448 0.006128364389221266 0.008385093167684503 0.010662525879895109 0.01376811594200048 0.016583850931642684 0.058799171842528364 0.009834368530000344 0.021801242235979706 0.007743271221516059 0.03405797101442224 0.0058385093167580985 0.01834368530016906 0.0068322981366318175 0.019999999999958593 0.012836438923368868 0.02656314699787461 0.14757763975124724 0.4952587991708173
0.009891124260352688 0.008492307692305683 0.0053893491124247595 0.0037704142011825395 0.003072189349111699 0.002542011834318925 0.0021017751479284964 0.0021372781065083697 0.0024284023668633306 0.0028970414201176576 0.003808284023667738 0.006215384615383145 0.009829585798814242 0.013076923076919982 0.004958579881655631 0.005751479289939467 0.00274792899408219 0.007770414201181593 0.002378698224851508 0.004253254437868816 0.003457988165679655 0.006011834319525205 0.008276923076921117 0.028030769230762597 0.25514556213011713 0.5955644970412791
0.02467908902686402 0.022857142857095534 0.012981366459600453 0.008322981366442396 0.005755693581768622 0.0062111801242107426 0.0059627329192423134 0.008881987577621361 0.009627329192526651 0.0111387163560846 0.012380952380926747 0.016749482401621635 0.01741200828153745 0.05140786749471758 0.013395445134547835 0.023768115941979775 0.009337474120063484 0.033209109730780104 0.010165631469958249 0.02196687370595866 0.00869565217389504 0.02683229813659041 0.017246376811558495 0.03184265010345374 0.05076604554854914 0.5384057971003345
0.044239316239307346 0.0420291603820931 0.014535947712415377 0.007223730517846712 0.0047018602312710505 0.0035052790346900946 0.002885872297636423 0.0027913524384107005 0.0029200603318244507 0.0036440422322767934 0.004492709904473707 0.005822021116137593 0.006648567119154018 0.005988939165408549 0.0034932126696825554 0.0037928607340364418 0.002369029663146834 0.0031754650578173604 0.002302664655605369 0.0032378079436896456 0.00381900452488611 0.007296128707891946 0.014775263951731569 0.0399919557566536 0.04506385118148918 0.7192538964302224
0.04218155977969722 0.032829987564386987 0.020763901225787612 0.01372890389056183 0.009781488719129585 0.008104459051338388 0.006754308047608188 0.007056315508968891 0.007010126132525489 0.007919701545564782 0.00924498134659469 0.012254396873330164 0.014521229348014027 0.013192396518026934 0.008449102860185308 0.007312133593886192 0.005027535974416405 0.005482323680936051 0.00483567241072843 0.0059761947059847305 0.007894830342864489 0.011472730502749521 0.01894830342866621 0.031391010836727164 0.042522650559586955 0.6453437555513785
0.017059312178097006 0.013909287257014817 0.003302874231598836 0.0029772387439764157 0.0026283435786666792 0.002568532978899296 0.0022761256022587554 0.0029573018773872877 0.0034058813756426627 0.00408041202857482 0.004954311347398254 0.007858448247214534 0.0106562551918888 0.01370659578002535 0.006758597773714318 0.006708755607241499 0.004877886692139931 0.008885196876554615 0.0030569862103329267 0.0045854793154993904 0.0028875228443253406 0.005117129091209464 0.007144043861104122 0.04307027745471239 0.12643628509715021 0.68813091875704
0.05277432712204395 0.03525879917176965 0.01807453416145326 0.01720496894406376 0.008322981366442396 0.006501035196673911 0.004989648033115963 0.005031055900610702 0.0029813664596211567 0.005093167701852809 0.005258799171831762 0.006438923395431804 0.005942028985494944 0.007701863354021321 0.0055900621117896685 0.006314699792947589 0.0044513457556843656 0.006376811594189696 0.004554865424421212 0.006604554865410756 0.008799171842631886 0.013643892339516265 0.020745341614863883 0.031014492753558977 0.04478260869555946 0.6655486542429284
0.04542209530606981 0.038797072996595114 0.013721220774580146 0.007642334463677443 0.004972336248436562 0.003908620381936852 0.002994824201319652 0.002894877744064646 0.003162591468854841 0.0037122969837573754 0.004465464929500458 0.006182402284488245 0.007553096555414045 0.007385329287878856 0.004783151882918157 0.004501160092805818 0.0029448509726921488 0.003623059075493977 0.002716401927537849 0.003405318579331285 0.003965732643225427 0.006596466178830414 0.01324290558628833 0.03757986792788236 0.04141709798320849 0.7224094235228548
0.03954729481043815 0.03521531100477173 0.011663599558332108 0.007338976812658322 0.005057048214941091 0.003956569746041974 0.0037394184762592052 0.004037541405960973 0.004423997055574375 0.005719543614278351 0.007291129922706186 0.011302907618692933 0.014950312845044184 0.015693779904300445 0.009330143540666422 0.007935222672061856 0.004611704085386598 0.005737946264259942 0.0033713654766273937 0.004346705925651694 0.0034008097165979384 0.006186970923810752 0.010529996319466129 0.03743467059255155 0.04912403386085788 0.6880529996316938
0.050325102149564635 0.03512879729968551 0.019729969799246853 0.013394919168586464 0.009706875111028706 0.007404512346772995 0.006029490140342502 0.005627997868180626 0.005464558536150128 0.005155445016875056 0.005898028068926666 0.007120270030198216 0.007841534908506718 0.008815064842775337 0.006004618937642208 0.0066192929472351685 0.00557825546278004 0.0060223840824281324 0.005087937466688546 0.0059939598507706545 0.006857345887366546 0.010222064309820493 0.016894652691413433 0.03533487297920222 0.04764611831584734 0.6600959317816095
0.03225672877840113 0.0273084886127799 0.009275362318821376 0.005196687370589655 0.00337474120082117 0.002753623188400096 0.0022567287784632365 0.004409937888189628 0.0032505175983369556 0.005279503105579131 0.004037267080736983 0.006811594202884448 0.006376811594189696 0.05115942028974915 0.005238095238084393 0.01766045548650588 0.004761904761894903 0.03238095238088534 0.005196687370589655 0.02002070393370596 0.006645962732905495 0.021614906832253384 0.014782608695621568 0.03397515527943276 0.11498964803288822 0.5589855072452194
0.04594378473469835 0.0430490584142805 0.008176402382948231 0.004222142257405053 0.0026548318739743892 0.0021110711287025265 0.0015633121426566058 0.0019591379792883294 0.0016632681620080512 0.002458918076045556 0.0027747790971961238 0.005905401623283393 0.005433609211944571 0.008580224701128071 0.002554875854622944 0.00466594698332547 0.0025668705769451173 0.004306105313660267 0.001975130942384561 0.0024109391867568625 0.00272680020790743 0.005157730598534581 0.008112430530563307 0.034456838990830255 0.04869857262802419 0.7458718164004854
0.038618233618219866 0.033632478632466656 0.01830840455839804 0.011933760683756433 0.008693019943016847 0.008190883190880275 0.007339743589740976 0.00712962962962709 0.006823361823359394 0.007435897435894788 0.00874287749287438 0.011574074074069952 0.013383190883186118 0.012111823361819048 0.007467948717946059 0.006638176638174274 0.004882478632476894 0.005170940170938329 0.004120370370368903 0.00521723646723461 0.006043447293445141 0.009433760683757324 0.016948005697999664 0.037190170940157696 0.041381766381751645 0.6615883190880835
0.04308923076921309 0.03301743589742235 0.01885538461537688 0.01375179487178923 0.009645128205124249 0.007630769230766101 0.006580512820510121 0.006375384615382 0.006793846153843367 0.00751179487179179 0.008939487179483513 0.012771282051276811 0.014305641025635156 0.0140061538461481 0.008295384615381212 0.006650256410253682 0.0051199999999979 0.0050092307692287145 0.004533333333331473 0.0057846153846130115 0.007068717948715049 0.010379487179482921 0.0166482051281983 0.029583589743577606 0.06288410256407677 0.6347692307689703
0.04030989460436679 0.025276073619627925 0.017626238791880192 0.014000314613809343 0.01292905458549427 0.01278275916312525 0.01286141261601182 0.013262545225733323 0.014634261444075094 0.01697813434009486 0.020261129463580264 0.026083058046244126 0.030179329872576658 0.027332074878082847 0.019395941481828 0.016419694824600217 0.013446594305487896 0.012840962718261312 0.01178386031146582 0.011985213150855437 0.01222589271668834 0.013756488909860979 0.01786062608148217 0.02488595249331054 0.03953437155890522 0.521348120182394
0.02258933979405736 0.022486371895813904 0.016059963658383993 0.014566929133853856 0.012023016353721374 0.010857056329493986 0.00991520290732589 0.011144760751056589 0.013173834039971783 0.01681405208963755 0.02237431859478426 0.03573288915807519 0.05014233797696846 0.042080557238024806 0.023824954572978854 0.017510599636578587 0.011562689279221211 0.010799515445181465 0.00900969109630254 0.010969109630523631 0.011580860084793585 0.01490308903694279 0.017910357359170834 0.02571471835250584 0.03281041792851823 0.5134433676558106
0.053824040435933085 0.03770020533879712 0.02090349075974699 0.012418259358707181 0.008283051650605501 0.006226504501656539 0.005101879639865707 0.004906018006632473 0.004725951666401919 0.004425841099350995 0.004877586479227649 0.006188595798450106 0.006924656452375004 0.006804612225554635 0.003613963039013232 0.004024640657082918 0.002413520770809536 0.0032791028273564116 0.002653609224450275 0.004293160638128481 0.005316695624702159 0.009739377665452617 0.018951192544615716 0.036888327278459365 0.05002053388088769 0.6754951824354208
0.04221866096864593 0.03404914529913317 0.019205840455833616 0.01386752136751643 0.010608974358970581 0.009440883190879828 0.008005698005695155 0.00774928774928499 0.007232905982903407 0.008304843304840347 0.00958333333332992 0.011798433048428847 0.013009259259254627 0.013514957264952452 0.009091880341877105 0.00893162393162075 0.006563390313387976 0.0071972934472908845 0.006249999999997774 0.007086894586892063 0.007357549857547237 0.01009615384615025 0.015925925925920254 0.03489672364671122 0.049408831908814316 0.6286039886037648
0.030367257445631148 0.02760095011875476 0.0076448017540626184 0.004334003288871064 0.0026310981180330236 0.0021779645532606696 0.00197697789146648 0.0022766307326869076 0.0027882331445266625 0.0038662525123318594 0.004673853462450329 0.005963822400874853 0.006533893659782008 0.019038918326322294 0.005262196236066047 0.007118582130456014 0.0033436871916669676 0.012563493513607688 0.0029051708386614635 0.00698337292161265 0.0044070893477053145 0.009570619404345122 0.01232230951945466 0.03122236433399188 0.2210524392471328 0.5613740179058793
0.04631940112287852 0.042600679281887224 0.007666181465305446 0.0035419699175145416 0.002387883828931036 0.00229777500519779 0.002086365841823634 0.0026651417481102567 0.0025022527205924646 0.003292437790253243 0.003417203853883892 0.00676855895196272 0.008508352394812329 0.009624315519508691 0.0037221875649810347 0.004959451029318306 0.0031607402786431133 0.004578221390446878 0.002533444236500127 0.0033444236500993468 0.0031052886948072693 0.005257503292435968 0.00851874956678155 0.0359776807374936 0.04121785540998086 0.7399459347055036
0.03070393374734844 0.020641821946127036 0.012877846790863607 0.009937888198737189 0.007412008281558153 0.006811594202884448 0.006790890269137079 0.006956521739116032 0.006790890269137079 0.007846790890252905 0.006728778467894971 0.009047619047600316 0.009875776397495081 0.04718426501025428 0.007660455486526583 0.01956521739126384 0.006894409937873924 0.03138716356101162 0.007370600414063415 0.02055900621113756 0.009254658385074006 0.025072463768064032 0.017515527950274296 0.032691511387095876 0.22118012422314456 0.4112422360239933
0.02966873705997998 0.025362318840527198 0.007287784679073938 0.003188405797094848 0.001863354037263223 0.002008281573494807 0.0012008281573474102 0.0033540372670738013 0.0027950310558948342 0.0040786749482317215 0.003602484472042231 0.005527950310547561 0.004865424430631748 0.04229813664587516 0.0025672877846737736 0.01815734989644274 0.0029606625258737874 0.031055900621053713 0.0019668737060000684 0.01840579710141117 0.0035196687370527544 0.022132505175937612 0.01134575569355829 0.029337474120022074 0.17985507246339574 0.5415942028974294
0.03910973084878031 0.026004140786695645 0.021614906832253384 0.015196687370568951 0.010207039337452987 0.009006211180105576 0.009358178053810853 0.011449275362295137 0.009772256728758236 0.01277432712212676 0.013126293995832037 0.019213250517558563 0.017888198757726938 0.020372670807411238 0.010310559006189834 0.01233954451343201 0.009689440993768759 0.010703933747389847 0.007619047619031844 0.009606625258779282 0.01159420289852672 0.013333333333305728 0.014824016563116306 0.026190476190421967 0.03853002070385397 0.6001656314687367
0.009861198173187095 0.009211068326316968 0.004760454911792825 0.0034942240530127172 0.0026041013701078885 0.002195755350586156 0.00221903823766415 0.002598728396166813 0.0032202023820178706 0.004361063848839552 0.0068505417748711646 0.013985851168619327 0.02685949673143604 0.025211784722839577 0.011336975015669144 0.0069490462971242145 0.004697770215813612 0.005580728933463673 0.0029014059281807286 0.005777737977969772 0.0031628906599797326 0.013667054714782186 0.008435569087488414 0.020118205426700078 0.0757087848123801 0.7242303214828111
0.03298136645955904 0.028074534161432557 0.013146997929579405 0.011035196687347752 0.007556935817789737 0.00604554865423179 0.004865424430631748 0.007122153209094985 0.0065838509316633875 0.009751552795010866 0.010331262939937202 0.01662525879913742 0.018012422360211153 0.0582401656313494 0.01474120082812683 0.02080745341610599 0.009316770186316114 0.0320703933746748 0.00821946169770555 0.016997929606590065 0.007991718426484488 0.019585921325011208 0.017950310558969045 0.034451345755622254 0.04813664596263326 0.5393581780527136
0.03155279503099057 0.0292546583850326 0.008944099378863469 0.004327122153200151 0.002049689440989545 0.002463768115936928 0.002360248447200082 0.0045755693581685805 0.00314699792960011 0.005238095238084393 0.0035403726708001233 0.005900621118000206 0.004989648033115963 0.04662525879907531 0.004968944099368594 0.015445134575537381 0.004741200828147533 0.030724637681095807 0.0038716356107580297 0.015569358178021596 0.00532091097307387 0.02178053830223234 0.011677018633516197 0.0323395445133906 0.12041407867469893 0.5781780538290306
0.04351782597854088 0.03852322779022749 0.009636000997253537 0.007092994265766188 0.00554308983628125 0.005476606000163934 0.004803457159476106 0.005609573672398567 0.005622039391670564 0.006461397822651683 0.008260616637576556 0.012216404886556878 0.014426992437457646 0.015095986038388142 0.007333998171691459 0.008368652871267195 0.005622039391670564 0.006191307238425084 0.004313138868110898 0.004678799966756138 0.004712041884814796 0.007063907587464862 0.010080611651288091 0.03162137455329859 0.04391672899524478 0.6838111859051426
0.032525879917116925 0.027598343685243068 0.008985507246358208 0.004761904761894903 0.002318840579705344 0.002484472049684297 0.0019668737060000684 0.003809523809515922 0.0023809523809474515 0.004513457556926473 0.0034161490683159088 0.005383022774315977 0.005010351966863332 0.045072463768022625 0.005051759834358071 0.015134575569326843 0.003995859213242244 0.03045548654238001 0.004534161490673842 0.01807453416145326 0.005942028985494944 0.020331262939916498 0.011035196687347752 0.0320082815734327 0.11606625258775141 0.5871428571416415
0.010600414078653001 0.009378881987558221 0.004989648033115963 0.0038302277432632915 0.0021118012422316527 0.0015320910973053165 0.0012008281573474102 0.002939958592126418 0.002712215320905358 0.004223602484463305 0.004057971014484352 0.0063354037266949575 0.005672877846779145 0.05834368530008625 0.002753623188400096 0.019668737060000687 0.0018219461697684845 0.03836438923387502 0.0016977225672842697 0.022360248447158674 0.002277432712210606 0.0306625258798537 0.009026915113852946 0.01689440993785322 0.45954451345660546 0.27699792960605174
0.03687370600406444 0.03070393374734844 0.016066252587958456 0.0089233954451161 0.005900621118000206 0.0049482401656212255 0.004016563146989614 0.006625258799158125 0.00532091097307387 0.006687370600400233 0.0062111801242107426 0.009192546583831899 0.009337474120063484 0.05436853002059137 0.008716356107642409 0.017971014492716417 0.007080745341600247 0.02923395445128523 0.007515527950294999 0.016728778467874267 0.00819875776395818 0.022111801242190244 0.01840579710141117 0.03525879917176965 0.04782608695642272 0.5757763975143358
0.038980253463000596 0.03199233716474153 0.016637194223396216 0.011391099322130447 0.00921603300913374 0.007948717948715605 0.007709991158264748 0.008535219569699814 0.009593280282932628 0.011426466254049094 0.015411140583549835 0.02252284114352416 0.030418508694361798 0.021131741821390767 0.011461833185967739 0.009050987326846728 0.006545829649275996 0.00654877689360255 0.00632478632478446 0.0071971706454443864 0.008376068376065908 0.011544356027111246 0.01765399351605728 0.029602122015906396 0.03880341880340737 0.6039758325963442
0.03045548654238001 0.026211180124169335 0.008530020703916086 0.004554865424421212 0.002360248447200082 0.0019668737060000684 0.00144927536231584 0.0037474120082738147 0.0026915113871579886 0.005776397515515991 0.004637681159410688 0.009378881987558221 0.010786749482379324 0.0474327122152227 0.009358178053810853 0.01881987577635855 0.005403726708063346 0.02755693581774833 0.0045755693581685805 0.015383022774295273 0.004616977225663319 0.018674948240126967 0.009730848861263497 0.028612836438864156 0.18126293995821685 0.5160248447194286
0.03997929606616982 0.03548654244299071 0.008364389233937133 0.004803312629389641 0.002153209109726391 0.0024016563146948204 0.0010766045548631954 0.0030020703933685256 0.001863354037263223 0.003809523809515922 0.0025465838509264047 0.00629399585920022 0.005942028985494944 0.03722567287776972 0.003043478260863264 0.01424430641818997 0.0020910973084842834 0.02149068322976917 0.0013664596273263634 0.011904761904737257 0.002505175983431666 0.014927536231853151 0.009730848861263497 0.041159420289769856 0.05356107660444397 0.6690269151124865
0.04010327635326207 0.03334401709400522 0.012215099715095365 0.008069800569797695 0.0061431623931602055 0.005455840455838513 0.005270655270653394 0.005527065527063559 0.005701566951564921 0.0062927350427328015 0.007464387464384806 0.012435897435893007 0.01747150997150375 0.013639601139596282 0.006812678062675636 0.007300569800567201 0.004594017094015458 0.005698005698003669 0.003920940170938775 0.005363247863245953 0.005309829059827169 0.008892450142446976 0.016071937321931597 0.037884615384601895 0.048386752136734906 0.6706303418801031
0.03011997177133729 0.02807692307691317 0.016460832745230608 0.012741707833446457 0.009841213832036047 0.008754410726884702 0.008839096683130262 0.009678899082565392 0.011129146083270596 0.014354269583622317 0.0187014820042277 0.02601270289342766 0.03166901905432898 0.025190543401543686 0.015839802399429836 0.012071277346502445 0.008270995059982968 0.008253352152431809 0.006393789696539734 0.00791107974593934 0.008754410726884702 0.012378263937892597 0.0164043754410669 0.029015525758634787 0.0444848270994903 0.5786520818628869
0.03772256728770658 0.031035196687306345 0.007867494824000273 0.003188405797094848 0.00217391304347376 0.001904761904757961 0.0010351966873684572 0.0027950310558948342 0.0022360248447158672 0.0036645962732843383 0.0029813664596211567 0.004265010351958043 0.0036853002070317076 0.044078674948148905 0.004389233954442258 0.014451345755663661 0.004492753623179104 0.02999999999993789 0.004161490683221198 0.015859213250484762 0.005010351966863332 0.018674948240126967 0.011532091097284612 0.034451345755622254 0.1313043478258151 0.5770393374729254
0.03565217391296966 0.028385093167643094 0.014782608695621568 0.011014492753600384 0.008799171842631886 0.008343685300189764 0.0068322981366318175 0.008530020703916086 0.007701863354021321 0.008426501035179241 0.006853002070379186 0.009358178053810853 0.009378881987558221 0.05314699792949659 0.010683229813642477 0.019875776397474378 0.007929606625242381 0.03283643892332746 0.008964803312610839 0.016770186335369006 0.008033126293979228 0.022836438923348166 0.018509316770148013 0.034451345755622254 0.04975155279492805 0.5521532091085877
0.030005479776650967 0.027191540409640263 0.011714873891081399 0.008749129900324067 0.007738333259279432 0.007697605189493751 0.007142222419689007 0.00850105892981128 0.009452614742076742 0.012092534174548624 0.016642970335148825 0.025973400867868524 0.031042194280286487 0.028757719820489643 0.016891041305661613 0.012755290946515618 0.008430710445636013 0.00863064824276572 0.006720131514637402 0.007042253521124153 0.006942284622559299 0.008789857970109748 0.01292560832925574 0.0301461767450015 0.03984686245759103 0.6081774559023829
0.029797328420069186 0.028364808843837696 0.012565637954853723 0.008475356978347087 0.006080147397509866 0.005278673422383566 0.005204974666050113 0.006849378166740281 0.008139106402575707 0.012215568862269823 0.01916167664669776 0.038922155688604826 0.07480884385072556 0.06724550898200496 0.02263473053891173 0.013707968678022243 0.007646245969595741 0.006748042376781784 0.005555043758634014 0.0053615845232587 0.005343159834175337 0.006932289267615415 0.010294795025329205 0.024933210502061293 0.03003224320588207 0.5377015200366017
0.0429399585920436 0.03407867494816961 0.012380952380926747 0.0063354037266949575 0.004202898550715936 0.004182194616968567 0.003188405797094848 0.00409937888197909 0.0027950310558948342 0.003995859213242244 0.004327122153200151 0.008322981366442396 0.008178053830210811 0.014120082815705755 0.0058385093167580985 0.006356107660442326 0.0034368530020632776 0.00434782608694752 0.0022981366459579747 0.003457556935810647 0.005403726708063346 0.007867494824000273 0.011780538302253042 0.029979296066190517 0.04219461697713831 0.7238923395430147
0.030811867116706054 0.026239118848809296 0.016663705809196426 0.013743116006390568 0.011494048676492629 0.010762124711312573 0.010570261147624598 0.01210161662817122 0.01272339669567855 0.015143009415521356 0.0194173032510146 0.031089003375366464 0.043933203055589294 0.03493693373599754 0.018305205187415772 0.013860365961977665 0.010037306804046887 0.009433291881325481 0.007702966779176514 0.008424231657485015 0.008580564931601144 0.012307692307687934 0.017377864629590557 0.028648072481780546 0.03672410730146146 0.5389696216022246
0.01485396067734407 0.01143311739970018 0.0069780656892802296 0.005928704019393898 0.00487176573095243 0.004492934803195631 0.004151986968214512 0.00425048300943128 0.00438307383414616 0.006466643936808551 0.00876614766829232 0.015425995378256837 0.02837822479826178 0.04124711141416023 0.012956017729282511 0.011611167935745875 0.007766034019014371 0.019119596923885623 0.006697730802740199 0.013478804409586893 0.007459180967531363 0.012266545440765138 0.015444936924644678 0.029026025684725905 0.29627988028931457 0.4062658635449459
0.04226869904287761 0.03713931230058946 0.009670329670326243 0.005771003190355983 0.0036653668911720435 0.0032825239276840544 0.003197447713575612 0.004158099964550103 0.004771357674581789 0.006862814604747656 0.00882311237149634 0.013924140375748344 0.016107763204531687 0.017235023041468546 0.009234314073020477 0.008291386033318578 0.005320808224032144 0.005838355193191833 0.0033073378234656833 0.004243176178658546 0.004214817440622398 0.006692662176530772 0.00956398440269069 0.03231832683444441 0.03952853598013487 0.6945693016658296
0.045037707390631586 0.03768853695322862 0.01724358974358324 0.0094796380090462 0.005908748114628239 0.004698340874809691 0.004038461538460015 0.003220211161386418 0.002963800904976258 0.0035972850678719468 0.003861236802411817 0.004675716440420559 0.005886123680239108 0.005746606334839462 0.0035444947209639726 0.004177978883859661 0.0022812971342374504 0.0032428355957755495 0.00279411764705777 0.003782051282049856 0.004415535444945545 0.00721342383106817 0.013465309200598241 0.03780920060330399 0.046647812971324795 0.7165799396679048
0.04985610232721625 0.02780245158997058 0.021250666192921923 0.019122401847568263 0.016251554450162995 0.01291170723040934 0.011192041215131926 0.010936223130214626 0.010438799076208762 0.01115651092556008 0.013153313199497902 0.01767987209095126 0.020344643808839814 0.01829454610054422 0.011852904601168288 0.010342867294364774 0.007912595487650413 0.008591224018472699 0.008822170900689706 0.01005507194883281 0.011273760881147175 0.014993782199319598 0.020017765144778817 0.02542547521761399 0.0764576301296584 0.5338639189907501
0.02835502958579136 0.024160420775799038 0.008097304404994583 0.006987508218275611 0.0068349769888213455 0.006648257725179053 0.006401051939511794 0.007150558842864654 0.008420775805388976 0.011442472057853663 0.01582642998027197 0.022343195266266314 0.02661406969098577 0.02997238658776332 0.016055226824453372 0.012168310322153276 0.008602235371463878 0.008170940170938022 0.00688757396449523 0.00842340565417267 0.007200525969754845 0.011100591715973412 0.01034319526626947 0.0274214332675799 0.06287179487177834 0.6115003287309372
0.053117595048610744 0.029209549071607707 0.023165340406711525 0.017729442970816012 0.011763041556140844 0.008618921308573432 0.0074942528735605675 0.0071759504862927755 0.006868258178600577 0.008693191865602584 0.008870026525195801 0.0145853227232486 0.0157559681697557 0.014557029177713685 0.009457117595045285 0.008969053934568004 0.007932802829351748 0.00992396109637138 0.010058355437662226 0.010125552608307649 0.010153846153842563 0.014068965517236404 0.018762157382840403 0.03270026525197783 0.05134924845267857 0.5888947833773337
0.0473085805649148 0.03120625333095356 0.02182625688398585 0.016709895185639825 0.01324213892342752 0.011458518386920783 0.010026647717175333 0.009877420500973573 0.009952034109074453 0.010616450524067999 0.012481790726589987 0.015736365251371207 0.01838337182447384 0.015306448747551854 0.011259548765318437 0.010374844554979437 0.008822170900689706 0.009518564576297914 0.008747557292588826 0.010239829454606417 0.011742760703495562 0.01509326701012077 0.020969976905304326 0.029372890389046235 0.04612897495112946 0.573597441818947
0.0478664061111928 0.04236631728547082 0.011476283531706705 0.005123467756260393 0.003005862497778289 0.0019790371291518996 0.0017338781311061525 0.0018724462604363572 0.002160241605968321 0.002206430982411723 0.002615029312487968 0.0034464380884691964 0.0044235210516949995 0.004292058980279164 0.0023840824302709595 0.003116006395451016 0.0016699236098768272 0.0027287262391178795 0.001630840291347795 0.002593711138744859 0.003197726061466265 0.006143187066972413 0.011668147095394682 0.03863563688042685 0.046743648960722424 0.7449209451054379
0.041061443689767475 0.03157794977095828 0.020530721844883738 0.015176117516975146 0.012500394882321119 0.010781867003629512 0.00998578423629443 0.009875217185275667 0.010042647291104077 0.011584267888165667 0.013754541146733927 0.018783762438787304 0.02287474332648148 0.01724845995892679 0.010052124466905685 0.007692307692305262 0.005332490917704839 0.005392513031115024 0.004754383193806743 0.005932712051806687 0.0066435002369272965 0.009960511767490141 0.019222871584261815 0.03444005686304393 0.037993997788646976 0.6068046122253651
0.03450170519134729 0.026078059871153438 0.01385373247441688 0.009230769230765733 0.007112542629781314 0.006544145509660271 0.006419098143233642 0.008275862068962381 0.010090943539215578 0.01480106100795195 0.02210685865857442 0.033524062144739096 0.03996210685864344 0.03767715043575685 0.025649867373995584 0.018048503220910176 0.011265630920799066 0.009594543387643201 0.007286851079951767 0.00746115953012222 0.0072792724516834864 0.009780219780216074 0.013084501705186402 0.025081470253874544 0.03236453201969217 0.5629253505113441
0.03130434782602214 0.025031055900569293 0.010124223602463511 0.007039337474105509 0.00507246376810544 0.004306418219452782 0.0032919254658316938 0.00507246376810544 0.004637681159410688 0.006438923395431804 0.007556935817789737 0.010331262939937202 0.0111387163560846 0.04467908902682261 0.008488612836421348 0.0200621118012007 0.006501035196673911 0.02826086956515888 0.0055693581780423 0.016977225672842697 0.007908902691495013 0.02293995859208501 0.01229813664593727 0.024037267080695576 0.1847826086952696 0.48614906832197485
0.04186126373624936 0.02922733516482513 0.02228708791208026 0.017448489010983018 0.012915521978017543 0.010913461538457792 0.009275412087908903 0.008770604395601385 0.009587912087908795 0.011164148351644518 0.013495879120874486 0.020542582417575363 0.02742445054944113 0.022434752747245042 0.013980082417577616 0.011899038461534376 0.009268543956040773 0.008595467032964082 0.00834821428571142 0.010453296703293114 0.012864010989006571 0.017046703296697444 0.021301510989003673 0.026229395604386595 0.04444368131866606 0.5582211538459622
0.026418219461643026 0.024741200828106127 0.01401656314696891 0.011159420289831967 0.009751552795010866 0.008509316770168718 0.006956521739116032 0.01186335403724252 0.01138716356105303 0.01306418219458993 0.014327122153179446 0.020662525879874404 0.02078674948235862 0.06480331262926542 0.014265010351937338 0.02296066252583238 0.010476190476168787 0.03523809523802228 0.009585921325031914 0.01935817805379015 0.009399585921305591 0.023830227743221882 0.019896480331221746 0.03378881987570644 0.04281573498955939 0.49993788819772267
0.04633828160141865 0.041947818263588864 0.01080071974808331 0.0060503823661691184 0.004210526315787579 0.0037067026540694077 0.0027620332883478353 0.003094916779125913 0.0029104813315326537 0.0035717498875377546 0.0040890688259090915 0.006248313090415542 0.007516869095813083 0.009959514170036005 0.004520917678810382 0.005704003598737875 0.003598740440844085 0.004624381466484649 0.002550607287448245 0.003459289248761377 0.003958614484928493 0.006743139901031605 0.009572649572645267 0.035515069725580065 0.040080971659900995 0.7264642375165423
0.043898609241802625 0.0298609241812405 0.016424405563029067 0.013319874383128462 0.011799013010315882 0.010760430686404046 0.010343203230145728 0.010340960071778748 0.01067743382682578 0.011962763571105437 0.013458950201881235 0.016769851951544016 0.01919021982951566 0.018559892328394223 0.01341633019290861 0.011538806639746178 0.008970390309553843 0.008674293405112455 0.00850829968595592 0.009688200986987508 0.010764917003138008 0.01330865859129356 0.01689771197846189 0.029026469268723862 0.05065500224314701 0.5811843876176355
0.013871635610737326 0.012836438923368868 0.007763975155263428 0.005300207039326501 0.004057971014484352 0.003643892339536969 0.003809523809515922 0.006438923395431804 0.007556935817789737 0.010517598343663524 0.012691511387137285 0.017743271221495355 0.022380952380906042 0.0813871635609081 0.009896480331242451 0.026376811594148286 0.0053416149068212385 0.048157349896380625 0.003892339544505399 0.024016563146948205 0.004968944099368594 0.03312629399579063 0.010745341614884584 0.01650103519665321 0.24385093167651375 0.3631262939951074
0.04423876354590718 0.029756617516422185 0.024313377154015166 0.02041570438798351 0.016560667969438066 0.01324924498134189 0.01039260969976536 0.008889678450876216 0.00966423876354249 0.011213359388875035 0.013110676852011685 0.015615562266826926 0.019093977615910786 0.017413394919162405 0.012865517853965938 0.01195949546988383 0.009912950790545421 0.011387457807777087 0.010712382305911988 0.013167525315326641 0.014940486764961826 0.01828744004262985 0.02247290815419347 0.02753952744713891 0.04507727837980278 0.5477491561554281
0.047022792022775275 0.035231481481468936 0.01944800569799877 0.013504273504268695 0.010890313390309513 0.008757122507119389 0.007243589743587164 0.0073824786324760035 0.007816951566948784 0.00868233618233309 0.010423789173785461 0.013393874643869874 0.015206552706547291 0.01662037037036445 0.011688034188030026 0.010284900284896622 0.007738603988601232 0.008846153846150695 0.00795227920227637 0.009415954415951062 0.010441595441591723 0.013133903133898457 0.0170868945868885 0.030306267806257014 0.04864316239314507 0.6028383190881044
0.0076284023668621 0.00843786982248321 0.0048970414201171845 0.0036852071005908436 0.0026721893491117935 0.0020852071005912224 0.002153846153845644 0.0027171597633129665 0.003169230769230019 0.004553846153845076 0.006710059171596045 0.014459171597629715 0.03092544378697493 0.0324828402366787 0.01309585798816258 0.010762130177512246 0.003820118343194362 0.0077585798816549685 0.0030840236686383235 0.006388165680471861 0.0032236686390524913 0.006314792899406789 0.008220118343193321 0.08414674556211026 0.18772781065084315 0.5388804733726535
0.04768472906402134 0.036938234179599495 0.018480485032202166 0.010882910193250897 0.006892762410001177 0.004751799924211916 0.0035354300871528856 0.0032967032967020473 0.0033459643804458713 0.003357332322848292 0.0037248957938598995 0.004247821144371259 0.005130731337625945 0.005418719211820607 0.00359605911329913 0.004073512694200806 0.002860932171275915 0.004107616521408068 0.0029897688518366844 0.00466085638499255 0.005752178855624952 0.009276241000375416 0.01587343690791365 0.0378514588859273 0.045107995452805943 0.7061614247818468
0.03368589743588544 0.021193019943012394 0.014978632478627144 0.014106125356120332 0.014141737891732856 0.016175213675207915 0.01706552706552099 0.018525641025634428 0.01880698005697336 0.020495014245006948 0.024223646723638095 0.03161680911679786 0.03927350427349029 0.03056623931622843 0.02014601139600422 0.017297008547002387 0.013749999999995103 0.013198005698000998 0.01178774928774509 0.01303062678062214 0.013080484330479673 0.0145192307692256 0.01805911680911038 0.023988603988595446 0.035918803418790626 0.49037037037019576
0.03229813664589586 0.026521739130379873 0.012422360248421485 0.007163561076589723 0.004989648033115963 0.004803312629389641 0.004016563146989614 0.005175983436842286 0.004244306418210674 0.00554865424429493 0.005093167701852809 0.00869565217389504 0.0075983436852844755 0.04718426501025428 0.0065838509316633875 0.019482401656274365 0.005155279503094917 0.0317391304347169 0.004057971014484352 0.017784679088990094 0.006666666666652864 0.02167701863349549 0.014616977225642615 0.028178053830169403 0.1841614906828485 0.48414078674848005
0.036086956521664416 0.02873706004134837 0.007556935817789737 0.003478260869558016 0.0022153209109684983 0.0019668737060000684 0.001573498964800055 0.004140786749473829 0.002939958592126418 0.004906832298126487 0.004927536231873856 0.009151138716337161 0.010248447204947726 0.04298136645953834 0.006418219461684434 0.017287784679053234 0.005879917184252836 0.02999999999993789 0.00532091097307387 0.01695652173909533 0.005010351966863332 0.022318840579663934 0.01184265010349515 0.031055900621053713 0.0513250517597281 0.6356728778454748
0.026149068322927228 0.022567287784632364 0.009026915113852946 0.005921325051747575 0.005383022774315977 0.006728778467894971 0.006645962732905495 0.009068322981347684 0.009296066252568746 0.009792960662505604 0.009296066252568746 0.012153209109705687 0.013395445134547835 0.047474120082717446 0.00869565217389504 0.018033126293958524 0.006687370600400233 0.031055900621053713 0.00554865424429493 0.017929606625221677 0.005113871635600178 0.021159420289811263 0.01256728778465307 0.02948240165625366 0.11836438923370939 0.5324637681148396
0.038782794931272964 0.03266821345706491 0.017055149027300712 0.01259325361413079 0.010961984651075866 0.01110833482062784 0.009184365518468969 0.007810101731212633 0.007260396216310098 0.007674460110652267 0.008466892736031245 0.010837051579507108 0.013114402998389037 0.011026235945025513 0.007617347849363692 0.006417990362303617 0.004529716223450105 0.004747456719612798 0.003273246475101455 0.004012136355522394 0.004543994288772249 0.007995716580400502 0.015505978939848114 0.03530608602533096 0.041409958950547415 0.6660967338923198
0.04263414634144742 0.030120075046893013 0.016705440900556583 0.013350844277668536 0.01047654784239757 0.00932082551594397 0.007692307692304806 0.00760975609755812 0.007711069418383598 0.008682926829265034 0.009654784240146472 0.012086303939957941 0.012345215759845273 0.013253283302058817 0.009305816135080936 0.009583489681047061 0.006671669793618509 0.00830769230768919 0.006716697936207611 0.008754221388364444 0.008510318949340146 0.011834896810502126 0.01565103189492846 0.03558724202625306 0.06345966228890677 0.6139737335832592
0.048342511991455554 0.04097708296321159 0.013199502575941303 0.0067116717001219715 0.003950968200389429 0.002607923254573598 0.0023343400248703734 0.0020181204476809314 0.0018546811156504336 0.0018795523183507267 0.0023414460827847427 0.002867294368448084 0.0038941197370744736 0.004189021140520807 0.0018227038550357709 0.0027003020074604016 0.001467400959317297 0.002092734055781811 0.0017338781311061525 0.0026825368626744775 0.0028317640788762368 0.005649316041923734 0.01244626043701814 0.040969976905297224 0.053519275182073715 0.7349156155620057
0.03921325051751716 0.032960662525811674 0.009461697722547699 0.0067080745341476025 0.0038716356107580297 0.0030848861283580024 0.0024223602484421897 0.0032919254658316938 0.0025258799171790354 0.0044720496894317344 0.002712215320905358 0.005217391304337024 0.003478260869558016 0.03407867494816961 0.002277432712210606 0.01304347826084256 0.00217391304347376 0.0234161490682745 0.002484472049684297 0.015238095238063689 0.003602484472042231 0.019006211180084873 0.01209109730846358 0.036024844720422305 0.0750724637679605 0.6420703933734119
0.041488586226724924 0.037605985037392056 0.009154037981964645 0.005889123345480188 0.004711298676384151 0.003955495875693859 0.0038403990024922924 0.004227891808937568 0.004143487435256419 0.00594283521964092 0.008517168616915973 0.017406483790517013 0.02454632649145423 0.021024362171486274 0.008904661423361248 0.00745060425858145 0.0048072127373854565 0.005808555534239091 0.003433723383846755 0.004837905236905874 0.005516976788795121 0.008122002685590593 0.011091502014191026 0.03671973911373999 0.05472472664490515 0.6561289084977341
0.03207674542546382 0.0277740273583131 0.017303251021489677 0.013767987209090862 0.011106768520159493 0.009909397761588236 0.009543435778998207 0.009834784153487357 0.010911351927514332 0.013910108367378252 0.019165038195054482 0.026942618582331872 0.03370047965889725 0.02894297388522688 0.018173743115999938 0.012613252798005823 0.009241428317637506 0.008317640788769473 0.007720731923962437 0.009063776869778268 0.010762124711312573 0.014141055249595259 0.01731391010836123 0.024920945105693756 0.03210161662816411 0.5707408065373705
0.04598009793080209 0.03605433580791785 0.020091612699409227 0.01255409887853023 0.008415732111828016 0.006280208497865651 0.0056326014847557625 0.00525983256989251 0.005654714894959515 0.006561364713313359 0.00832411941241247 0.012601484757538271 0.016205970620749896 0.01407044700678753 0.007468014531667204 0.007019428210391085 0.004902858948031937 0.005193492339281253 0.004252092876321513 0.005443057968723601 0.006529774127307999 0.010586005370396277 0.01969041225714115 0.03630706049596073 0.042625177697032814 0.6462960037906661
0.03105792972458459 0.022738841405499435 0.0173599240265841 0.015369420702748198 0.013086419753081448 0.01199240265906477 0.01212535612535152 0.014541310541305018 0.01619373219372604 0.02017853751186318 0.027726495726485195 0.044246913580230106 0.06188034188031837 0.049014245014226396 0.026423551756875052 0.018940170940163745 0.013169990503318834 0.011897435897431379 0.009682811016140672 0.009173789173785689 0.009124406457736324 0.012334283000944982 0.01808926875592855 0.023240265906923744 0.030959164292485866 0.45945299145281693
0.03223602484465375 0.022815734989600794 0.012049689440968842 0.008012422360231858 0.006252587991705481 0.006542443064168649 0.005527950310547561 0.007743271221516059 0.006314699792947589 0.007681159420273952 0.007763975155263428 0.009440993788800329 0.009979296066231927 0.04304347826078045 0.00674948240164234 0.019482401656274365 0.006107660455473897 0.030393374741137902 0.00532091097307387 0.01689440993785322 0.007784679089010798 0.021345755693537586 0.013706004140758373 0.025859213250464058 0.18316770186297482 0.4777846790880377
0.03275362318833799 0.029875776397453674 0.008405797101431871 0.004720496894400164 0.0025258799171790354 0.002194616977221129 0.0013250517598316252 0.0028364389233895724 0.0020910973084842834 0.004513457556926473 0.003913043478252768 0.005755693581768622 0.0048240165631370105 0.04480331262930683 0.00507246376810544 0.016086956521705824 0.0038302277432632915 0.029585921324990504 0.0036853002070317076 0.014099378881958386 0.004637681159410688 0.01745341614903219 0.010683229813642477 0.036604554865348644 0.11474120082791979 0.5929813664583996
0.04962870847395643 0.027066974595833338 0.02230591579320579 0.019896962160234538 0.018980280689280874 0.016425652869065048 0.01393142654112136 0.013977615917564763 0.014151714336466814 0.015608456208912557 0.01670634215668264 0.022760703499725435 0.029628708473963535 0.02501332385858056 0.017047432936572376 0.015100373068035139 0.012442707408060956 0.013622313021846287 0.012503108900333095 0.013853259904063296 0.014151714336466814 0.01634748623200698 0.018408243027174132 0.02618227038549434 0.046107656777386354 0.48815064842761124
0.03679089026907496 0.030331262939895794 0.009026915113852946 0.0059627329192423134 0.004409937888189628 0.003022774327115895 0.002153209109726391 0.0029192546583790492 0.003768115942021184 0.005879917184252836 0.008281573498947658 0.010807453416126692 0.015569358178021596 0.04594202898541213 0.010207039337452987 0.019089026915074348 0.006873706004126555 0.025445134575516677 0.0063354037266949575 0.015548654244274226 0.007515527950294999 0.022608695652127104 0.01594202898547424 0.02755693581774833 0.16832298136611112 0.48968944099277495
0.022845833333323816 0.017716666666659286 0.01198333333332834 0.01258333333332809 0.010691666666662212 0.010854166666662144 0.011904166666661706 0.016862499999992973 0.021087499999991214 0.028729166666654697 0.03803749999998415 0.05851249999997562 0.0734124999999694 0.06702916666663873 0.042695833333315544 0.03043749999998732 0.020262499999991558 0.016137499999993275 0.012170833333328262 0.011483333333328549 0.009166666666662847 0.010699999999995541 0.012408333333328163 0.018416666666658994 0.026716666666655536 0.3871541666665054
0.032215320910906384 0.02795031055894834 0.011904761904737257 0.007867494824000273 0.0037888198757685533 0.004389233954442258 0.004057971014484352 0.0055900621117896685 0.005610766045537037 0.007681159420273952 0.006066252587979159 0.008343685300189764 0.009979296066231927 0.054347826086844 0.007432712215305522 0.01687370600410585 0.0062111801242107426 0.029627329192485244 0.006169772256716005 0.015051759834337366 0.0055900621117896685 0.016749482401621635 0.010910973084863539 0.034368530020632775 0.06287784679076008 0.5983436852989682
0.02869565217385363 0.02099378881983231 0.009378881987558221 0.008240165631452918 0.005424430641810716 0.005113871635600178 0.0044513457556843656 0.00627329192545285 0.004616977225663319 0.006542443064168649 0.006149068322968635 0.007743271221516059 0.007370600414063415 0.04610766045539108 0.006169772256716005 0.018881987577600658 0.004906832298126487 0.030993788819811605 0.004679089026905427 0.018674948240126967 0.006625258799158125 0.0236853002069903 0.013084886128337298 0.026231884057916703 0.18368530020665905 0.49527950310456464
0.04027972027970545 0.0344387191755486 0.011313949208681886 0.007055576002941827 0.004817813765180413 0.0038682370261303393 0.003625322046373344 0.0038645564961340213 0.004446080235552283 0.005737946264259942 0.007718071402279088 0.011711446448284243 0.015951417004042713 0.017022451232971282 0.010110415899885863 0.008498343761498528 0.005196908354801179 0.006507177033490428 0.003695252116303388 0.004766286345231959 0.003993375046005155 0.00759661391240059 0.011453809348541975 0.03748251748250369 0.05002208317995951 0.6788259109309243
0.02855072463762205 0.02629399585915881 0.007142857142842354 0.004244306418210674 0.0032919254658316938 0.003913043478252768 0.005010351966863332 0.0059627329192423134 0.005755693581768622 0.006956521739116032 0.006666666666652864 0.010559006211158262 0.012960662525853083 0.0434782608694752 0.006107660455473897 0.016024844720463716 0.004761904761894903 0.02579710144922195 0.004223602484463305 0.012857142857116238 0.003457556935810647 0.017287784679053234 0.009813664596252974 0.03275362318833799 0.184244306417838 0.5118840579699547
0.04008281573490666 0.033146997929538 0.010517598343663524 0.004554865424421212 0.0019461697722526995 0.002153209109726391 0.0014285714285684709 0.003809523809515922 0.0028571428571369417 0.00507246376810544 0.00507246376810544 0.0072256728778318305 0.006418219461684434 0.03679089026907496 0.004327122153200151 0.014120082815705755 0.0035610766045474926 0.021863354037221814 0.001594202898547424 0.011262939958568814 0.003188405797094848 0.014306418219432078 0.010414078674926679 0.03629399585913811 0.04685300207029637 0.6711387163547181
0.030404085924579237 0.028439987982564054 0.014364578639021195 0.011506684692800246 0.009189574883577741 0.007822592759498339 0.007300585849479007 0.007875168995039854 0.008524861048517154 0.010530268889886386 0.01344073907164885 0.02031695959139991 0.025540784136989056 0.020602373441482424 0.011303890641425828 0.009061889740119776 0.005516749286463303 0.006068799759649216 0.004506534474987041 0.0056970106654627845 0.006557007661106145 0.00976415802913859 0.017045966651638482 0.03894021330928386 0.047438786240030256 0.6222397476338357
0.030197044334963927 0.021671087533148288 0.013448275862063869 0.01266009852216269 0.013031451307308439 0.013959833270172807 0.015377036756341275 0.018215233042812348 0.021136794240234506 0.026411519514957783 0.03237968927622873 0.040056839711996944 0.045638499431585586 0.041750663129957656 0.030045471769598316 0.023512694202340464 0.01768851837816685 0.014770746494878828 0.011106479727165174 0.010894278135653317 0.010238726790447048 0.010833649109507073 0.013414172034856607 0.021110269041295524 0.03914361500566914 0.45130731337610785
0.03239650479873015 0.027016186792715367 0.015421859332469439 0.012803323306112934 0.01123048273885941 0.011090101704623666 0.010763500931095613 0.01150837988826486 0.012505371723245236 0.01463400658930966 0.017937258272448665 0.023996562097113882 0.029076063601194937 0.026881535596611696 0.017745308695024282 0.014404813064026814 0.01123048273885941 0.010339492909322349 0.008952872081361137 0.010110299384039505 0.01072625698323715 0.013144248674971167 0.01707491763357196 0.02716802750321525 0.036963185789990846 0.5648789571692981
0.04696038372711069 0.0320341090779776 0.021787173565456817 0.014034464380879718 0.010424586960380023 0.008513057381414633 0.0071344821460269554 0.0065731035707917666 0.007066974595840445 0.007596375910460971 0.008811511813818151 0.011646828921651572 0.015089713981163586 0.012645230058620486 0.008843489074432815 0.007909042458693229 0.006704565642207602 0.007095398827497923 0.007049209451054522 0.008068928761766542 0.009348019186353047 0.013313199502571215 0.019111742760696708 0.03086160952210664 0.04726594421742858 0.6241108545032424
0.032939958592064306 0.026853002070337778 0.015113871635579474 0.010372670807431941 0.00869565217389504 0.006066252587979159 0.004679089026905427 0.006231884057958112 0.005610766045537037 0.009834368530000344 0.009068322981347684 0.012939958592105715 0.011532091097284612 0.0557556935816651 0.012008281573474102 0.020124223602442808 0.008281573498947658 0.031863354037201114 0.008095238095221335 0.015507246376779488 0.006915113871621294 0.0178467908902322 0.012194616977200425 0.03654244306410653 0.04751552795021218 0.5674120082803987
0.038543746329999407 0.027774515560770444 0.016688197298881522 0.013772334535691004 0.01254760506668693 0.012274138075662733 0.011983893968624782 0.013123060145958708 0.014740374129684633 0.01714956798925977 0.01920979783574881 0.02121298548779109 0.0219226574951729 0.020761681067021094 0.016248636859321156 0.014072644912337208 0.01132958644408836 0.011171881553559068 0.010663534938342309 0.011457092525792894 0.011774180018452853 0.013218689707237108 0.01627212482174041 0.026774599446350678 0.040214747084969346 0.555097726700687
0.024575569358127172 0.019792960662484902 0.008944099378863469 0.0064596273291791725 0.004513457556926473 0.004989648033115963 0.004658385093158057 0.006252587991705481 0.006190476190463374 0.008322981366442396 0.009503105590042436 0.013954451345726803 0.014761904761874198 0.055962732919138794 0.014099378881958386 0.026252587991664075 0.01136645962730566 0.034202898550653824 0.007080745341600247 0.019792960662484902 0.006977225672863401 0.021614906832253384 0.014182194616947863 0.024016563146948205 0.18144927536194316 0.4500828157340578
0.02776397515522202 0.02366459627324293 0.007826086956505536 0.004658385093158057 0.0027329192546527267 0.001884057971010592 0.0014285714285684709 0.0038716356107580297 0.0025465838509264047 0.004306418219452782 0.0035196687370527544 0.004906832298126487 0.004430641821936997 0.04194616977216988 0.0026501035196632504 0.01575569358174792 0.001739130434779008 0.029565217391243136 0.0022567287784632365 0.015776397515495286 0.0036853002070317076 0.01834368530016906 0.009068322981347684 0.029730848861222087 0.1831884057967222 0.5527536231872614
0.04962870847395643 0.02681470953987322 0.022362764256520746 0.019971575768335414 0.018891454965351256 0.01644341801385097 0.014112631017937782 0.01387102504884922 0.014279623378925464 0.015725706164499653 0.016777402735826338 0.022877953455312534 0.02976727660329374 0.025361520696384664 0.017118493515716073 0.01555871380351197 0.012535086160947758 0.013696926629947167 0.012755373956293212 0.013874578077806404 0.014180138568124293 0.016454077100722525 0.018376265766559468 0.026150293124879678 0.046079232545728877 0.4863350506304898
0.03220231822970192 0.02325395152791433 0.01556164383560988 0.013597471022122824 0.013951527924124784 0.014398314014746302 0.014680716543724055 0.01707060063223727 0.020311907270802818 0.02474183350894637 0.03218124341410656 0.03952370916752813 0.04073761854582055 0.03576396206531685 0.02620021074814491 0.01995363540568179 0.015237091675441418 0.013496311907265123 0.011751317175969757 0.012063224446781005 0.012421496311902034 0.014090621707054125 0.015704952581658292 0.019717597471013818 0.042006322444660904 0.4593804004213027
0.043680937999629174 0.037925031088989904 0.016777402735826338 0.008271451412326072 0.005134126843131947 0.003510392609698522 0.0027784686445184656 0.002607923254573598 0.002885059513234008 0.003240362408952482 0.0045336649493677265 0.006558891454963027 0.008001421211580031 0.008275004441283255 0.00468644519452667 0.004302718067150719 0.0029312488896774094 0.003670278912771835 0.0028637413394908993 0.0036880440575577586 0.004952922366315526 0.008456208918099678 0.015427251732096135 0.03871025048852773 0.045805649316025654 0.7103251021493301
0.02999999999993789 0.022650103519621843 0.015465838509284749 0.013126293995832037 0.012277432712189902 0.009337474120063484 0.007805383022758167 0.01064182194614774 0.010289855072442464 0.01401656314696891 0.015175983436821581 0.021076604554821788 0.023768115941979775 0.06625258799158126 0.017763975155242723 0.0231469979295587 0.009999999999979296 0.03480331262932753 0.010186335403705619 0.019917184264969114 0.010496894409916155 0.021842650103474446 0.017929606625221677 0.030807453416085283 0.04509316770176999 0.4861283643882275
0.05339815940265553 0.03167563813160907 0.021583608265316346 0.017166174683098744 0.013801007119286751 0.011283208890428447 0.009716964750821422 0.009202986629620002 0.009178676853617233 0.00945650286507746 0.010685882965788962 0.012186143427674184 0.012974474735192577 0.013158534467784977 0.009939225559989603 0.010373328702896206 0.009081437749606153 0.010786594894943293 0.010244834172595852 0.011880534815067935 0.014064941830173965 0.016850147595062738 0.02095155408924433 0.02691092203506619 0.049317589859333454 0.5741309255077013
0.03785973779813018 0.03045964302637333 0.013861949139154341 0.009976307060494396 0.008933817722317338 0.00784394250513223 0.007809192860526329 0.00852945822144866 0.009643026378137791 0.011674301058282786 0.01564523771915722 0.02317959248143687 0.030514926551882718 0.024195229821509366 0.015364081503709466 0.011476859895749253 0.008752171852786487 0.008123519191279715 0.006845679987362684 0.0069688832727836094 0.00746169641446731 0.009733059548253082 0.014544305796870235 0.03047701784867628 0.0385105038698407 0.6016158584740797
0.04282110499199047 0.028378042281034507 0.01895540948658058 0.015885592467572967 0.013384260081714911 0.011291526025933099 0.010037306804046887 0.009788594777043955 0.010538283887009935 0.0117569728193243 0.01435068395806916 0.019623378930531312 0.025727482678974692 0.021033931426533654 0.013704032687861536 0.011501154734406998 0.007717178895005252 0.008324746846683842 0.007663883460647481 0.009571860010655686 0.01140522295256301 0.015771895540943055 0.021499378219924852 0.02760703499732542 0.04144963581451716 0.5702114052227499
0.03501865340201278 0.03073370047964799 0.01345176763190142 0.009426185823411112 0.007454254752173582 0.006217800675073292 0.005826967489782972 0.006256883993602325 0.007074080653754815 0.00951501154734073 0.013370047965886171 0.01896962160240932 0.021645052407169428 0.019076212471124863 0.012357434713088521 0.00890744359566214 0.006416770296675638 0.006480724817904964 0.005080831408774176 0.005969088648070361 0.007042103393140152 0.009923609877416976 0.014983123112448043 0.0297068751110216 0.03468111565108024 0.6544146384790711
0.03457672583825885 0.020599605522679195 0.0168710059171571 0.015684418145954133 0.014647731755421752 0.014947534516762928 0.01539723865877469 0.017213412228794127 0.01901696252465183 0.023411439842205378 0.03043471400393997 0.041931360946738945 0.04865956607494301 0.04128284023667988 0.02777909270216524 0.021087179487176158 0.01627140039447475 0.014971203155816178 0.013183431952660642 0.013696252465481073 0.013866666666664479 0.015649704142009366 0.018103353057196354 0.020082051282048114 0.0353088757396394 0.4353262327415487
0.026104103748436275 0.019815242494219287 0.013892343222592328 0.01243915437910377 0.012144252975657436 0.013082252620354208 0.014407532421384116 0.019101083673825157 0.02185468111564333 0.027425830520509 0.03399538106234358 0.049127731390993384 0.0638621424764385 0.051749866761395716 0.03136258660506969 0.02413572570615593 0.018593000532947736 0.01673476638834012 0.01385681293302048 0.013718244803690277 0.013163972286369457 0.01509326701012077 0.01548410019541109 0.01990762124710609 0.02922721620180166 0.4097210872267153
0.04930572907369291 0.03635552382650853 0.016944494021054097 0.009477065857572915 0.005539889344991776 0.003994288773869714 0.002941281456361613 0.002298768516865144 0.0025593432089942676 0.0026307335356049863 0.003173300017846449 0.004015705871852931 0.005111547385327464 0.005857576298409474 0.003737283598071127 0.0037194360164184473 0.002762805639834816 0.0033018026057457426 0.0024843833660530127 0.00357665536319701 0.004536855256111178 0.007421024451184215 0.015066928431192195 0.035970016062810646 0.044683205425648874 0.7225343565944236
0.03349896480324327 0.026356107660400918 0.010952380952358277 0.0077225672877686904 0.0053416149068212385 0.004927536231873856 0.0033954451345685394 0.005672877846779145 0.003975155279494875 0.0064596273291791725 0.005652173913031776 0.009875776397495081 0.009855072463747712 0.04380952380943311 0.008302277432695026 0.019585921325011208 0.007660455486526583 0.030683229813601068 0.006107660455473897 0.019233954451305935 0.007763975155263428 0.024409937888148218 0.013664596273263635 0.02826086956515888 0.0524016563145913 0.6044306418206947
0.019896480331221746 0.01859213250513749 0.007122153209094985 0.007660455486526583 0.0067080745341476025 0.006438923395431804 0.005383022774315977 0.007577639751537107 0.006107660455473897 0.007846790890252905 0.008240165631452918 0.011035196687347752 0.011449275362295137 0.052960662525770266 0.007515527950294999 0.019192546583811195 0.006128364389221266 0.03587991718419072 0.00507246376810544 0.020207039337432283 0.006563146997916019 0.026604554865369348 0.0167080745341269 0.03581780538294862 0.21770186335358654 0.4255900621109201
0.0428388701367764 0.02820039083317527 0.02048321193817002 0.016876887546627507 0.014887191330604056 0.013615206963931918 0.011259548765318437 0.010865162551070931 0.010911351927514332 0.012471131639718433 0.014869426185818132 0.017114940486758885 0.019491916859115475 0.018628530822519584 0.013405578255458019 0.011796056137853332 0.009443950968197036 0.009820572037658617 0.008516610410371819 0.009607390300227534 0.011369692662991164 0.014517676319056842 0.018791970154550083 0.027724284952912515 0.043581453188828 0.5689109966244204
0.04064367816090517 0.032870026525187314 0.023533156498665418 0.017414677276740082 0.012954907161799131 0.010189213085761206 0.008562334217503603 0.0084633068081314 0.008629531388149026 0.010076038903621546 0.012565870910694053 0.015628647214848582 0.01682051282050687 0.014429708222806568 0.01008664898319714 0.010015915119359852 0.008728558797521227 0.009768346595929348 0.00910344827585885 0.011013262599465602 0.012113174182135415 0.015363395225458758 0.021036251105209184 0.03000176834658532 0.04309460654286716 0.5868930150307385
0.01188402366863624 0.011363313609464767 0.0062082840236671695 0.0046319526627207975 0.0034201183431944566 0.003088757396448973 0.0028946745562123326 0.002847337278105835 0.003204733727809892 0.004423668639052207 0.006433136094673033 0.015394082840233043 0.030385798816560856 0.026880473372774702 0.010527810650885082 0.01057514792899158 0.004459171597632081 0.00824852071005722 0.003436686390531731 0.006747928994081243 0.004052071005916201 0.007912426035501087 0.010404733727808188 0.07835976331359092 0.16731360946741602 0.5549017751477977
0.043127962085292335 0.0359642726941174 0.017280349981765482 0.010616113744071958 0.0070907765220535575 0.00527889172438743 0.004516952242069079 0.004148742253006143 0.004367480860370264 0.0049544294567973185 0.006106452788915018 0.007418884433099738 0.008603718556322054 0.008129784907033128 0.005654393000362503 0.005490339044839413 0.0039409405760102295 0.004236237695951791 0.003999270871307328 0.004491432737876598 0.004885162231132014 0.00858549033904171 0.016773605541371937 0.03487787094420894 0.04121035362740021 0.6982500911408318
0.02098518650722078 0.016691058361586047 0.009334285204351478 0.008631090487235898 0.008945207924323061 0.01110833482062784 0.013942530787073373 0.01992147064072107 0.025379261110110518 0.03503837230054077 0.047303230412262254 0.061042298768495075 0.06940567553094078 0.06517579867925569 0.04714260217738813 0.035705871854350986 0.02465107977868119 0.01919328930929174 0.013856862395140512 0.012339817954662737 0.009416384079953804 0.009116544708188786 0.008741745493482512 0.014249509191499464 0.020057112261281436 0.3726253792609771
0.038649373881914736 0.033998211091219144 0.009476744186042274 0.006453488372090137 0.005116279069765153 0.0043515205724488585 0.003975849731661907 0.0045214669051858135 0.004512522361357552 0.00577817531305645 0.006793381037564046 0.009991055456167268 0.012893559928437883 0.014382826475843298 0.007245080500891214 0.007737030411445556 0.005478533094809715 0.006417710196777094 0.004440966010731466 0.004968694096598851 0.004852415026831461 0.007495527728082515 0.009937388193197703 0.03490608228978761 0.04906082289801026 0.6965652951696348
0.030761652140950828 0.02183781735505046 0.01532777567259745 0.013512694202344255 0.01172792724516418 0.012087912087907507 0.012322849564224206 0.01480106100795195 0.016017430845010984 0.019943160287980318 0.02450549450548522 0.03608184918528379 0.044990526714647594 0.039348237968912715 0.024153088291010174 0.019344448654786153 0.014569912845769393 0.014365289882525818 0.011549829480859588 0.011796134899578705 0.011432360742701238 0.013830996589612038 0.017294429708216257 0.02436528988252203 0.034729064039395706 0.4893027661991325
0.0441405508072035 0.032488129154785536 0.016077872744534323 0.011855017410569213 0.009344729344726386 0.007761949984169749 0.007296612852166098 0.007486546375432894 0.00811965811965555 0.009370053814495292 0.01220006331117056 0.01608736942069766 0.018110161443489044 0.017670148781254297 0.011750553972772476 0.010031655587207967 0.007236467236464946 0.006701487812596802 0.0060810383032586 0.007090851535293735 0.00808167141500219 0.01198797087685597 0.017388414055075217 0.029468186134843474 0.04257676479897354 0.6235960747069884
