0.0355254674403511 0.033843523112708815 0.007100608303196507 0.003450789112212752 0.0023743447425216904 0.0021080368906449955 0.001892187368597569 0.002483671123818439 0.0024892776049105798 0.0029518122950122076 0.003033106270848251 0.004513217279173461 0.005317747315895687 0.006509124547975637 0.003599360861154487 0.004409497378968853 0.00296582849774256 0.0038180136237479837 0.0026070137078455396 0.0030807613601314494 0.002817256748800825 0.004420710341153135 0.008729291060463452 0.03733075435202048 0.04190003644211535 0.7707285622177079
0.020942760942725687 0.02030303030299612 0.013720538720515622 0.013333333333310887 0.00860269360267912 0.009343434343418614 0.010117845117828084 0.012878787878766198 0.01429292929290523 0.023299663299624074 0.024511784511743247 0.03260942760937271 0.04168350168343151 0.038484848484783694 0.030639730639679057 0.029646464646414735 0.024276094276053407 0.024309764309723383 0.015572390572364356 0.01530303030300454 0.010353535353517924 0.013047138047116082 0.010723905723887671 0.018367003366972445 0.025976430976387244 0.49765993265909486
0.03851153721141326 0.02989925251856557 0.018971400714905055 0.013527786805274911 0.011821579460465463 0.00942476438085219 0.007921676958043867 0.011130971725661638 0.012593435164069737 0.017508937276496956 0.018768280792903932 0.03875528111781461 0.05065810854708052 0.05500487487790459 0.023521286967730252 0.019093272668105732 0.013243418914473337 0.014462138446480085 0.00966850828725354 0.00958726031845309 0.006784205394837568 0.010440363990857814 0.017021449463694258 0.0262024699381451 0.03952713682141888 0.4759506012330356
0.024647279009493987 0.018594234891378382 0.010944748376360194 0.009383498096423398 0.008510093738999741 0.008263748920239221 0.008001407684676071 0.010628019323668096 0.011738170649770695 0.015401350097573215 0.018565441341133644 0.026234123556314992 0.027577822567736002 0.030917874396125374 0.020165083021396753 0.019563617749617825 0.01353616789838643 0.01391688261828905 0.010522442972770732 0.01172537351632859 0.009719422849278651 0.012941101193328553 0.015817256934441623 0.02831685702401756 0.048194004542966955 0.5661739770289643
0.04200519986983261 0.03814592135181124 0.01588397790048796 0.014015274618077611 0.010602859928458714 0.009709132271653764 0.008409164770846566 0.0071498212544395924 0.008856028599249041 0.009384140396451966 0.00999350016245534 0.013080922976872437 0.01661520961969201 0.01612772180688931 0.008327916802046116 0.006540461488436219 0.0033717907052186716 0.00507799805002812 0.003899902502421596 0.007068573285639142 0.005524861878430595 0.006865453363638018 0.008124796880044992 0.028964900877360394 0.03489600259979324 0.6613584660356623
0.022649122806977808 0.023192982456099662 0.010017543859631549 0.008877192982440565 0.008789473684195106 0.01054385964910431 0.012087719298224407 0.0145263157894482 0.0165087719297956 0.02075438596487587 0.024438596491185197 0.029842105263105538 0.03194736842099658 0.03885964912273884 0.03196491228064568 0.03289473684204755 0.023192982456099662 0.021491228070137734 0.015368421052604617 0.013438596491204494 0.010263157894718836 0.009754385964895168 0.01054385964910431 0.018894736842072116 0.028701754385914557 0.5104561403499817
0.02375287333140349 0.015505907972707372 0.0062305924103596595 0.005726499173275544 0.00742025244987817 0.010606121708249776 0.010706940355666598 0.01717949751982663 0.01980078235266403 0.028551840948444263 0.0324031132797669 0.043674638060967705 0.03718191716732431 0.051034399322395785 0.027866274146009867 0.03149574545301549 0.01949832641041356 0.022643868209818438 0.01189660039518511 0.017663427027427382 0.012924950598836703 0.01607049239824158 0.015687381538057654 0.02435778521590443 0.05071177965066195 0.4394079929014812
0.03182579564483781 0.02845896147398918 0.013082077051904385 0.009179229480721642 0.008358458961460036 0.01053601340031736 0.011440536013381172 0.013701842546040701 0.015209380234480386 0.017671691792265205 0.023199329983210722 0.03740368509206465 0.04058626465654843 0.036817420435449215 0.021658291457250154 0.01755443886094212 0.011139028475693234 0.012378559463965865 0.008927973199315029 0.009195979899482084 0.00753768844219843 0.0084254606365018 0.012931323283060417 0.02860971524283315 0.03425460636510175 0.52991624790531
0.019230769230735852 0.019473757289607967 0.006109414051641715 0.004339072479859173 0.003748958622598325 0.005120105526233824 0.006855734518177493 0.011090669258520045 0.012756873090785967 0.021747431269054172 0.021886281588409665 0.04462302138287173 0.05527978339340586 0.10155165231862408 0.04370313801714159 0.036257289641703244 0.02124409886139051 0.021903637878329104 0.008834351568993275 0.006890447098016366 0.0041134407109064955 0.004252291030261989 0.004738267148006217 0.0144751457928102 0.014961121910554428 0.4848132463196251
0.033680175781249176 0.028337158203124307 0.006896972656249832 0.0050981445312498755 0.00489697265624988 0.005525390624999865 0.006802490234374833 0.008911376953124783 0.012152832031249703 0.017057617187499582 0.02282568359374944 0.029934082031249268 0.03374194335937417 0.02905004882812429 0.020026367187499512 0.01474316406249964 0.010871093749999734 0.00864428710937479 0.006795166015624834 0.005752685546874859 0.005029785156249877 0.005121093749999875 0.00738037109374982 0.030139648437499264 0.03719311523437409 0.6033923339843602
0.01840500175792469 0.023128544567890413 0.006955378571308749 0.0035617652903625024 0.0028891572526974804 0.004876408273071409 0.006741366922960788 0.010945167158367174 0.011541342464479354 0.017762966812880806 0.025421526514475715 0.03893483345301843 0.05006343916711243 0.04397939373550609 0.016020300533475976 0.009340079795757463 0.005029273736177096 0.003729917299778758 0.0021706895761007526 0.002766864882212931 0.0019872510203739284 0.003729917299778758 0.006282770533643727 0.02558967852389197 0.023587140957207473 0.6345598238980165
0.029181574239659395 0.026218694096552215 0.016286523553935065 0.013752236135931439 0.012149672033370322 0.010789355992824259 0.011050238521148162 0.016025641025611163 0.015392069171110256 0.01893261776979179 0.021355098389942317 0.03246124031001703 0.04088401908161732 0.039598240906306655 0.023088103756665385 0.01878354203932099 0.013398181276063285 0.012391920095385376 0.008720930232541889 0.008422778771600286 0.0068574836016568694 0.009503577817513596 0.010062611806779103 0.022249552772767127 0.030895945140073613 0.5315481514599516
0.019683667781425294 0.019927536231814633 0.012506967669967575 0.007350891861735817 0.007002508361179618 0.0066192865105677975 0.006584448160512178 0.007943143812681358 0.011740523968743937 0.017001114827142554 0.02713907469332797 0.0519439799329294 0.0695373467110175 0.06058389074672316 0.03971571906340678 0.02745261984382855 0.012890189520579395 0.011845039018910796 0.006654124860623418 0.007664437012236397 0.006410256410234078 0.008988294314349957 0.007664437012236397 0.017697881828254953 0.025257803790324492 0.5021948160517621
0.031750762247468534 0.027486760963692975 0.012883702803665933 0.009765938424131116 0.008436303615211856 0.007588088306073707 0.008184131496278892 0.012333509089630375 0.013365122303447044 0.018248091515512602 0.022489168061203345 0.030948396414500014 0.035900139840820015 0.031406891176196314 0.01781252149190112 0.015909768230861487 0.009903486852640005 0.011462369042407413 0.007656862520328152 0.008963572591162598 0.007702711996497781 0.010476605304760375 0.01182916485176445 0.02189312487099816 0.028770546296442608 0.5768322596901106
0.03467085798805883 0.0261341222878879 0.014022435897392682 0.013652613412186721 0.012573964497002668 0.011310404339215636 0.011556952662686276 0.010632396449671374 0.012481508875701179 0.019631410256349756 0.027520956607410253 0.04215976331347954 0.05353180473356283 0.04776873767243661 0.02246671597626212 0.016056459566025468 0.010355029585766904 0.010231755424031583 0.009338017751450512 0.009492110453619662 0.010447485207068393 0.009368836291884342 0.0088141025640754 0.019662228796783584 0.023298816567975535 0.5128205128189324
0.02324999999996125 0.024799999999958668 0.008499999999985833 0.00599999999999 0.004983333333325028 0.006083333333323194 0.007749999999987083 0.009616666666650639 0.009566666666650722 0.01693333333330511 0.020666666666632222 0.03806666666660322 0.052149999999913085 0.06541666666655764 0.03181666666661364 0.025966666666623388 0.015183333333308027 0.014716666666642139 0.006383333333322695 0.005733333333323778 0.004599999999992333 0.006916666666655139 0.00898333333331836 0.020999999999964998 0.02403333333329328 0.5408833333324319
0.031225296442678994 0.02954054887449064 0.010436464553020369 0.006007344490229023 0.004322596922040668 0.004199254338013568 0.004084321475624679 0.0051635690858618105 0.005926050514392979 0.00818265915397971 0.009519804894455326 0.015616853082158603 0.02035152636447163 0.019546996327749405 0.011644661228376743 0.012065147310287313 0.008919911417596243 0.009833767835615218 0.007344490230704638 0.008922714658142315 0.007683682336779165 0.010873770078207364 0.015577607714513615 0.03384912959380096 0.04218316373726847 0.6569786673392602
0.03242346938773856 0.026790816326516944 0.008959183673464816 0.00578061224489501 0.004413265306120197 0.004959183673466858 0.005484693877548222 0.0078010204081592855 0.008357142857138592 0.012408163265299792 0.014499999999992602 0.02216326530611114 0.023999999999987753 0.04053061224487728 0.020974489795907665 0.020127551020397896 0.011668367346932822 0.01365306122448283 0.006505102040813008 0.006602040816323162 0.0052653061224462935 0.006622448979588458 0.008576530612240523 0.027433673469373757 0.03751530612242984 0.6164846938772365
0.0401589912280693 0.036669736842104464 0.010451754385964684 0.004663596491227968 0.002671710526315731 0.0019585526315789047 0.0016263157894736487 0.001701754385964875 0.0016951754385964542 0.00211447368421048 0.002575657894736786 0.0036728070175437795 0.004617543859649022 0.0043947368421051675 0.002481578947368367 0.0023458333333332823 0.0018401315789473283 0.002052850877192938 0.001903289473684169 0.002504166666666612 0.003511403508771853 0.006625438596491083 0.014789254385964588 0.045953508771928823 0.056127192982454915 0.7408925438596329
0.023450586264617334 0.02053601340030061 0.010268006700150305 0.006951423785582996 0.0070686767169060825 0.007922948073688572 0.010318257956431627 0.015410385259605678 0.018509212730287255 0.02790619765489463 0.03328308207699617 0.051926298157366955 0.0665829145727528 0.07584589614727665 0.039279731993234035 0.03427135678386219 0.01932998324954886 0.018241206030120197 0.010150753768827217 0.0075041876046775475 0.00631490787268624 0.0077219430485632795 0.009731993299816194 0.016633165829117866 0.02179229480733368 0.43304857621368
0.028331972789107936 0.0239047619047554 0.011265306122445914 0.009159183673466895 0.00775782312924959 0.00791836734693662 0.008925170068024782 0.010819047619044675 0.012272108843534076 0.01620136054421328 0.019194557823124028 0.025899319727884108 0.027447619047611577 0.028770068027203055 0.021553741496592775 0.01897142857142341 0.013730612244894223 0.012827210884350251 0.009855782312922489 0.010209523809521032 0.008721088435371777 0.011004081632650067 0.014454421768703549 0.028960544217679195 0.04250612244896802 0.5693387755100492
0.020044746815122392 0.019451166613307834 0.009360303182460342 0.007305602483871487 0.005935802018145583 0.007305602483871487 0.008949363042742572 0.01835532624072711 0.01794438610100934 0.027532989361090665 0.032692571115324906 0.06337610154758515 0.06999680379859369 0.08433404867319148 0.04228117437540623 0.03492991187601055 0.013789324688307432 0.017259485868146386 0.006575042235484338 0.006164102095766567 0.003972421350605121 0.006620702251008535 0.0048856216610890565 0.013332724533065464 0.014885165060888154 0.4427195105226121
0.030645019531249252 0.02418261718749941 0.012173095703124703 0.008510498046874792 0.0070256347656248285 0.006460449218749842 0.005559326171874864 0.0070800781249998265 0.006969482421874829 0.008454101562499794 0.008243896484374798 0.012460449218749696 0.016075439453124608 0.0163652343749996 0.00900463867187478 0.010420654296874745 0.0081794433593748 0.010320068359374747 0.008379638671874795 0.01185009765624971 0.011934570312499709 0.018636962890624543 0.027460937499999328 0.049579589843748786 0.09300805664062273 0.571020019531236
0.01903002309468146 0.019701545567589376 0.006235565819859216 0.003961627287260984 0.002895718600105562 0.002774915615561281 0.00360632439154251 0.00741517143364455 0.011213359388875035 0.020273583229696118 0.028271451412318967 0.051025048854130034 0.06010659086869422 0.07651447859297335 0.04181204476815 0.034855214069982286 0.017040326878658005 0.015249600284236898 0.007248179072656867 0.007720731923962437 0.005148338958960687 0.007642565286904373 0.00808314087759528 0.019772606146733072 0.021041037484448022 0.5013608100904241
0.03497341811719497 0.03413947670158376 0.009069112894771868 0.008443656833063464 0.008026686125257861 0.008391535494587763 0.010007296987334477 0.011518815803129788 0.015323673511855916 0.019128531220582046 0.018763681851252142 0.026529761284131502 0.03419159804005946 0.03408735536310806 0.02084853539028016 0.021109142082658662 0.010997602418372783 0.013290941311303602 0.005576983216899942 0.006932138017268153 0.004273949755007432 0.010372146356664379 0.009798811633431674 0.023037631606259577 0.031220681746944538 0.5699468362317839
0.028864296081224847 0.031095791001394965 0.007293178519580382 0.005878084179960308 0.004100145137873548 0.004535558780833571 0.00406386066762688 0.006295355587796997 0.006240928882426994 0.00838171262698044 0.009415820029010494 0.015257619738724134 0.022369375907071172 0.03261973875175504 0.013788098693734057 0.012772133526827337 0.006349782293166999 0.012082728592140634 0.0054426705370002855 0.008109579100130425 0.005243105950643609 0.010722060957890562 0.014731494920147439 0.03603047895494189 0.06132075471686988 0.6269956458624328
0.023599999999960666 0.021999999999963334 0.009949999999983417 0.005516666666657472 0.005083333333324861 0.004616666666658972 0.006716666666655472 0.014866666666641888 0.016399999999972666 0.02173333333329711 0.025583333333290693 0.044733333333258775 0.055999999999906666 0.07823333333320294 0.027516666666620806 0.02444999999995925 0.013433333333310944 0.013399999999977666 0.005983333333323361 0.0065666666666557225 0.004199999999993 0.006733333333322111 0.007433333333320944 0.01844999999996925 0.031199999999948 0.5055999999991573
0.026058700209588975 0.02295597484271917 0.01142557651989219 0.009308176100609416 0.011593291404587855 0.013018867924501009 0.014884696016740284 0.020419287211697234 0.023920335429719244 0.0314046121592633 0.032159329140393794 0.04100628930809013 0.045974842767199216 0.040817610062807506 0.02918238993704574 0.023836477987371412 0.014737945492631577 0.014737945492631577 0.007819706498935389 0.008553459119478923 0.006708595387826606 0.007379454926609267 0.007714884696000597 0.019853249475849363 0.021425576519871224 0.49310272536584254
0.03242881072021369 0.02932998324953211 0.011323283082058084 0.009715242881055753 0.008458961474022681 0.008056951423772099 0.008207705192616068 0.009614740368493108 0.009162479061961201 0.010485762144036037 0.013015075376862622 0.016566164154076104 0.02035175879393576 0.021591289782208388 0.016448911222753018 0.015309882747043032 0.011390284757099849 0.011474036850902054 0.0075041876046775475 0.007822445561125926 0.0059463986599565385 0.007839195979886367 0.011993299832475723 0.028509212730270503 0.03738693467330421 0.6300670016739864
0.017539682539647737 0.01890873015869264 0.007420634920620197 0.005198412698402384 0.0041666666666584 0.004503968253959318 0.006527777777764826 0.011666666666643519 0.014444444444415784 0.025178571428521472 0.02978174603168694 0.043968253968166726 0.04878968253958573 0.05759920634909206 0.03351190476183827 0.034087301587233956 0.019583333333294477 0.01682539682536344 0.009543650793631857 0.007658730158714963 0.005416666666655919 0.006567460317447287 0.01043650793648723 0.019841269841230472 0.03186507936501614 0.5089682539672441
0.03717717300743339 0.029835462371511672 0.015776867536767953 0.010188142182709338 0.009042627048026516 0.00923354623714032 0.010934462649245115 0.012947792279899771 0.014041238544824282 0.01714801444040345 0.021678006109376428 0.02832546514852068 0.03434809775056521 0.03403568453201535 0.026867536795287996 0.022528464315428823 0.016662038322659223 0.013937100805307662 0.010396417661742577 0.00954595945569018 0.008938489308509896 0.00970216606496511 0.01190641488473357 0.0222334073867984 0.038895445709457625 0.5236739794492439
0.027780151367185382 0.030706024169919535 0.00609970092773391 0.003070068359374766 0.0019340515136717275 0.001929473876952978 0.0018066406249998624 0.0026962280273435447 0.0028190612792966603 0.004056549072265316 0.004420471191405913 0.0059661865234370455 0.011717987060545982 0.008279418945311869 0.0044944763183590326 0.004726409912109015 0.0029037475585935286 0.0043411254882809195 0.002349853515624821 0.0032356262207028784 0.0029747009277341484 0.005796813964843308 0.010978698730467914 0.04608917236327774 0.08123016357421256 0.7175971984862735
0.039918934240360554 0.03573752834466918 0.013632086167799682 0.00770634920634877 0.005169501133786556 0.004096371882085936 0.0037749433106573824 0.0037658730158728025 0.003960317460317236 0.004625283446711756 0.005384353741496294 0.007081065759636788 0.009109410430838486 0.00817800453514693 0.005684240362811469 0.005124716553287691 0.004115646258503168 0.004155895691609742 0.003798752834466905 0.0045810657596369285 0.005479024943310347 0.008094104308389565 0.013819160997731644 0.0360334467120161 0.041214852607707415 0.7157590702947441
0.031287760416665304 0.026701822916665507 0.010607638888888427 0.00798480902777743 0.0070872395833330255 0.007325954861110793 0.00792317708333299 0.009119357638888492 0.011738715277777268 0.015845052083332645 0.022134982638887926 0.029210069444443175 0.034414496527776284 0.028762152777776526 0.021517361111110175 0.015459635416665994 0.01121137152777729 0.008944444444444056 0.007114149305555246 0.006472222222221941 0.006000868055555295 0.006636284722221934 0.00884288194444406 0.026779513888887725 0.04968793402777562 0.5811901041666414
0.013416666666644305 0.017899999999970165 0.006083333333323194 0.004299999999992833 0.004299999999992833 0.006466666666655889 0.00823333333331961 0.014349999999976083 0.013233333333311278 0.01934999999996775 0.019749999999967082 0.03568333333327386 0.08154999999986408 0.13281666666644532 0.032733333333278776 0.02761666666662064 0.013699999999977166 0.022316666666629473 0.01201666666664664 0.014049999999976583 0.007149999999988083 0.013599999999977333 0.012616666666645638 0.024966666666625056 0.07798333333320336 0.3638166666660603
0.026239135541452317 0.027155273666892462 0.00762441692673995 0.004127655290444603 0.002620893318566858 0.0027752609147948673 0.0028457330782902628 0.004708211684954291 0.005785429041241053 0.009248632504443355 0.012554112554108342 0.019527500922843208 0.02908486861974258 0.03571260780561908 0.020134903855827332 0.0158394576999175 0.0092083626967317 0.00856740159065453 0.004651162790696114 0.004577334809891413 0.003674619953688488 0.005429712406454771 0.009020436927410645 0.027836504580681286 0.030618477130094763 0.6704318936874827
0.033471454880140555 0.03273480662968354 0.012154696132540724 0.005432780847120475 0.004419889502742081 0.005893186003656108 0.008379373848948529 0.01238489871080854 0.014502762430872455 0.017679558010968325 0.020027624309300055 0.02891344383043778 0.041620626150821266 0.043968692449152996 0.023987108655506503 0.0175874769796612 0.008609576427216346 0.008471454880255656 0.004880294659277715 0.005985267034963235 0.005662983425388292 0.007228360957609445 0.008977900552444852 0.01786372007358258 0.02417127071812076 0.5849907918941759
0.031601167194322134 0.02686202686197127 0.007822685788771294 0.005380683346773906 0.006187785848789993 0.0052565137310791234 0.005856666873603905 0.009126466753566511 0.009892179383684335 0.012541131185173028 0.020053392934707367 0.048364065313117766 0.09314790670703597 0.08919517394075206 0.029552368535358225 0.01719749177372737 0.00906438194571912 0.007822685788771294 0.004801225140198255 0.004325241613368255 0.0026282568655395617 0.0037250884708434737 0.006953498478907818 0.020405206845842582 0.022660954864297797 0.4995757538120081
0.025445371685602295 0.02076083096590602 0.00647342566287783 0.005271957859847705 0.006136067708332425 0.00724431818181711 0.008589311079544184 0.011699514678028572 0.014186789772725174 0.021059718276512037 0.024455492424238806 0.0464621803977204 0.05027521306817438 0.08172348484847275 0.032458866003783074 0.033738754734843494 0.016961115056815673 0.025306285511359893 0.011231948390149854 0.017588482481058005 0.009219637784089544 0.016055575284088533 0.010203598484846975 0.02206291429923916 0.053160511363628496 0.4222286339961496
0.019745545093728608 0.017625087541791252 0.006711539957966867 0.004299276320900515 0.004921795969175703 0.006380826394820674 0.009337794724127815 0.01713874406657626 0.017508365107739652 0.02690452104889327 0.030873083806647588 0.05760252120446346 0.06267994708570795 0.0654229242859205 0.03927709905836262 0.03180686327906037 0.014843202863561507 0.012781106528649947 0.006380826394820674 0.00606956657068308 0.004474359971977911 0.005933390397622883 0.007275698389216256 0.01715819780558486 0.020601509610106993 0.4862462065199474
0.03148430991385816 0.030373507359014208 0.008244237711732428 0.006300333240755519 0.004252291030261989 0.004287003610100862 0.0034018328242095912 0.0054498750347031204 0.006109414051641715 0.008487225770604541 0.00923354623714032 0.01431893918353527 0.01704387670088683 0.03243890585942717 0.013676756456516111 0.014041238544824282 0.009823660094401167 0.012878367120222025 0.005137461816153261 0.006317689530674955 0.004998611496797767 0.008365731741168485 0.009684809775045673 0.02417731185777531 0.03814912524292185 0.6713239377938918
0.03351244343884633 0.02765433096309863 0.010726405946972514 0.010847608274056949 0.009110374919180046 0.008585164835147492 0.009029573367790422 0.00913057530702745 0.009110374919180046 0.012887847446644942 0.024099062701955196 0.045067065287562484 0.06033855850020132 0.04928894634767031 0.03199741435029089 0.01900856496440892 0.010686005171277702 0.010140594699397744 0.0073529411764557346 0.008827569489316364 0.007534744667082388 0.008706367162231927 0.009069974143485234 0.018867162249477078 0.02417986425334482 0.524240465415877
0.04135869565209899 0.0340398550724021 0.013605072463743468 0.009003623188389487 0.007463768115928507 0.007282608695638981 0.007699275362304893 0.010652173913024181 0.011576086956500769 0.013586956521714516 0.01469202898548063 0.016793478260839143 0.02211956521735123 0.025869565217344438 0.01610507246373894 0.013804347826061948 0.006920289855059927 0.009420289855055398 0.006249999999988678 0.008260869565202425 0.0056884057970911445 0.007391304347812697 0.010996376811574282 0.02599637681154711 0.03317028985501237 0.6202536231872822
0.034160539215633945 0.029733455882307393 0.016115196078406686 0.01070772058821889 0.00926776960782894 0.008716299019594491 0.01056985294116028 0.013465073529391138 0.013311887254881569 0.014721200980369605 0.018106617647031087 0.023851102941139932 0.028829656862700934 0.027343749999958113 0.016911764705856445 0.013327205882332525 0.008180147058810998 0.00886948529410406 0.007429534313714109 0.008501838235281094 0.007965686274497601 0.00926776960782894 0.012959558823509559 0.0252144607842751 0.0293045343136806 0.5931678921559541
0.024769841269839867 0.02247392290249306 0.0079648526077093 0.00457029478458024 0.0034965986394555845 0.0032448979591834896 0.003541383219954448 0.004539682539682283 0.005850907029478126 0.0077380952380948 0.010030612244897392 0.014147959183672669 0.01869217687074724 0.017505102040815335 0.010772108843536805 0.009086167800453 0.006066326530611901 0.006420634920634557 0.004253401360543977 0.005049886621314907 0.004684807256235562 0.008030045351473468 0.013409297052153435 0.03858786848072344 0.12536734693876841 0.6197057823128901
0.04825761959876311 0.04215374228394859 0.005002893518518277 0.0017968749999999133 0.001167534722222166 0.0011304012345678468 0.0011270254629629087 0.001453510802469066 0.0018055555555554685 0.002813946759259124 0.00444444444444423 0.007654320987653953 0.010457658179011842 0.008310667438271205 0.00478443287037014 0.0033072916666665076 0.0020326967592591613 0.0018412422839505286 0.0012234760802468546 0.0012991898148147522 0.0012577160493826554 0.0019704861111110162 0.005165895061728146 0.043760127314812707 0.05301793981481226 0.7427633101851494
0.03854567307692268 0.035768408941485495 0.0057438568376067785 0.0020291954306377175 0.0009462319197896023 0.0006949580867850027 0.0005727112097304346 0.0006623931623931555 0.0006912598619329317 0.0008501808021038703 0.0010606714332675761 0.001781928007889528 0.0035953936554897724 0.002504725509533176 0.0015285996055226666 0.0018251766929651355 0.001362179487179473 0.0016908078566732238 0.0011006328073635652 0.0011704881656804612 0.0012730111768573175 0.0027869206114398133 0.009024695923734291 0.051174905489808804 0.06226690910585077 0.7693480851413464
0.017639372822270103 0.018778477619909577 0.00904583221654877 0.006566604127568737 0.0055615116590633186 0.007739212007491726 0.009179844545682827 0.012999195926003418 0.01670128651833171 0.019850576252982026 0.02060439560436109 0.03169391584020421 0.03663562047702252 0.042850442240614364 0.02264808362365544 0.024339989278972896 0.013200214419704502 0.017136826588017393 0.009581881533084993 0.012915438220294633 0.007973733583476323 0.014959126239588985 0.014406325381911006 0.03261525060300084 0.07722460466349969 0.49715223800506375
0.03195292974168295 0.02948833657312294 0.014856984171037807 0.013190780338771885 0.011108025548439482 0.01032699250206483 0.011108025548439482 0.013312274368207942 0.015481810608137529 0.020046514856949377 0.020324215495660363 0.025357539572297003 0.03294223826709084 0.03882602054977988 0.02749236323238772 0.024264093307372493 0.01662732574282035 0.014874340460957244 0.008400444321007358 0.008313662871410174 0.006682171618983126 0.006942515967774676 0.008192168841974119 0.022354901416234457 0.028030408219890255 0.53950291585577
0.029153713298740665 0.0218998272883905 0.015509499136415354 0.01398963730567532 0.013868739205502818 0.013834196891167817 0.014766839378212838 0.01792746113986541 0.02229706390324301 0.029516407599258176 0.03656303972359834 0.04257340241788848 0.042780656303898476 0.04943005181338613 0.03720207253879585 0.03207253886004823 0.02455958549218556 0.022107081174400505 0.013955094991340318 0.011692573402397767 0.010621761658012744 0.012953367875625297 0.011675302245230267 0.016545768566465377 0.023782383419648043 0.41872193436887956
0.035455921495602116 0.032664028636956347 0.006332635688886031 0.0029901396077936042 0.002040905898876388 0.0017920289683541492 0.001689864495223653 0.0019126044165298835 0.002190248495560307 0.002790659980852563 0.0035015373164162485 0.005896607909354831 0.009024912021840602 0.006297950726970448 0.0035511811955560874 0.002842687423725937 0.0022509882748390168 0.0021263854258721368 0.001853179706897262 0.0021199744613474556 0.002622659833564764 0.004577510862475239 0.011860448754365933 0.05525815803454905 0.07611294344148403 0.7202438369260976
0.01654941373531566 0.01649916247903434 0.004790619765486113 0.0027973199329936393 0.002964824120598049 0.0057286432160708065 0.013316582914550559 0.013802345058603347 0.010201005025108541 0.021541038525927068 0.027604690117206693 0.053869346733578106 0.08720268006685561 0.13021775544366798 0.05289782244547253 0.03854271356777463 0.0179564489111927 0.019983249581206057 0.006080402010040066 0.0057286432160708065 0.0026800670016705525 0.003266331658285986 0.004304857621433325 0.013701842546040701 0.01638190954771125 0.4113902847564298
0.016422916666665528 0.014761111111110087 0.00593472222222181 0.005027083333332984 0.00479097222222189 0.0062520833333329 0.006289583333332897 0.010402083333332611 0.011447222222221429 0.01841874999999872 0.02398680555555389 0.04238124999999706 0.049178472222218814 0.06165138888888461 0.035177083333330895 0.03214999999999777 0.01933263888888755 0.020204166666665264 0.012254166666665817 0.015381944444443378 0.011443749999999206 0.01663958333333218 0.018213888888887624 0.026487499999998162 0.04718263888888562 0.46858819444441197
0.028187300024610625 0.026673024858477317 0.01052916564115121 0.0065524243170067345 0.00475879891705607 0.0042677824267779805 0.00396320452867315 0.004949544671424751 0.005988186069406474 0.008710927885798135 0.012467388629091037 0.0215696529657875 0.0316514890474999 0.02834420379030099 0.013905980802361932 0.011916071868077043 0.008028550332266305 0.01022212650750614 0.006713019936007463 0.008710927885798135 0.00782980556239184 0.012012060054146444 0.016661949298546846 0.03923824760029294 0.07813253753383718 0.5880156288456444
0.02794362677029307 0.025704665370685737 0.009979866703676097 0.00786239933350482 0.00744584837543834 0.007480560955277214 0.007914468203263131 0.011975840044411316 0.015395029158540345 0.02101846709243783 0.02627742293802715 0.03493821160782606 0.036587059150172546 0.04045751180220693 0.02521868925294151 0.02018536517630487 0.012444459872236108 0.012236184393202867 0.0072375728964051 0.006491252429869322 0.0064391835601110125 0.006925159677855239 0.01011871702303159 0.024003748958580942 0.028811441266264906 0.5589072479857004
0.03125556941714655 0.029050080199543197 0.008710568526090022 0.005034753163417762 0.00492336481909436 0.005747638567087534 0.0063714132952985844 0.008844234539278104 0.008086793797878973 0.01098289075028742 0.011562110140769109 0.02149795045441655 0.023525218321102465 0.03261450721789205 0.013923543040425227 0.016596863304186874 0.007752628764908767 0.013923543040425227 0.006839244341456872 0.010871502405964018 0.009334343254301073 0.014369096417718835 0.014502762430906917 0.0304090180002887 0.0475405453572279 0.6057298164306592
0.015240464344935638 0.0180431177446028 0.006223051409615993 0.004817578772800656 0.0028524046434482368 0.002748756218904333 0.0027611940298496013 0.006185737976780188 0.006998341625204395 0.011666666666661829 0.01570480928689233 0.03308457711441414 0.056318407960175655 0.09205638474291374 0.035592868988376616 0.031036484245426602 0.016475953565498972 0.01978441127694039 0.008992537313429107 0.01036069651740864 0.007437810945270548 0.012263681592034717 0.01396351575455474 0.030082918739622686 0.0852321724709431 0.45407545605287974
0.027542969850613653 0.029180755142242214 0.011693434770337255 0.006868131868119773 0.004455480417011032 0.0048605240912847625 0.004490701606078313 0.006040433925038672 0.006515919977446964 0.006938574246254335 0.007466892082263548 0.010108481262309614 0.013155114116629412 0.019301211608869925 0.009456889264564918 0.010971400394457997 0.007185122569725301 0.008858129050421142 0.005582558467164021 0.005617779656231302 0.00436742744434283 0.006639194139182447 0.00913989856295939 0.02516553958857219 0.0978444632289063 0.6505529726672116
0.04055957031249901 0.035756347656249125 0.00898315429687478 0.004721679687499885 0.0032443847656249206 0.002817626953124931 0.0027624511718749327 0.0031159667968749236 0.0033254394531249186 0.004000976562499902 0.004955078124999879 0.0077978515624998095 0.010581298828124742 0.008836181640624784 0.0048886718749998805 0.004043457031249901 0.003072753906249925 0.002986083984374927 0.002532714843749938 0.0026437988281249355 0.002946777343749928 0.004358886718749893 0.008908935546874783 0.039130126953124046 0.045653564453123886 0.7373762207031069
0.026601992430446333 0.023361030147423845 0.009179101231110673 0.007525992952522021 0.006677687388509423 0.006373167442453619 0.005002827685202499 0.008243789968224988 0.008309044242379804 0.013203114803990945 0.014247183190467987 0.023469787271015206 0.025101144124885583 0.038761038847960234 0.01452995171180552 0.020098316439683087 0.010049158219841543 0.01790142254313764 0.007395484404212391 0.01439944316349589 0.010418932440052162 0.01925001087567049 0.02229521033622853 0.040370644277112344 0.06175229477517346 0.5454822290848186
0.04265650679813457 0.038479007918709555 0.009789332138051759 0.004562976243835481 0.0029881966233369227 0.002698341550873241 0.0024861795906163196 0.003101748095023726 0.0034573434932008195 0.004793067383832424 0.006696548632898044 0.010694755714922847 0.013754669057219854 0.014035559539813525 0.007524279097562371 0.005492305393693264 0.0030569251456736717 0.003047960555803661 0.0018407291199755444 0.002127595995815889 0.002169430748542606 0.0038816674137146625 0.00851636037651023 0.037292693859244795 0.04369341102643248 0.7211624084862629
0.03918248456790048 0.03596508487654252 0.007304398148148008 0.003576581790123388 0.0021126543209876135 0.001701774691357992 0.0013869598765431832 0.0014654706790123175 0.0014457947530863919 0.0018952546296295931 0.0022613811728394626 0.0030277777777777196 0.004184027777777697 0.003367283950617219 0.0021730324074073657 0.002206404320987612 0.0017631172839505833 0.002104166666666626 0.0018931327160493464 0.0024031635802468673 0.002763310185185132 0.0043890817901233725 0.009059220679012171 0.0469843749999991 0.057965470679011234 0.7574185956789978
0.037980651855462955 0.034056091308588554 0.00963134765624853 0.006285095214842791 0.004704284667968032 0.004133605957030619 0.003906249999999404 0.003970336914061894 0.004690551757811784 0.005789184570311617 0.007965087890623784 0.012013244628904417 0.017132568359372387 0.012388610839841859 0.007244873046873894 0.005445861816405419 0.003892517089843156 0.003900146484374405 0.003271484374999501 0.003770446777343175 0.0033370971679682407 0.004554748535155555 0.008154296874998756 0.036549377441400674 0.04067230224608755 0.7145599365233285
0.014475138121514972 0.016839779005487648 0.002939226519330521 0.0028287292817617046 0.002961325966844284 0.004441988950266426 0.006430939226505125 0.01779005524857947 0.021149171270671493 0.029701657458497895 0.04243093922642557 0.10247513812132049 0.11993370165719351 0.10320441988927469 0.05436464088385776 0.024088397790002013 0.005922651933688568 0.003646408839770947 0.0013701657458533255 0.002033149171266225 0.0010828729281744025 0.001259668508284509 0.001480662983422142 0.015911602209909587 0.014298342541404866 0.3869392265184819
0.027856336805554344 0.02798307291666545 0.007300347222221905 0.0038433159722220554 0.0026453993055554404 0.0026749131944443284 0.002473524305555448 0.0034622395833331827 0.003974826388888716 0.006270833333333061 0.00847482638888852 0.01723871527777703 0.02720833333333215 0.026219184027776638 0.011316406249999508 0.0089162326388885 0.0054361979166664305 0.005446614583333097 0.003155815972222085 0.003561197916666512 0.003220486111110971 0.004925781249999786 0.008766927083332952 0.03168489583333196 0.03530034722222069 0.7106432291666358
0.03852064533769797 0.03257314738856096 0.011238720262507182 0.006352201257859898 0.004563850150395252 0.003959529669126618 0.003781788351106431 0.004380639868743675 0.004410719168716322 0.005255674049766132 0.005939294503689926 0.0071916871752783175 0.007670221493024974 0.009026524473609783 0.005870932458297547 0.005548263604045516 0.0041235985780683285 0.004410719168716322 0.0036013125512705494 0.004227508887064745 0.004654088050313193 0.007897183483727675 0.014041564123594738 0.03538966365872699 0.04524473612249241 0.7201257861633251
0.014889393079947149 0.016955676201245936 0.008163844096896192 0.006867352726669502 0.005307511546865514 0.007414310023483886 0.01223563730651439 0.02195932258321457 0.019670205007658068 0.02880641763222428 0.03146017340565704 0.052609188882479924 0.0745685114656945 0.08998460416479624 0.04065715906320262 0.028178429624770726 0.014220889717174012 0.015314804310802782 0.007211733246885966 0.006786322016030333 0.007373794668164302 0.006219107041556156 0.008062555708597232 0.016023823028895504 0.019609431974678695 0.4394498014738687
0.03706938576528057 0.033738219044455356 0.008693532661665799 0.007677933051658112 0.00739356516085596 0.008409164770863647 0.007759181020458728 0.010420051998678867 0.01044036399087902 0.011334091647685784 0.010927851803682711 0.013446538836501773 0.015965225869320837 0.020941663958358503 0.011984075398090705 0.013304354891100698 0.00853103672406457 0.011070035749083787 0.008510724731864415 0.00901852453686826 0.007779493012658881 0.010745043873881328 0.012857491062697315 0.030752356191032757 0.057868865778238 0.6133612284680424
0.03461249999998558 0.02924166666665448 0.012224999999994907 0.006974999999997094 0.004866666666664639 0.004329166666664863 0.003720833333331783 0.004145833333331606 0.004583333333331423 0.005816666666664243 0.00688749999999713 0.010420833333328992 0.013533333333327695 0.01629999999999321 0.008004166666663332 0.00837499999999651 0.004858333333331309 0.006508333333330622 0.003945833333331689 0.0055458333333310225 0.005258333333331143 0.009908333333329205 0.016295833333326543 0.045237499999981154 0.06258333333330726 0.6658208333330559
0.028402777777776545 0.027234374999998815 0.007393229166666345 0.0043311631944442566 0.0032434895833331925 0.0032612847222220805 0.003489149305555404 0.0043498263888887 0.005249565972221994 0.007197916666666354 0.009319010416666261 0.013630208333332741 0.016820312499999268 0.0171319444444437 0.011703559027777269 0.009118489583332938 0.0062842881944441716 0.005440972222221986 0.0040217013888887146 0.00410763888888871 0.0040863715277776 0.005501736111110872 0.00950520833333292 0.032659722222220806 0.042346354166664824 0.7141697048610801
0.025965009719477287 0.021834212718651356 0.008469869480685104 0.00713343515688848 0.0077756178839076375 0.008799638989154403 0.01164607053594202 0.01676617606217584 0.01914398778113867 0.02768328242150152 0.033341432935237884 0.04495279089134103 0.0494307136905557 0.056772424326477416 0.03866981394050495 0.03203971119128013 0.02065398500412966 0.01730422104967838 0.00970216606496511 0.008469869480685104 0.005744931963333545 0.006508608719788759 0.004998611496797767 0.017408358789195 0.02428144959729193 0.47450361010747966
0.03155505661843139 0.03262885591557832 0.012861187036282553 0.009127294025748908 0.006662436548207091 0.0068820773135325995 0.007833853963276469 0.010469543147182571 0.010615970324066243 0.013300468566933569 0.017668879343963127 0.024282506833208994 0.03165267473635383 0.03992581023028132 0.018376610698900876 0.015277235454863146 0.00902967590782646 0.011201679031600933 0.005686255368982609 0.006662436548207091 0.0048565013666417986 0.007296954314703005 0.011567746973810114 0.02433131589217022 0.027479500195169173 0.6027674736416371
0.027874201610615323 0.026138572618671654 0.012253540683122304 0.010344348791984268 0.008035962232699187 0.007827686753665948 0.008886420438751586 0.010656762010534128 0.013017217439577518 0.017547209108550493 0.021469730630343187 0.03361913357394887 0.04254026659253933 0.03919050263808805 0.021174673701712762 0.016332268814189924 0.010986531519003424 0.01299986114965808 0.010014579283514971 0.010622049430695255 0.008140099972215807 0.009407109136334687 0.009615384615367926 0.02065398500412966 0.028186614829165187 0.5624652874191848
0.0363787836711393 0.03361913357394887 0.00938975284641525 0.004998611496797767 0.004078728131067622 0.004165509580664806 0.005050680366556077 0.006578033879466505 0.007931824493182568 0.011264232157714412 0.013173424048852448 0.017703415717825424 0.01872743682307219 0.020671341294049097 0.013937100805307662 0.011281588447633849 0.005744931963333545 0.005727575673414108 0.0029332129963848008 0.0032282699250152243 0.0023778117189628264 0.0047035545681673434 0.008435156900846232 0.02879408497634547 0.03181407942232745 0.6872917245197735
0.014457789502890762 0.014457789502890762 0.003436545404048465 0.0022736739794462064 0.0023951680088822635 0.0029505692863042374 0.0048944737572811465 0.012548597611752726 0.02160858094969868 0.038461538461471705 0.04562968619819906 0.06919952790879408 0.07414607053583354 0.08714593168549162 0.05160024993048528 0.04200222160503679 0.02140030547066544 0.017078589280725705 0.0072375728964051 0.004859761177442273 0.002759650097190434 0.002794362677029307 0.0027422938072709973 0.013850319355710478 0.013190780338771885 0.4268779505685454
0.0313080568720373 0.027685229067929945 0.010956358609794414 0.007245853080568578 0.00572511848341221 0.00569056082148488 0.005692338072669714 0.00697709320695089 0.008645537124802358 0.01305469984202186 0.02004541864138981 0.03574605055292189 0.049772906793047994 0.046047393364928 0.02769135071089993 0.019524684044233423 0.012635268562401014 0.010537124802527439 0.008287519747235223 0.008093799368088309 0.00758570300157963 0.009377962085307872 0.01336315165876751 0.027928317535544474 0.034098933649288427 0.5462835703001472
0.021799500138812482 0.020896973063001777 0.008747570119396092 0.00812274368229637 0.008174812552054682 0.010465842821420324 0.013416412107724561 0.016870313801692464 0.019473757289607967 0.027075812274321237 0.034000971952176474 0.050888642043788374 0.0632463204664273 0.0663704526519259 0.03938142182720185 0.023465703971078406 0.0149958344903933 0.010847681199647932 0.008140099972215807 0.008417800610926795 0.006300333240755519 0.006786309358499746 0.007879755623424257 0.016905026381531338 0.02212926964728178 0.46520063871066164
0.020212438423614205 0.01691810344824982 0.005280172413784975 0.0042795566502397174 0.004695197044327747 0.005434113300484245 0.006111453201961035 0.011037561576337689 0.014578201970420908 0.021828817733956545 0.03198891625610839 0.05897475369449049 0.07581588669939068 0.0642703201969454 0.03760775862063176 0.026985837438382104 0.01383928571426441 0.014439655172391564 0.006434729064029503 0.008866995073877976 0.005403325123144391 0.008266625615750822 0.007450738916244688 0.020120073891594644 0.02898706896547262 0.48017241379236425
0.033257956835366566 0.02592028550767468 0.013660067377338348 0.008875967203518274 0.007983755595538967 0.0083529466057373 0.009475902595090565 0.011214176934774387 0.014398449397735016 0.018290337963575782 0.02112080237509634 0.027950836063765517 0.03388865814445538 0.039841863183903516 0.02698170966199489 0.02182841847797648 0.016721276170232866 0.015213746211923002 0.011475687233664874 0.008752903533452162 0.007414586121483203 0.00787607488423112 0.009014413832342649 0.022474502745823566 0.025981817342707735 0.5520328579990585
0.04211404327767918 0.03685696763327391 0.010716214484475444 0.005632139718804792 0.00377329562097238 0.003130949765670696 0.0028995954159343217 0.002884949838898587 0.002981747949619147 0.003425463166373677 0.0038817644258932918 0.0048964283099002985 0.00694131700351478 0.005189339850614996 0.003663682630345552 0.0032881608816636627 0.0024384885764498565 0.0024039341681311695 0.001880583626244831 0.002158849589923794 0.0025735024897480373 0.0042646089630930485 0.009046847539542852 0.04126734585530076 0.04752375329525375 0.7441660259226544
0.027097040416251123 0.026523921964130753 0.0069461956396988924 0.005180990807168151 0.004814194997811113 0.0055477866165251875 0.00522684028333778 0.008252905710533337 0.007771486210752226 0.01182916485176445 0.010063960019233709 0.018775360491463344 0.02565278191690779 0.07874647532133892 0.018500263634445565 0.026111276678604085 0.011233121661559264 0.024919190298193717 0.006281378235239262 0.0139153160174826 0.005822883473542965 0.014717681850451117 0.00855092730563593 0.0199445221337889 0.031406891176196314 0.576167442285651
0.014666064981924003 0.012756873090785967 0.005744931963333545 0.004391141349617483 0.004755623437925653 0.006144126631480588 0.008643432379879471 0.01626284365451218 0.019803526798077262 0.029661899472317305 0.035094418217100985 0.06105942793657828 0.07871077478464539 0.10655026381542185 0.04545612329900469 0.03193557345176351 0.016662038322659223 0.015533879477895838 0.006612746459305379 0.005068036656475513 0.0028464315467876173 0.004044015551228749 0.0031241321854986043 0.011142738128278356 0.012756873090785967 0.44057206331498094
0.010818265399922129 0.008197977321470736 0.005730922463981412 0.00533251608948003 0.005424456022057272 0.007646337726007284 0.011906221268752825 0.017943610174658377 0.025605271222761867 0.03807845540907435 0.05760036775964204 0.0972264787004333 0.11929206251897136 0.10389212381228334 0.06091020533242275 0.039794667483849536 0.021130861170669427 0.013790989886586284 0.007661661048103491 0.006083358872194172 0.003984063745013816 0.004658289917246923 0.005547042598826928 0.007416487894564179 0.008964143426281084 0.30536316273321273
0.032150878906249125 0.027299262152777035 0.01091200086805526 0.00631890190972205 0.004338921440972104 0.0037407769097221205 0.0033005099826387994 0.00416829427083322 0.004841851128472091 0.007218153211805359 0.009574110243055295 0.016286621093749558 0.022904188368054933 0.021795789930554962 0.014470486111110717 0.014918619791666261 0.01057318793402749 0.011335449218749693 0.008180067274305333 0.009741210937499736 0.008774685329860872 0.013413085937499635 0.019350043402777253 0.04038058810763779 0.0711748589409703 0.6028374565972059
0.012646321070190055 0.014666945373416016 0.0037973801560625786 0.0035883500557288587 0.002891583054616459 0.0051909141582873785 0.010068283166074176 0.02501393533993515 0.021669453734595633 0.02630295429199309 0.03222547380144849 0.10960144927498049 0.17286789297598637 0.1462165551834371 0.036197045707789165 0.010765050167186577 0.002578037904115879 0.002891583054616459 0.0010799888517242196 0.0021948160535040593 0.0017767558528366193 0.0033096432552838988 0.004459308807119359 0.011496655518354597 0.011984392419133277 0.3245192307681002
0.02692795138888772 0.022411892361110138 0.010655381944443982 0.008032118055555206 0.006835503472221925 0.007218315972221908 0.00844574652777741 0.010793402777777308 0.01379123263888829 0.019186197916665832 0.027972656249998784 0.041328559027775984 0.055258246527775376 0.04499088541666471 0.03078559027777644 0.022410590277776803 0.01581640624999931 0.012631510416666119 0.009335503472221817 0.008103732638888536 0.0070872395833330255 0.008478298611110742 0.01234071180555502 0.029062934027776516 0.045662760416664686 0.49443663194442294
0.021923828124999465 0.01841552734374955 0.007211669921874823 0.005416259765624868 0.004813964843749882 0.0046076660156248875 0.004358398437499893 0.00656787109374984 0.007836669921874808 0.013318847656249674 0.015515869140624621 0.033656494140624174 0.03967382812499903 0.06646362304687338 0.027874267578124317 0.032423583984374206 0.015730224609374614 0.02370996093749942 0.010747314453124737 0.017385742187499574 0.01024145507812475 0.01803369140624956 0.015490478515624621 0.027431152343749328 0.0736831054687482 0.47746850585936335
0.02775270758117927 0.029280061094089697 0.010986531519003424 0.007949180783102004 0.006664815329063689 0.006647459039144253 0.006925159677855239 0.006786309358499746 0.007480560955277214 0.007792974173827074 0.009598028325448489 0.01037906137182314 0.02376076089970883 0.011611357956103146 0.00749791724519665 0.006734240488741436 0.004686198278247906 0.007428492085518904 0.00518953068591157 0.007740905304068764 0.00702929741737186 0.010899750069406241 0.013642043876677239 0.03919050263808805 0.05637322965833037 0.6599729241865802
0.012061085039038688 0.01715150496045806 0.003867496216573876 0.0032866074567722663 0.0031337419936665794 0.004570677346860035 0.00764327315528434 0.01623431218182394 0.016173165996581664 0.025406239968165146 0.030038063500267456 0.056483788617551274 0.091367687298269 0.09162755858554866 0.03752847119244611 0.020178241129950657 0.00984453582400623 0.006405062904128277 0.0031643150862877166 0.002766864882212931 0.001864958649889379 0.002675145604349519 0.00382163657764217 0.013803751318443518 0.015026675023289013 0.5038751394889648
0.02871915820023817 0.02599782293173803 0.011738026124797282 0.009089259796790476 0.0077104499274170705 0.00609579100144032 0.007293178519580382 0.012772133526827337 0.011574746008687273 0.016201015965137518 0.019121915819994336 0.029952830188624904 0.03798984034826199 0.0451378809868557 0.02260522496367452 0.022169811320714494 0.012844702467320673 0.012354862118990648 0.007764876632787074 0.008309143686487103 0.00596879535557698 0.0077104499274170705 0.008399854862103774 0.02463715529748796 0.02828374455727815 0.5695573294619565
0.010722053732789998 0.014015255950718354 0.003599546610293785 0.0026039273351061423 0.001654259718773314 0.0012560120086982569 0.0015470391814454139 0.01363232546026157 0.00891462181783397 0.013724228777971198 0.009021842355161869 0.011487914713703569 0.015807370646056113 0.2179487179483841 0.005406978525249813 0.048371779554501164 0.0033544710964014423 0.04270440829574074 0.0022822657231224425 0.01116625310171987 0.0014857703029723282 0.01182489354530554 0.0025732928958695995 0.011886162423778626 0.11806512881763614 0.4149434794589729
0.02516501650160864 0.02694719471942748 0.008481848184804486 0.006155115511540998 0.004207920792072264 0.005363036303621513 0.005957095709561127 0.009290429042888959 0.008432343234309518 0.011666666666647415 0.010660066006583068 0.017689768976868497 0.021584158415805965 0.028696369636916342 0.0158415841583897 0.017293729372908757 0.011584158415822467 0.0124587458745669 0.007046204620450419 0.007293729372925258 0.006171617161705987 0.0077062706270499895 0.009917491749158552 0.027722772277181975 0.03600660066000659 0.650660066005527
0.022420437956197834 0.025150364963496305 0.008849635036493766 0.006201459854012788 0.005199999999998482 0.005760583941604157 0.005401459854013022 0.0069518248175162185 0.007950364963501329 0.011345985401456541 0.012832116788317421 0.019964963503643806 0.023027737226270648 0.024747445255467227 0.014764963503645324 0.0150160583941562 0.009874452554741642 0.010481751824814457 0.006975182481749788 0.007962043795618113 0.006843795620435958 0.010981021897807013 0.015614598540141427 0.032078832116778956 0.04163503649633821 0.6419678832114913
0.0126356015778898 0.014946992110430617 0.007997411242591226 0.004838510848118777 0.0047152366863832664 0.0062253451676432675 0.007735453648903268 0.013313609467435105 0.014500123274139392 0.026180350098578987 0.04729105029578511 0.0994976577907737 0.12714188855996186 0.1392689842206927 0.08772497534503247 0.05319280078887267 0.0249938362918747 0.015116494082816944 0.008243959566062248 0.005855522682436737 0.0033438116370757155 0.0047152366863832664 0.003482495069028164 0.006009615384606124 0.007920364891506533 0.2531126725834364
0.023625652452539222 0.017032447116946882 0.005769054668643298 0.004303897927400556 0.00390708464331398 0.005463813680884394 0.007753121089076179 0.014559995116099752 0.020237477488415378 0.030920912059977042 0.04685449162099187 0.08980189859866976 0.11702939470676404 0.09288483257503469 0.04563352766995625 0.029883092701596767 0.01306431427608112 0.008516223558473441 0.0038765605445380893 0.0033271267665720607 0.002106162815536442 0.002686120692278361 0.004731235310263022 0.01379689264670249 0.014254754128340848 0.37797991514185164
0.03158399999996631 0.02153599999997703 0.013205333333319247 0.010026666666655972 0.009322666666656723 0.009183999999990203 0.011093333333321501 0.013461333333318974 0.015861333333316414 0.01928533333331276 0.02214399999997638 0.02764799999997051 0.03308799999996471 0.03426133333329679 0.02103466666664423 0.01831466666664713 0.012693333333319793 0.012533333333319964 0.008949333333323787 0.008927999999990477 0.00849066666665761 0.009738666666656279 0.011914666666653957 0.025407999999972897 0.02927999999996877 0.561013333332735
0.025505215123807233 0.028275749673997156 0.012956323337652875 0.008494947848744102 0.005378096479780439 0.004909550195557143 0.006539276401551215 0.012589634941304209 0.011632170795282691 0.016093546284191466 0.020473435462800536 0.033022327248954896 0.044410039113338476 0.06170550847445057 0.024201434159011975 0.020025260756152165 0.010735821381985951 0.010145045632313101 0.005826271186428809 0.005907757496728512 0.005479954367655068 0.008882007822667695 0.009574641460215175 0.02222539113424416 0.025892275097730826 0.5591183181214164
0.02938333333328436 0.02608333333328986 0.01228333333331286 0.009599999999984 0.009499999999984167 0.011749999999980417 0.012099999999979833 0.01408333333330986 0.016199999999973 0.02101666666663164 0.02598333333329003 0.03426666666660955 0.03938333333326769 0.03624999999993958 0.02861666666661897 0.025183333333291362 0.018549999999969084 0.013983333333310028 0.008783333333318695 0.006966666666655056 0.006166666666656388 0.0073999999999876664 0.009366666666651055 0.023399999999961 0.030799999999948667 0.5228999999991285
0.02942105263152733 0.027017543859601725 0.013771929824537243 0.01192982456138258 0.009736842105246075 0.009105263157878763 0.010105263157877008 0.01505263157892096 0.015350877192955524 0.021578947368383193 0.022614035087679625 0.03371929824555488 0.04157894736834811 0.03624561403502413 0.019771929824526715 0.01773684210523204 0.011175438596471621 0.01375438596488815 0.007561403508758664 0.009280701754369684 0.00864912280700237 0.011491228070155278 0.013614035087695413 0.02336842105259058 0.030666666666612864 0.5357017543850251
0.027374760470799044 0.023063235696648195 0.01259238981656756 0.009957569121253153 0.0099746783465474 0.010813030385965622 0.012198877634799824 0.01657883931012767 0.01692102381601266 0.02290925266899995 0.026228442376084335 0.0358438269914525 0.04094237612913882 0.03977894880912986 0.02232753900899547 0.0199835751436833 0.012164659184211325 0.014423076923052246 0.009307418560071674 0.00917054475771768 0.007528059129469737 0.007836025184766227 0.007750479058294979 0.021403640843106003 0.02893169997257574 0.5339960306588181
0.03344999999994425 0.03183333333328028 0.008383333333319361 0.005216666666657972 0.004199999999993 0.005199999999991333 0.004766666666658722 0.007733333333320444 0.00764999999998725 0.009616666666650639 0.010583333333315695 0.019166666666634722 0.024799999999958668 0.04301666666659497 0.016883333333305193 0.015099999999974833 0.006799999999988667 0.007633333333320611 0.003983333333326695 0.004099999999993166 0.0024666666666625556 0.0031999999999946667 0.0049999999999916665 0.02594999999995675 0.03063333333328228 0.662633333332229
0.027360139860080068 0.029916958041892663 0.010380244755222071 0.010205419580397277 0.009309440559420215 0.01282779720276917 0.01621503496499953 0.01958041958037679 0.020913461538415834 0.02445367132861789 0.02635489510483751 0.0362980769229976 0.04278846153836803 0.037194055943974666 0.024999999999945368 0.01966783216778919 0.012499999999972684 0.011647727272701818 0.009178321678301621 0.008500874125855548 0.006118881118867747 0.007626748251731584 0.009593531468510504 0.02224650349645488 0.027207167832108376 0.516914335663206
0.012385579349001469 0.020788590254132093 0.0061927896745007345 0.006526407973463736 0.006547259117148925 0.007881732313000935 0.009654079526241886 0.014491544861205422 0.015617506620205555 0.02126816655889141 0.027544360808132894 0.054171271294117536 0.08342542588443581 0.10167017660897502 0.05089764173554307 0.04297420713517176 0.02723159365285508 0.01862007131087258 0.011697491607390276 0.010821743572612395 0.005525553076574729 0.006860026272426739 0.008757480347778816 0.015867720344427808 0.0214558268520581 0.3911257532467501
0.019983249581206057 0.023852596314867917 0.010787269681723975 0.008458961474022681 0.0052093802344971366 0.004941373534330082 0.006180904522602712 0.014539363484062748 0.014639865996625393 0.02177554438857324 0.0199999999999665 0.03522613065320732 0.0611055276380886 0.07291457286419947 0.02948073701837608 0.025912897822402154 0.016834170854243158 0.024639865996608643 0.014003350083728638 0.018157453936317992 0.010284757118910746 0.01664991624787831 0.012579564489091156 0.026817420435465967 0.059999999999899495 0.4250251256274288
0.032021240234374214 0.026369628906249356 0.011789794921874711 0.008872802734374782 0.007229003906249823 0.007212158203124824 0.006863769531249832 0.007808349609374809 0.008148437499999802 0.010108398437499753 0.011676757812499714 0.015527099609374621 0.019329833984374527 0.01886157226562454 0.013389160156249674 0.012758300781249688 0.010076171874999753 0.010436279296874745 0.008821289062499784 0.00985083007812476 0.009692138671874764 0.012623535156249692 0.01706249999999958 0.035802734374999125 0.05868188476562357 0.6089863281249851
0.016893721618095877 0.01972670082902194 0.006228388118138924 0.0034787318251812715 0.0024371953505761003 0.0027288255634655484 0.0035203932841654786 0.010144565262654366 0.01168603924507002 0.018206057576098392 0.027413240011608105 0.06828313127511502 0.12427613214988902 0.15429321334801005 0.04753572470098001 0.026184226971574003 0.011915177269483157 0.00985293504976492 0.0036870391201023057 0.00316627088279972 0.0018122734658129979 0.0032287630712760306 0.004270299545881201 0.01266508353119888 0.01174853143354633 0.3946173394984072
0.04204013377919391 0.030133779264163656 0.01583612040131131 0.0125919732441261 0.011220735785934414 0.010735785953159304 0.010317725752491107 0.010484949832758387 0.010802675585266217 0.013160535117034848 0.015785953177231127 0.019581939799298356 0.01782608695649193 0.019983277591939828 0.013695652173890141 0.01409698996653161 0.009732441471555631 0.010919732441453311 0.007591973244134462 0.008327759197310488 0.007290969899653359 0.010468227424731658 0.011304347826068054 0.027742474916341568 0.02897993311031943 0.6093478260859375
0.033677662037035414 0.029946469907405966 0.008662712191357608 0.004228877314814611 0.002467206790123338 0.0020143711419752116 0.0018267746913579368 0.002144097222222119 0.002510127314814694 0.0034519675925924263 0.00473042052469113 0.00831741898148108 0.012565104166666062 0.012716049382715438 0.006222993827160194 0.004411651234567689 0.002901234567901095 0.0027763310185183847 0.002047164351851753 0.002448881172839388 0.002697241512345549 0.004638310185184962 0.009666280864197066 0.04158661265431898 0.06819203317900906 0.7231520061728046
0.03587064676610967 0.03273631840790591 0.011343283582070741 0.007761194029837875 0.007943615257034919 0.0091044776119252 0.00927031509119524 0.009751243781078356 0.010082918739618436 0.01262023217245005 0.015638474295164777 0.026102819237104308 0.029784411276899195 0.031243781094475547 0.01771144278604028 0.016815920397982062 0.009237147595341232 0.01043117744608552 0.006567164179093587 0.006069651741283467 0.004643449419561122 0.00500829187395521 0.00769485903812986 0.02946932006628612 0.03686567164172991 0.6002321724699831
0.04318701171874895 0.039765136718749025 0.007966552734374806 0.0041054687499999 0.0024633789062499397 0.0021198730468749484 0.0017016601562499583 0.0019326171874999528 0.001716308593749958 0.0019780273437499515 0.001847412109374955 0.0023422851562499426 0.0029345703124999283 0.0032377929687499207 0.0018615722656249545 0.0020275878906249505 0.0015571289062499619 0.0018039550781249558 0.0014438476562499648 0.0019294433593749528 0.0021132812499999485 0.0037541503906249082 0.0075004882812498164 0.04464501953124891 0.059009033203123555 0.7550563964843565
0.039431423611025536 0.030924479166599555 0.019270833333291514 0.013433159722193071 0.007573784722205786 0.0059244791666538095 0.0055121527777658155 0.008680555555536717 0.009418402777757339 0.012304687499973297 0.013151041666638127 0.016514756944408605 0.014887152777745471 0.01888020833329236 0.008984374999980503 0.012304687499973297 0.0062499999999864365 0.008181423611093357 0.004513888888879093 0.0059027777777649676 0.0055121527777658155 0.008051215277760305 0.012608506944417081 0.030273437499934303 0.0452256944443463 0.6362847222208414
0.03138261959876392 0.026844618055554263 0.009599247685184723 0.004668209876542985 0.0032619598765430526 0.0027898341049381373 0.002738715277777646 0.0036713927469134034 0.004537519290123238 0.006668595679012025 0.008816068672839081 0.012868441358024072 0.01492380401234496 0.01656876929012266 0.011071084104937737 0.00955246913580201 0.006798321759258932 0.007244405864197182 0.005155285493826912 0.006112075617283656 0.00592592592592564 0.009993730709876062 0.015783661265431338 0.03625723379629455 0.1277088155864136 0.6090571952160201
0.036293674045137905 0.030568033854165837 0.01031005859374972 0.0070144314236109204 0.005526801215277628 0.0051779513888887485 0.004895562065972089 0.005390353732638743 0.005575086805555404 0.00663085937499982 0.007708333333333124 0.009616156684027516 0.011693250868055238 0.010524902343749714 0.007875434027777564 0.0072569444444442474 0.005920138888888728 0.005880262586805396 0.0051828342013887484 0.0058292643229165084 0.0061390516493053885 0.008135579427083112 0.012391221788194108 0.03770697699652675 0.05060926649305418 0.6901475694444257
0.007393205000372125 0.006595597821908742 0.0028529795229651767 0.0023468057366326455 0.0019633407469867884 0.002883656722136845 0.002883656722136845 0.0037119410997718968 0.0043101464836194335 0.0065342434235654044 0.005782652043859525 0.010031444129135621 0.012362911266182433 0.05083211902745482 0.00931052994860141 0.020937188434663797 0.006472889025222067 0.0316742081447478 0.004172099087346925 0.01868241429554616 0.005874683641374531 0.020369660249987927 0.007393205000372125 0.017992177314183615 0.49216964491066467 0.2444666001990268
0.03865515906531361 0.035089386261259715 0.007394601632882557 0.003551256334459303 0.002306798986486385 0.001917053772522438 0.0017300992398647888 0.0018717447916665843 0.0019891962274773897 0.002482756193693584 0.0028113562781530294 0.003662989161035875 0.004433681728603409 0.003908449465089918 0.0024462450731980905 0.0024691195101350263 0.001617486627252181 0.0017956432995494705 0.0014388900619368736 0.0017903645833332545 0.0019069362331080241 0.0033889358108106617 0.008251953124999637 0.0476170995213943 0.06349195875562784 0.751980838260102
0.03543983175989359 0.02894229919729288 0.008742916372172515 0.004519954058965896 0.002910755755250289 0.0023585798667204237 0.0020229358087640557 0.0028362120102987574 0.003225101600363362 0.005565538545032091 0.007802245304926994 0.015869140624999372 0.02395102357633185 0.025517625454360867 0.01195184710722893 0.009011904912156348 0.005095794628432755 0.004981020925888333 0.002855932577746252 0.0034183631613488147 0.0033292261964861366 0.00536044464357814 0.009627975439216098 0.035791252271807954 0.04764765183259101 0.6912244263681068
0.03495898434244337 0.02888567197452722 0.015690776884780627 0.012545965823037745 0.010948601474215962 0.010299672207507113 0.012163263947799192 0.012496048187137064 0.011397860197322088 0.011597530740924811 0.01252932661107085 0.01738797650540377 0.02229654403563737 0.029933942328441515 0.015457827917244118 0.013793906720554762 0.01028303299554022 0.012812193214508041 0.006772159270525679 0.008535915739016397 0.0073212532654331666 0.010366229055374689 0.010981879898149749 0.028902311186494115 0.03467611773900618 0.5969650077362403
0.03119885433704583 0.03883660665562317 0.014013911620246814 0.006342062193104398 0.005319148936152076 0.006205673758844088 0.007228587015796411 0.015548281505675299 0.014695853791548363 0.017525913802449788 0.01670758319688793 0.03242635024538862 0.059260774686104536 0.053123295144390605 0.017184942716799014 0.009922258592437526 0.005591925804672695 0.00842198581557412 0.004228041462069599 0.005182760501891767 0.004944080741936224 0.006819421713015482 0.009001636661180435 0.022197217675865393 0.022435897435820935 0.5656369339860692
0.03565721974601641 0.030933759425887664 0.010641101112883513 0.00699969164353797 0.005359795924086743 0.005415860735008153 0.005071062147841485 0.006010147730775093 0.0062119810500921675 0.007305244863059651 0.007882712415550169 0.01025986039861793 0.012805202814449919 0.011468057073974303 0.007857483250635535 0.007787402236983773 0.005732626916714116 0.006666106018555584 0.005079471869479696 0.0058783954251097805 0.005886805146747992 0.00853867070333066 0.014016202730352362 0.03389958792363022 0.04264850166791617 0.6939870490284826
0.02185943552842467 0.01701715550630528 0.00892363032647716 0.006191200885424076 0.006813779745410854 0.006156613170980365 0.006952130603185694 0.015184006640788655 0.01757055893740464 0.02528361925835195 0.0306793027115707 0.04143608190356449 0.04084809075802141 0.04807692307675679 0.029192030990491172 0.02542197011612679 0.01791643608184174 0.015944936358550273 0.01297039291639122 0.011275594908649433 0.008058937465384412 0.009649972329795068 0.00902739346980829 0.014457664637470747 0.024695628112808884 0.5283965135565565
0.019403707802921263 0.0174322080796298 0.012624515771954122 0.012382401770848152 0.012555340343066702 0.012347814056404442 0.01286662977306009 0.015253182069676074 0.018089374654060287 0.024868566685027432 0.040917266186908836 0.08937465412254643 0.11438157166534871 0.07052434975072452 0.032823741007080715 0.022758716103961126 0.016152462645212532 0.014941892639682685 0.011759822910861372 0.010272551189781846 0.007125069175404244 0.006364139457642626 0.005879911455430686 0.010895130049768624 0.013938848920815098 0.37406613170872277
0.04558437499999763 0.03984270833333126 0.00936354166666618 0.004568229166666429 0.003129687499999837 0.0024635416666665385 0.002011979166666562 0.0021489583333332216 0.0022479166666665496 0.0026484374999998623 0.0032510416666664977 0.004530208333333098 0.0072447916666662894 0.005640624999999707 0.003993749999999793 0.0036843749999998085 0.002762499999999856 0.0029171874999998483 0.0025520833333332006 0.003101562499999839 0.003586458333333147 0.0049052083333330785 0.009072916666666195 0.03813749999999801 0.04637239583333092 0.7442380208332946
0.046011874031859794 0.03746128033028697 0.016907589055185506 0.008292462570959305 0.005356220960230523 0.004549561177063276 0.004130098089816307 0.006033815178091011 0.0063887454826846 0.009099122354126552 0.011454568920974914 0.014132679401090175 0.019004904491420352 0.022618740320009618 0.011035105833727946 0.008615126484226203 0.005356220960230523 0.006614610221971429 0.004065565307162927 0.005065823438290314 0.00625967991737784 0.00942178626739345 0.012035363964855331 0.027587764584319864 0.03346024780577742 0.6590410428476412
0.016556478145067662 0.01653141156195628 0.0048127839573853005 0.003521854927149139 0.002882657057808904 0.00435218549271366 0.0036847877173731207 0.008271972426755985 0.007269309102300715 0.015415948613499791 0.016026946576839722 0.040664264452439085 0.0502647657840983 0.1354566818110182 0.03632774557417004 0.04611937960205354 0.015271815760609346 0.031652827823897334 0.009008303305652825 0.013723954253481522 0.006169512768288839 0.01145542848190147 0.009641234529215215 0.01971800093999069 0.02994203352654553 0.4452577158074745
0.016425619834693775 0.015960743801636403 0.004369834710739287 0.0037706611570208983 0.0035330578512360196 0.004039256198342935 0.005175619834705397 0.01303719008263116 0.010971074380153956 0.015392561983455172 0.016766528925602514 0.03558884297516984 0.05809917355365899 0.08681818181809213 0.03448347107434454 0.032117768595008145 0.014679752066100537 0.021776859504109736 0.008068181818173483 0.014318181818167026 0.009028925619825384 0.016973140495850234 0.0152995867768437 0.02844008264459872 0.08548553718999433 0.4293801652888126
0.03737131754556816 0.031536102294917864 0.009376525878905058 0.005531311035155547 0.004199981689452591 0.00395711263020783 0.004084269205728647 0.004617055257160871 0.0056813557942701105 0.007396697998045935 0.008869171142576997 0.010787963867186128 0.0125109354654932 0.012442270914711959 0.009044647216795725 0.008162180582681254 0.00613403320312422 0.005653381347655531 0.0044530232747390175 0.0043398539225254894 0.004271189371744248 0.005143483479817054 0.008397420247394765 0.03526560465494343 0.0433209737141872 0.707452138264884
0.017455368060623845 0.015086206896528665 0.005212154561009397 0.004937026167759634 0.0046466128637737735 0.007810589386146046 0.011555392516490041 0.014688799217390119 0.018494741990678507 0.024440572267020604 0.042308632917519094 0.08628332110527286 0.12154561017345081 0.10502262166772894 0.0467106872095153 0.02127659574464833 0.008941672780617294 0.008238566886756789 0.0038517975054966802 0.004203350452426933 0.002430300807039572 0.004906456346287438 0.0077341648324655565 0.017012105649277007 0.03134935191973687 0.3638573000728114
0.02711666666662147 0.02656666666662239 0.009566666666650722 0.006783333333322028 0.00794999999998675 0.007733333333320444 0.006966666666655056 0.01303333333331161 0.011966666666646721 0.020866666666631888 0.023583333333294026 0.03688333333327186 0.043799999999927 0.057749999999903746 0.0326166666666123 0.03338333333327769 0.022233333333296277 0.024349999999959418 0.015816666666640306 0.012349999999979417 0.0068999999999884995 0.008816666666651972 0.0092999999999845 0.023149999999961417 0.03241666666661264 0.47809999999920316
0.032519042968749204 0.026824218749999344 0.011159912109374727 0.00736987304687482 0.005359130859374869 0.00449365234374989 0.0035107421874999143 0.0045991210937498875 0.004175048828124898 0.005418945312499868 0.004766113281249883 0.007386474609374819 0.007582763671874815 0.01023779296874975 0.004980957031249878 0.006892822265624832 0.004973388671874878 0.007905273437499806 0.005832275390624858 0.009653564453124763 0.010434326171874744 0.01713134765624958 0.02615332031249936 0.048026611328123824 0.1064826660156224 0.61613061523436
0.026343459060531947 0.03026247873209149 0.008105679710932907 0.005410158863665124 0.0050278154810739495 0.004588120591094098 0.0032116844137658686 0.0061939627979770324 0.0061366112905883565 0.009711521917815841 0.0094056472117429 0.020149496262554915 0.01823777934959904 0.026515513582697978 0.012598214456379212 0.019365692328243006 0.009348295704354226 0.018773060085226684 0.009099772505669962 0.01611577357621802 0.01231145691943583 0.019652449865186387 0.016823108834011693 0.03209772696852913 0.0587088263968749 0.5958056930918277
0.0241634114583294 0.024161783854162733 0.011306966145831493 0.009790039062498406 0.007213541666665492 0.00708333333333218 0.006458333333332282 0.008416341145831964 0.009226888020831832 0.013300781249997834 0.018251953124997028 0.03491536458332765 0.047239583333325647 0.04972167968749191 0.025948893229162443 0.02247721354166301 0.013465169270831141 0.014690755208330943 0.010327148437498318 0.012965494791664556 0.011816406249998078 0.01749674479166382 0.02107421874999657 0.028706054687495326 0.051995442708324874 0.4977864583332523
0.03442595016613831 0.028192236238925156 0.009641133792819471 0.007998003901465229 0.00693256971130698 0.007255110023313554 0.007195691790878723 0.00883373185226648 0.009668795912202538 0.012716386928873911 0.014972066791846811 0.023649562993837723 0.033176286260888824 0.028722906337169934 0.017843394783809273 0.015346833185248617 0.011713801073953993 0.01147845176224285 0.009296795730739039 0.010184196520547863 0.009366614920061904 0.011592198397146026 0.014276530462078949 0.033610249589770394 0.07035539184498513 0.5515551090274712
0.02175788954628403 0.01821375739639357 0.008166913214964969 0.007673816568023687 0.006564349112405805 0.005732248520692393 0.006934171597611766 0.010046844181428602 0.014207347139995663 0.019169132149842304 0.02973989151864602 0.04672090729768639 0.06468811637060931 0.06669132149880827 0.04018737672571441 0.028507149901292814 0.015563362919084186 0.014084072978260342 0.006841715976310276 0.006964990138045596 0.0043454142011700395 0.006872534516744105 0.004776873767243661 0.00813609467453114 0.2471030571984495 0.2903106508866793
0.034931520061727554 0.034136043595678185 0.006305700231481329 0.002901957947530794 0.0017361111111110692 0.001635561342592553 0.0013199266975308323 0.0017168209876542795 0.0017339409722221804 0.002514226466049322 0.0028084008487653644 0.005033757716049261 0.00723620756172822 0.0064132426697529315 0.0034758391203702863 0.0037239583333332433 0.0020358314043209384 0.0023606288580246344 0.0013864776234567566 0.001857397762345634 0.0018417245370369927 0.0032860725308641184 0.007098765432098594 0.037220293209875646 0.03881365740740647 0.7864759355709686
0.02019680086264334 0.019590222861206888 0.00602084831055441 0.003953989935289464 0.004246046010055162 0.007997843278199142 0.012064162473013874 0.015928289000683122 0.014445542774949574 0.01709651329974592 0.03199137311279657 0.10004043853320443 0.157934938892528 0.11718188353676046 0.03711358734714883 0.014917325664955704 0.004246046010055162 0.003729331416238926 0.0013928828181133338 0.003617002156713657 0.0026959022286064524 0.003324946081947958 0.005144680086257313 0.01359184040255753 0.020601186196934306 0.36093637670659384
0.021530100334373154 0.017802396878421813 0.009267001114794917 0.005365105908565478 0.004215440356730019 0.008814102564071858 0.013412764771413696 0.018603678929701075 0.014039855072414856 0.020484949832704553 0.04191053511691085 0.08462235228510095 0.09897575250801639 0.06333612040111714 0.037729933110236445 0.02818422519499657 0.016443701226252633 0.011566332218465836 0.005887681159399778 0.005574136008899198 0.003936733556285058 0.0055044593087879585 0.005225752508342998 0.013726309921914275 0.014109531772526095 0.42973104793607253
0.033931213017646907 0.025147928994005336 0.014577169625201624 0.014515532544333963 0.01337524654828225 0.015039447731709074 0.016333826429929938 0.017381656804680158 0.016210552268194615 0.02160379684411488 0.02678131163699833 0.047645463510701286 0.05796967455603436 0.050357495068878336 0.028599605522594305 0.02188116370801935 0.013621794871752892 0.01300542406307629 0.007303994082817727 0.007797090729759008 0.007550542406288367 0.010385848126200733 0.010539940828369884 0.020001232741555717 0.021203155818475088 0.4672398915172977
0.015799999999973665 0.020866666666631888 0.012366666666646056 0.009333333333317777 0.005466666666657556 0.0036999999999938332 0.003483333333327528 0.0074666666666542226 0.009999999999983333 0.019449999999967583 0.026966666666621723 0.05244999999991258 0.057799999999903665 0.08319999999986133 0.05534999999990775 0.05606666666657322 0.030399999999949332 0.030533333333282443 0.014616666666642306 0.013766666666643721 0.005783333333323694 0.009599999999984 0.008183333333319694 0.01666666666663889 0.05114999999991475 0.3795333333327008
0.045910416666664275 0.0404281249999979 0.007553124999999607 0.002967187499999846 0.0015687499999999183 0.0011265624999999414 0.0008552083333332888 0.0007984374999999585 0.0007739583333332931 0.0008161458333332908 0.0009072916666666194 0.0011151041666666087 0.0017489583333332424 0.0018989583333332346 0.0009744791666666159 0.001244791666666602 0.0009078124999999528 0.0012989583333332657 0.0010229166666666134 0.0013984374999999273 0.0017203124999999105 0.0035505208333331487 0.00873177083333288 0.045751041666664286 0.054253124999997175 0.7706776041666266
0.03289930555555413 0.02739062499999881 0.012890624999999439 0.007737413194444108 0.005069878472222002 0.004151041666666486 0.003634982638888731 0.003971788194444272 0.004029513888888714 0.005467013888888652 0.007152343749999689 0.013668836805554961 0.02385026041666563 0.02302083333333233 0.009563802083332918 0.007532552083333006 0.004861979166666456 0.005240885416666439 0.003933593749999829 0.004586805555555356 0.004977864583333117 0.007569010416666338 0.013589409722221632 0.04063888888888712 0.05265190972221993 0.6699188368055264
0.017133215737376896 0.015737403175065976 0.0067796610169387535 0.006120101234747879 0.006028069637232874 0.005966715238889537 0.005169108060426154 0.010322877521266472 0.00995475113120645 0.016090190965540162 0.015016488994531764 0.025508091111242415 0.024357696142304843 0.045463609172412815 0.023330009970053946 0.03219572053066616 0.019556714471938713 0.02825370043710675 0.013206534243403319 0.022946544980408087 0.013866094025594192 0.022731804586206408 0.018237594907556963 0.032885957512028705 0.18048930132651203 0.3826520438678079
0.03711359404089923 0.032067039106085535 0.01577281191803394 0.012253258845414798 0.01094972067037067 0.010260707634990204 0.008845437616370865 0.008938547486016874 0.009068901303521287 0.011303538175025505 0.01156424581003433 0.017039106145219668 0.020484171322122 0.01912476722529027 0.011843575418972359 0.012364990688990008 0.007616387337043545 0.011415270018600716 0.008193668528848801 0.010912476722512268 0.009590316573538938 0.011973929236476772 0.015176908752299484 0.029906890130298125 0.03445065176902337 0.6117690875221382
0.0256330168248675 0.022051474262822647 0.009141262701963308 0.005393136764939628 0.004206230218215462 0.0050599700149819675 0.006954855905366161 0.011015325670475147 0.014263701482562336 0.020177411294310808 0.035794602698576136 0.05493086789926926 0.06182325503901836 0.055867899383525176 0.031234382808530664 0.01896968182571429 0.008204231217707388 0.005330667999322566 0.002582042312171868 0.0029776778277465898 0.0023738130934483305 0.004018823921364279 0.006663334999153208 0.018948858903841934 0.021926536731588526 0.5444569381964341
0.030996942716370688 0.028862282081886393 0.010668656462995045 0.005100203149112622 0.0031688046553497743 0.002791981638213717 0.002397074130336919 0.002913486810378068 0.0027976330415701986 0.003525910554108774 0.004228505578060673 0.007205602072884471 0.010597825540927145 0.009279039171006885 0.00497562110178752 0.004422223126446731 0.0033004195601851645 0.0038211021894289884 0.0029586980372299197 0.0036756099496849048 0.004051239892779038 0.007109591009194914 0.016405207630047478 0.038357330447852125 0.1614435140978642 0.6249454953542913
0.021921574519227476 0.02143329326922755 0.009379507211537052 0.007594651442306552 0.0071063701923066245 0.007331730769229668 0.007405348557691195 0.010088641826921561 0.011954627403844358 0.016945612980766685 0.02396033653845794 0.044197716346147206 0.06296123798075977 0.04674879807691605 0.026663161057688303 0.02031700721153541 0.012445913461536591 0.010958533653844508 0.007285156249998905 0.008031850961537254 0.0064603365384605675 0.008542668269229486 0.011688701923075168 0.02762920673076508 0.03839393028845577 0.522554086538383
0.026975911458324554 0.025192057291658465 0.011640624999996211 0.008925781249997095 0.006582031249997858 0.006601562499997851 0.006373697916664592 0.009228515624996996 0.00990559895833011 0.014264322916662023 0.016399739583327994 0.025068359374991838 0.029596354166657034 0.0323470052083228 0.019410807291660347 0.017242838541661053 0.01123697916666301 0.012919921874995794 0.008466796874997243 0.010283203124996653 0.009322916666663631 0.014033203124995432 0.018860677083327195 0.034208984374988864 0.052998046874982746 0.5619140624998171
0.034530386740261355 0.03260074748124675 0.01381215469610454 0.009932564185875178 0.009038836529068414 0.009424764380871335 0.010196620084477175 0.013080922976899006 0.015091810204714227 0.017569873253132983 0.019479200519947434 0.0244556386089851 0.030041436464027377 0.026771205719802627 0.017041761455928985 0.012816867078297009 0.008693532661665799 0.009120084497869028 0.006601397465049965 0.006987325316852886 0.007373253168655807 0.010399740006478713 0.011923139421490243 0.02658839779000124 0.027279005524806468 0.5891493337654592
0.03278096516926528 0.03131612141926552 0.011269463433157812 0.008692423502602693 0.006971571180554374 0.00643581814236002 0.006188286675346173 0.007102118598089074 0.008424546983505516 0.011710272894963292 0.01749165852864287 0.02784389919704389 0.03555128309461203 0.0305396185980851 0.019888983832461907 0.015050252278643282 0.009685940212671969 0.00878058539496379 0.006547715928818335 0.007186889648436281 0.006652832031248872 0.007795545789929234 0.009931776258678872 0.03071933322482118 0.04529656304252704 0.590145534939136
0.027716531635801133 0.021698977623455747 0.012545814043209272 0.008829571759258834 0.007129147376542866 0.006691261574073752 0.006618441358024372 0.008012635030863812 0.009596836419752624 0.013272087191357385 0.018549382716048488 0.02947193287036895 0.03823688271604754 0.034110243055553914 0.020791859567900233 0.015557002314814066 0.010554591049382207 0.009255883487653875 0.007238136574073725 0.007311439043209524 0.007190875771604592 0.009393807870369917 0.014537037037036337 0.03002121913580102 0.059328703703700844 0.5663396990740468
0.017503059975493417 0.019507343941218624 0.005584455324348861 0.005094859241118276 0.005921052631569888 0.006777845777223412 0.005569155446747905 0.006074051407579446 0.0058292533659641535 0.010006119951025082 0.017793757649911576 0.08802019583829862 0.1792074663399951 0.15533965728250407 0.059332925336506526 0.021098531211718025 0.006487148102805252 0.004192166462661884 0.002677478580167262 0.0035801713586236534 0.0022949816401433673 0.00312117503059498 0.005263157894728789 0.012224602203163671 0.013433292533639177 0.338066095470719
0.014940925362573838 0.01267205593181178 0.0045881581822077135 0.003428513806484885 0.003966319893776632 0.0069242533738812385 0.013865313187990344 0.013730861666167408 0.014386312835054224 0.030234785969932884 0.03596578208763556 0.07225088653960059 0.09035142266501345 0.14707315843406485 0.057410799818393955 0.04295726122242827 0.01729382699447523 0.014352699954598489 0.0052940286717781315 0.004252029377650372 0.002201643669850588 0.002638611115775132 0.003932707013320898 0.0107225088653792 0.01354599082366087 0.3610191425348128
0.030046012269892567 0.029202453987685274 0.008588957055201551 0.0048466257668637325 0.004493865030667954 0.005920245398763926 0.00527607361962381 0.007684049079742816 0.007469325153362777 0.009248466257654527 0.010184049079738982 0.014371165644149737 0.014938650306725554 0.018128834355800417 0.009386503067470266 0.009417177914095985 0.005858895705512486 0.006579754601216902 0.004217791411036476 0.004509202453980814 0.004739263803673713 0.006472392638026883 0.010797546012253377 0.03483128834350486 0.03797546012264114 0.6948159509191797
0.021172529313197366 0.021557788944687507 0.010351758793952509 0.007939698492449012 0.006381909547728003 0.006013400334998302 0.00614740368508183 0.010569514237838242 0.0123115577889241 0.01618090452258596 0.0186097152428499 0.022144053601302942 0.02160804020096883 0.03353433835840279 0.018408710217724607 0.022144053601302942 0.013031825795623063 0.022026800669979855 0.01053601340031736 0.015561139028449645 0.00911222780567988 0.015561139028449645 0.013835845896124228 0.031541038525910316 0.08335008375195418 0.530368509211842
0.022611400462961874 0.019715470679011395 0.006287133487654018 0.004862557870370136 0.004394290123456579 0.0047612847222219925 0.005489486882715785 0.007456114969135444 0.010614872685184674 0.016574074074073276 0.02604552469135677 0.041969039351849834 0.05229841820987403 0.041831597222220206 0.022972608024690252 0.014641203703702999 0.009762249228394592 0.00773003472222185 0.005878182870370087 0.005154320987654073 0.004846161265431866 0.005839602623456509 0.009314236111110662 0.03161313657407255 0.04012586805555362 0.5772111304012068
0.01128335949762676 0.015502354788043723 0.004415227629506123 0.0026981946624759644 0.0022239665096771585 0.002534667713234997 0.0029761904761856093 0.0066064887493350885 0.01380167451593766 0.03219845630554651 0.058640763997810964 0.09808346415473233 0.10572017268428552 0.10413396127664813 0.056040685504879575 0.03594322344316467 0.01854395604392572 0.011463239141791825 0.005854264782826638 0.004676870748291671 0.0033032443746675443 0.00307430664573019 0.003924646781783221 0.012428048142313533 0.013033097854505113 0.3708954735734385
0.0348733634728242 0.034100267222342315 0.014705635199383699 0.01238634644793804 0.008403220113933543 0.0072099628577549785 0.007814994705958193 0.00887380044031382 0.009495638728744902 0.01084015394697427 0.014100603351180484 0.022789532948987765 0.02984823784469194 0.03362968689596203 0.014554377237332895 0.012705668812267515 0.006470479487728827 0.008033478428920465 0.005394867313145334 0.006941059814109106 0.0069242533738812385 0.009310767886238365 0.012772894573178983 0.030587721214718092 0.035007814994647134 0.6022251726851612
0.023384934413579122 0.022935956790122353 0.00881847993827118 0.0055613425925923245 0.003923611111110922 0.00387345679012327 0.004073109567901039 0.005312982253086164 0.007143614969135458 0.010618248456789612 0.01572434413580171 0.025452353395060502 0.03395640432098602 0.034198495370368724 0.02084635416666566 0.014598283179011642 0.009209104938271161 0.007636959876542842 0.005491898148147884 0.0055227623456787465 0.00542775848765406 0.00710503472222188 0.011440489969135251 0.03018711419752941 0.038163580246911744 0.6393933256172531
0.025171874999998907 0.020736979166665767 0.006890624999999701 0.005170138888888664 0.004703124999999796 0.005434027777777541 0.006300781249999726 0.008858940972221837 0.011196180555555069 0.01680251736111038 0.023875868055554517 0.038845052083331645 0.04887934027777566 0.05053993055555336 0.030815104166665327 0.025004774305554468 0.0158576388888882 0.014644097222221587 0.0097144097222218 0.009754774305555132 0.00735373263888857 0.009696614583332912 0.012368055555555018 0.028245225694443217 0.06370920138888612 0.4994309895833116
0.023934323798903197 0.028967647875539838 0.007740905304068764 0.00435642876977861 0.002915856706465364 0.0035233268536456483 0.003471257983887338 0.006404470980272138 0.007011941127452423 0.011663426825861457 0.01730422104967838 0.03153637878361647 0.03882602054977988 0.05057622882523852 0.017911691196858665 0.015429741738379217 0.008261594001651865 0.010899750069406241 0.004963898916958894 0.006300333240755519 0.0049118300472005836 0.009945154123837223 0.013694112746435548 0.0320223549013607 0.0425749791723782 0.5948521244088537
0.032824179395381764 0.028152421189355896 0.00983100422485444 0.0060529736756335184 0.006540461488436219 0.006946701332438468 0.006256093597634644 0.009384140396451966 0.011862203444865688 0.01442151446207986 0.016574585635291784 0.02071823204411473 0.023196295092528452 0.03245856353577974 0.017387065323296282 0.02063698407531428 0.015680857978486833 0.017996425089299658 0.00942476438085219 0.013487162820874686 0.008449788755246792 0.013446538836474462 0.013812154696076486 0.02384627884293205 0.032377315566979294 0.5882352941152574
