0.036282608695632455 0.03338586956519925 0.009695652173907774 0.0063206521739096085 0.0046739130434757204 0.004380434782606315 0.004206521739128149 0.005211956521736298 0.004597826086954023 0.0063206521739096085 0.006885869565213649 0.01135869565216774 0.021233695652162373 0.021733695652162103 0.008978260869560339 0.01180434782608054 0.0058858695652141925 0.010869565217385397 0.004402173913041086 0.0074673913043437675 0.0053315217391275375 0.010315217391298741 0.01141847826086336 0.032010869565199995 0.05842391304344651 0.6568043478257299
0.029009836065554746 0.02388852459014827 0.013868852459007298 0.01302295081966359 0.010386885245894829 0.009599999999993706 0.009075409836059622 0.011298360655730297 0.0129114754098276 0.0161114754098255 0.024957377049163964 0.051199999999966425 0.08472131147535428 0.056399999999963014 0.028629508196702538 0.020373770491789917 0.014590163934416662 0.01285901639343419 0.009508196721305241 0.010760655737697862 0.010537704918025878 0.013363934426220745 0.016609836065562877 0.0224852459016246 0.0307737704917831 0.44305573770462753
0.039874686716692045 0.036817042606424016 0.014285714285678482 0.007794486215519312 0.004711779448609745 0.004586466165402039 0.004210526315778921 0.004310776942345085 0.00398496240600505 0.005939849624045263 0.00734335839597157 0.013157894736809127 0.019348370927269803 0.018295739348325072 0.007769423558877771 0.008345864661633218 0.005814536340837557 0.0063659147869514635 0.004536340852118957 0.00418546365913738 0.004536340852118957 0.005964912280686805 0.010726817042579632 0.028822055137772376 0.03526315789464846 0.6930075187952556
0.03482587064675462 0.027472636815911285 0.015429519071305 0.010855721393031226 0.008892205638471345 0.00838474295190435 0.007701492537310879 0.009094527363181063 0.009880597014922096 0.012391376451073834 0.014252072968486152 0.023890547263673668 0.04116417910446396 0.032490878938629356 0.014859038142615303 0.01330016583747486 0.009326699834159428 0.013213930348254323 0.008706467661688654 0.011323383084573358 0.009860696517409664 0.013538971807624034 0.015147595356545557 0.028255389718066914 0.05310779436150809 0.5526334991706293
0.03407804878047118 0.03442926829266613 0.01239024390243298 0.006965853658533187 0.00573658536585086 0.00463902439024164 0.004097560975607757 0.004887804878046396 0.005390243902436395 0.007590243902435322 0.009004878048776095 0.015136585365846274 0.020780487804867912 0.019009756097551702 0.008229268292678912 0.007960975609752214 0.005287804878046201 0.008297560975605708 0.004707317073168436 0.006243902439021344 0.005092682926826784 0.008717073170727455 0.010453658536580266 0.031409756097545656 0.05610731707314336 0.6633560975606521
0.05092696629208714 0.04468164794003307 0.006310861423215065 0.00268726591760048 0.0013951310861410157 0.00143258426966158 0.0013014981273396053 0.0011048689138566433 0.0010955056179765023 0.0017977528089870808 0.001853932584267927 0.004091760299621637 0.005936329588009423 0.005205992509358421 0.002481273408237377 0.0032303370786486607 0.001413857677901298 0.0023595505617955434 0.0011329588014970665 0.002228464419473569 0.0017602996254665166 0.0030149812734054167 0.00582397003744773 0.036750936329553605 0.046535580524301 0.7634456928831803
0.034086956521720606 0.031885869565200065 0.011690217391297995 0.0062282608695618325 0.004114130434780373 0.003461956521737249 0.0036847826086936495 0.004864130434779965 0.005315217391301459 0.0067826086956484875 0.00870108695651701 0.014173913043470557 0.01963586956520672 0.024342391304334597 0.009032608695647265 0.011206521739124344 0.005722826086953412 0.012233695652167264 0.0048967391304321215 0.008396739130430219 0.005853260869562036 0.01135869565216774 0.011554347826080677 0.03173913043476536 0.06064130434779313 0.6483967391300824
0.03218360995842276 0.029745850622329498 0.006976141078820082 0.0053163900414799885 0.0044087136929346245 0.004927385892103404 0.006483402489609742 0.011151452282128757 0.013770746887931092 0.015715767634814016 0.029979253111955446 0.0553682572612672 0.07282157676329662 0.051478215767501355 0.025726141078771456 0.010529045643126221 0.005938796680482524 0.007391078838155106 0.004149377593350235 0.0045383817427268195 0.003293568464721749 0.0042790456431424295 0.0067946058091110095 0.022536307053883462 0.028760373443908815 0.5357365145214322
0.05299847792994444 0.04093607305932958 0.01043378995432996 0.007541856925412829 0.0059589041095845065 0.004406392694060573 0.004048706240483981 0.004147640791473252 0.0042389649923864235 0.00461948249619131 0.005532724505323034 0.007031963470314283 0.007382039573814778 0.008980213089795297 0.005228310502279126 0.005502283105018643 0.003949771689494711 0.004200913242005935 0.0030213089802107905 0.0039041095890381245 0.0035007610350049462 0.005616438356160109 0.00986301369862263 0.03644596651443193 0.04789193302888288 0.7026179604256448
0.04672004132219339 0.037732438016431474 0.011596074380135341 0.006482438016512184 0.0053977272727133326 0.005759297520646283 0.006611570247916809 0.005759297520646283 0.004984504132218532 0.005191115702465932 0.004416322314038181 0.0039772727272624556 0.004519628099161881 0.007076446280973459 0.0033316115702393297 0.005707644628084433 0.002866735537182679 0.004726239669409282 0.002840909090901754 0.0036157024793295046 0.0033832644628011797 0.004416322314038181 0.008419421487581562 0.032076446280908895 0.04473140495856216 0.7276601239650629
0.03783042394011818 0.033541147132141694 0.01472984206150064 0.009459684123017906 0.007522859517865734 0.007057356608472937 0.006508728179545712 0.006566916043219811 0.00665004156275424 0.008279301745629028 0.010257689110548415 0.01597672485451706 0.02185369908560112 0.017647547797159064 0.009118869492926751 0.0077057356608414744 0.004297589359929927 0.004688279301741738 0.0037073981712354882 0.004746467165415838 0.004314214463836813 0.006034912718199472 0.009600997506226432 0.03364089775558301 0.03370739817121055 0.6745552784699297
0.04362359550557713 0.03886704119846548 0.007696629213475939 0.004775280898871933 0.0038108614232174056 0.0036235955056145848 0.003988764044940085 0.004129213483142201 0.004812734082392497 0.006320224719095205 0.007303370786510015 0.008632958801490044 0.010065543071151624 0.011151685393247986 0.007565543071153965 0.006863295880143386 0.004850187265913061 0.004887640449433626 0.0032490636704089427 0.004026217228460649 0.0034644194756521867 0.0048782771535534845 0.00787453183519862 0.03470973782768286 0.03818352059921518 0.7206460674150555
0.036103030303008425 0.03721818181815926 0.013387878787870674 0.007163636363632022 0.005206060606057451 0.005206060606057451 0.004630303030300224 0.005830303030299497 0.00550909090908757 0.006939393939389734 0.008521212121206956 0.015096969696960547 0.024454545454530633 0.018115151515140537 0.009054545454539967 0.007224242424238046 0.005321212121208896 0.006866666666662505 0.005484848484845161 0.005890909090905521 0.005696969696966244 0.007915151515146717 0.010830303030296466 0.03526060606058469 0.040369696969672506 0.6667030303026262
0.040665236051393064 0.037848712446250404 0.01853540772527217 0.011453862660913482 0.006652360515003615 0.007001072961354611 0.006974248927019919 0.008127682403411675 0.007349785407705606 0.009603004291819735 0.012392703862627702 0.017301502145876335 0.028218884120095978 0.02191523605144336 0.012580472102970546 0.011480686695248174 0.007778969957060678 0.00874463519310959 0.005579399141615935 0.005177038626595555 0.006035407725305699 0.009603004291819735 0.01115879828323187 0.024302575107230946 0.029399141630822426 0.6341201716721188
0.028672672672655452 0.029759759759741884 0.013213213213205278 0.008906906906901558 0.007369369369364943 0.007357357357352938 0.0062102102102064806 0.007441441441436972 0.007993993993989193 0.010792792792786311 0.014084084084075625 0.023819819819805514 0.0403243243243001 0.03422222222220167 0.01497297297296398 0.01084084084083433 0.006426426426422566 0.007369369369364943 0.004894894894891955 0.005837837837834332 0.005543543543540214 0.007981981981977188 0.011849849849842733 0.03283483483481511 0.04596996996994236 0.6053093093089458
0.03143877551018804 0.029158163265291245 0.010877551020402613 0.008173469387750931 0.005709183673466475 0.0053163265306095326 0.004760204081630225 0.006387755102037557 0.006051020408160178 0.00815816326530196 0.008275510204077411 0.012688775510197607 0.017188775510195313 0.021714285714274636 0.009877551020403124 0.011933673469381666 0.008428571428567129 0.01308163265305455 0.006913265306118922 0.00935204081632176 0.00635204081632329 0.010724489795912895 0.011979591836728582 0.03450510204079872 0.05084183673466794 0.6501122448976275
0.025524055187986717 0.026638642750780896 0.01224454051126749 0.007563272747531934 0.00519079350672718 0.00476884250081224 0.0060028501596200825 0.006416839825800778 0.0077384222216853055 0.011129952948473309 0.02039695239913349 0.0443685463389426 0.08181072710909279 0.047274435341941715 0.022379325992960282 0.014569251713666779 0.009179424713583495 0.008470865477235766 0.006193922313241942 0.007069669684008797 0.006241690351647407 0.00784191963823048 0.0093068061493314 0.023286918722664113 0.02687748294280822 0.5515138487500286
0.024426666666653638 0.023087999999987688 0.008383999999995529 0.007322666666662761 0.006565333333329832 0.006698666666663094 0.006767999999996391 0.009231999999995076 0.010543999999994377 0.015322666666658494 0.020687999999988965 0.036245333333314 0.04491733333330938 0.046895999999974985 0.026234666666652674 0.02334399999998755 0.01451199999999226 0.013999999999992534 0.008266666666662257 0.009882666666661396 0.0072746666666627866 0.009983999999994676 0.009738666666661473 0.02653333333331918 0.08511466666662128 0.4980159999997344
0.02730961298375324 0.026622971285876016 0.011810237203488259 0.00843945068663643 0.007228464419471143 0.0069850187265874004 0.006248439450682741 0.007578027465663184 0.008845193508109335 0.011123595505611034 0.013014981273400115 0.019182272159788277 0.03666042446939035 0.028420724094863657 0.015199750312100375 0.01442571785267514 0.01070536828963127 0.014456928838942286 0.00880149812733533 0.012265917602988598 0.009581772784013993 0.014394506866407994 0.01497503121097692 0.029001248439432584 0.07915106117348368 0.5575717852680664
0.04802576711802828 0.0421591464640895 0.012624737583721207 0.006067926264613154 0.004486239323600247 0.0038535645471950834 0.003939838380341242 0.003709774825284819 0.003939838380341242 0.0035947430477566078 0.0032496477151719733 0.002501941161238599 0.004026112213487401 0.005636557098882361 0.002904552382587339 0.005003882322477198 0.002070571995507806 0.004514997267982299 0.0024156673280924406 0.004630029045510511 0.0030195841601155507 0.005492767376972097 0.008454835648323542 0.03560233514498144 0.037644149196107195 0.740430794004715
0.03389130434780767 0.03266847826085181 0.010456521739124753 0.006581521739126858 0.004456521739128013 0.0040271739130412895 0.0033641304347807803 0.004978260869562511 0.005603260869562172 0.00838043478260414 0.011527173913037213 0.0205434782608584 0.030146739130418397 0.03063586956520074 0.011434782608689438 0.011472826086950286 0.004472826086954091 0.010260869565211815 0.0032336956521721557 0.006722826086952868 0.003499999999998098 0.008646739130430084 0.010179347826081424 0.0329021739130256 0.04671739130432244 0.6431956521735634
0.03998463114743856 0.033837090163847755 0.01762295081962699 0.012602459016361162 0.009144467213091331 0.009221311475386216 0.010117827868826543 0.011347336065544705 0.009861680327843592 0.00909323770489474 0.011449795081937884 0.014959016393404306 0.018391393442575843 0.01936475409831105 0.014549180327831585 0.014241803278652045 0.010348360655711198 0.010604508196694147 0.007735655737685103 0.008862704918010085 0.00599385245900104 0.00852971311473225 0.011808401639314015 0.02743340163927399 0.032684426229424475 0.6202100409820179
0.035156249999890136 0.04065624999987295 0.008343749999973926 0.00546874999998291 0.00559374999998252 0.005687499999982227 0.006562499999979492 0.007312499999977148 0.009687499999969726 0.011812499999963085 0.018624999999941796 0.024093749999924707 0.03315624999989639 0.018249999999942968 0.007687499999975977 0.007093749999977832 0.003124999999990234 0.0049374999999845706 0.0029999999999906247 0.004187499999986914 0.002906249999990918 0.004812499999984961 0.007093749999977832 0.029156249999908887 0.03509374999989033 0.660499999997936
0.03745772594750003 0.035965014577238504 0.00846647230320206 0.0049446064139912855 0.0033644314868785047 0.0036209912536422036 0.0028513119533511073 0.003930029154516659 0.0038892128279860703 0.005037900874632631 0.005341107871717002 0.009078717201160887 0.010676384839643921 0.013527696792995028 0.005615160349850953 0.007947521865884578 0.004857142857140025 0.008291545189499538 0.004932944606411117 0.007510204081628274 0.006145772594748603 0.011475218658885436 0.014909620991244951 0.040384839650122226 0.07675801749266661 0.6630204081628787
0.033200143665185415 0.0318308341563441 0.010662656011469285 0.007430187662729123 0.005230313369836512 0.003479393014268925 0.0027835144114151398 0.005634371913429033 0.006487384394346576 0.011425877704921823 0.016274580228032066 0.03739786297917438 0.06283110352863691 0.07894854987860521 0.02848612732327268 0.020404956451422273 0.006060878153887804 0.005836401185225293 0.0021774265960263594 0.002626380533351382 0.0018407111430325924 0.0033222591362051667 0.006936338331671598 0.023974140253156202 0.02745353326742513 0.5572640747046842
0.03459928229654725 0.0348385167463073 0.015669856459283284 0.0114533492822624 0.007984449760741674 0.007147129186581498 0.0075657894736615855 0.007505980861221573 0.0078050239234216355 0.012380382775082594 0.014922248803783128 0.022458133971224706 0.039593301435288296 0.02248803827744471 0.012709330143502662 0.010855263157862274 0.005980861244001253 0.005562200956921165 0.004635167464100971 0.006429425837301347 0.006578947368401379 0.007894736842081654 0.010017942583702099 0.021919856459264593 0.053558612440031225 0.6074461722469873
0.04099692307689785 0.03676923076920814 0.013058461538453503 0.007464615384610791 0.005366153846150544 0.004350769230766553 0.003969230769228327 0.004110769230766701 0.004886153846150839 0.00553846153845813 0.007495384615380003 0.010516923076916604 0.018473846153834784 0.012867692307684388 0.006886153846149609 0.006350769230765323 0.003723076923074632 0.004639999999997145 0.003335384615382563 0.004209230769228179 0.004572307692304879 0.0071015384615340914 0.014036923076914438 0.034104615384594396 0.046627692307663615 0.6885476923072685
0.03880120481925373 0.034475903614437066 0.01237349397589616 0.0078012048192724085 0.005969879518068693 0.006156626506020387 0.004656626506021291 0.005620481927707458 0.005771084337345921 0.007325301204814864 0.008018072289151796 0.014301204819268493 0.02050602409637319 0.016156626506014363 0.007849397590356718 0.007825301204814563 0.004759036144575447 0.005831325301201306 0.00445783132529852 0.005530120481924379 0.005349397590358223 0.008144578313248106 0.012638554216859856 0.03400602409636506 0.04249397590358886 0.6731807228911607
0.04150309917344653 0.037629132231307774 0.011053719008235915 0.005604338842960733 0.004442148760319106 0.0034090909090821048 0.0031249999999919294 0.004235537190071706 0.004313016528914481 0.006275826446264784 0.01030475206608909 0.016193181818139998 0.022753099173494957 0.022933884297461432 0.012809917355338818 0.012345041322282167 0.006379132231388484 0.007618801652872885 0.003770661157015055 0.004158057851228931 0.0034090909090821048 0.004467975206600031 0.005940082644612758 0.029700413223063788 0.03700929752056557 0.6786157024775862
0.038539651837430994 0.0326644100579481 0.013225338491263961 0.008728239845240019 0.007084139264973201 0.007543520309459518 0.008607350096690988 0.012306576402291328 0.01719052224367217 0.023089941972864868 0.02219535783360204 0.019414893616974335 0.02021276595739794 0.016803675048315272 0.01003384912956955 0.010638297872314705 0.00759187620887913 0.006600580270777078 0.005633462282384832 0.006141199226290761 0.005754352030933863 0.006503868471937853 0.010009671179859745 0.028892649903218343 0.03297872340417558 0.621615087039116
0.038352505042691075 0.0424412582455366 0.01635501281138212 0.009703974268086725 0.005669737774612469 0.00583328790272629 0.005560704355869921 0.0060513547402113845 0.005751512838669379 0.007605080957292686 0.009867524396200547 0.016900179905094858 0.027312871395008143 0.022760726162506784 0.01043994984459892 0.010385433135227646 0.005451670937127374 0.007141688927636859 0.004034236493474256 0.006869105380780491 0.007059913863579949 0.00956768249465854 0.012211742899165316 0.02654963746381031 0.034127460066417356 0.6459957476949081
0.03322580645159504 0.03328494623654125 0.011516129032251873 0.008043010752683847 0.005908602150534458 0.005532258064513154 0.0058225806451581595 0.006543010752684654 0.0072526881720391114 0.00908064516128544 0.010327956989241759 0.016543010752679277 0.020870967741924262 0.019327956989236922 0.010763440860209268 0.01028494623655361 0.005736559139781862 0.007220430107523 0.004612903225803972 0.006005376344082792 0.0055752688172013036 0.008720430107522194 0.012473118279563187 0.03217741935482141 0.045037634408577935 0.6581129032254526
0.028636363636349173 0.030156565656550425 0.012914141414134892 0.00882828282827837 0.008661616161611787 0.0082828282828241 0.006530303030299732 0.007686868686864805 0.008757575757571334 0.01230303030302409 0.01559595959595172 0.03380303030301323 0.06563636363633049 0.04333838383836195 0.0169696969696884 0.010358585858580627 0.007424242424238675 0.007212121212117569 0.005085858585856017 0.006338383838380637 0.006560606060602747 0.008898989898985405 0.013085858585851977 0.025671717171704207 0.07140404040400435 0.5298585858583182
0.03734782608693622 0.03388586956519898 0.010782608695646314 0.005646739130431714 0.003315217391302546 0.0035054347826067906 0.0024565217391290996 0.004771739130432189 0.0038858695652152792 0.005657608695649099 0.005494565217388318 0.011260869565211272 0.01705978260868638 0.021048913043466823 0.006434782608692155 0.008820652173908249 0.004146739130432529 0.010624999999994226 0.0035978260869545665 0.007972826086952189 0.004288043478258539 0.010478260869559523 0.012010869565210863 0.03695108695650166 0.05351086956518831 0.6750434782605027
0.025523809523795224 0.026532212885139198 0.007148459383749497 0.0048683473389328465 0.0033277310924351104 0.0034229691876731523 0.0033109243697460444 0.0039607843137232715 0.004397759103638993 0.006117647058820102 0.006369747899156095 0.010257703081226746 0.019047619047608377 0.025613445378136913 0.006873949579828082 0.010761904761898733 0.004464985994395257 0.014420168067218813 0.004375350140053571 0.010470588235288252 0.005652661064422603 0.012481792717079842 0.00981512605041467 0.027462184873934196 0.2335854341735386 0.5097366946775855
0.037925333333313105 0.03385599999998194 0.013045333333326376 0.008453333333328825 0.006015999999996791 0.005487999999997073 0.005653333333330318 0.006159999999996715 0.005919999999996843 0.006767999999996391 0.007557333333329303 0.010639999999994326 0.019717333333322817 0.013029333333326384 0.006842666666663017 0.00643199999999657 0.004501333333330933 0.005605333333330344 0.0039359999999979 0.004730666666664144 0.004735999999997474 0.008543999999995442 0.013285333333326248 0.03721066666664682 0.07915733333329111 0.6447893333329895
0.044578651685351516 0.041750936329548925 0.007677902621715658 0.004101123595501778 0.0025093632958778003 0.0019382022471891964 0.0019382022471891964 0.002677902621720339 0.002228464419473569 0.0025749063670387875 0.0029400749063642883 0.004063670411981214 0.006544943820218591 0.006591760299619296 0.003239700374528802 0.00448501872658756 0.002265917602994133 0.003239700374528802 0.0022752808988742742 0.002911985018723865 0.002827715355802596 0.0038295880149776876 0.006235955056173937 0.03519662921345019 0.05851123595500139 0.7428651685386303
0.03984924623108903 0.0480569514237051 0.01105527638189103 0.005661641541029042 0.004438860971516852 0.0036683417085365687 0.002948073701837608 0.004455611390277294 0.004154103852589357 0.00420435510887068 0.00509212730317405 0.007470686767156665 0.01475711892794848 0.009899497487420604 0.004103852596308034 0.004489112227798175 0.0022948073701804105 0.004120603015068475 0.002964824120598049 0.0049078726968091995 0.003768844221099215 0.005628140703508161 0.009430485762128257 0.03760469011718994 0.040619765494069315 0.7143551088765253
0.02308862433860907 0.02332671957670415 0.01332010582009701 0.009001322751316798 0.008379629629624087 0.00912698412697809 0.00918650793650186 0.010357142857136008 0.013326719576710763 0.018412698412686234 0.023015873015857793 0.03228174603172468 0.04206349206346424 0.03426587301585035 0.02097222222220835 0.01753968253967094 0.012189153439145377 0.01332010582009701 0.008366402116396584 0.008650793650787929 0.00788359788359267 0.010502645502638557 0.012453703703695466 0.027572751322733086 0.04381613756610859 0.547579365079003
0.034299060223525385 0.0342545737640915 0.010993716287598846 0.0061446922093053745 0.004837902463435001 0.004565422899402455 0.004443085135959271 0.0058332869932681795 0.005327253517207736 0.006244786743031616 0.007273536117440208 0.011783350942550307 0.028310070622238608 0.019679697492064906 0.008146582883830203 0.0098315075348886 0.005338375132066208 0.007473725184892691 0.003686815325583225 0.005416226436075507 0.004448645943388506 0.007824056052934536 0.01059333815269388 0.03518878941220309 0.040944225101461965 0.6771172774283061
0.03646941961107856 0.03190009933295899 0.011409110259652591 0.006158649070508986 0.004938271604924257 0.00442741592165623 0.00519369944655827 0.0070952178231670346 0.009394068397873155 0.014587767844431424 0.015978430537772162 0.02489002412366996 0.028011919965863455 0.04370654179070894 0.018419185468941623 0.015524336597089473 0.008514261387800441 0.008429118773922438 0.005449127288192282 0.005477508159484951 0.004711224634582911 0.007407407407386385 0.009422449269165823 0.022676316162841843 0.03913722151258937 0.6106712076043403
0.03907033639141341 0.03429969418958147 0.010721712538219743 0.00691743119265632 0.004685015290517012 0.004226299694187018 0.003541284403667559 0.004709480122321278 0.0047339449541255445 0.006006116207947397 0.005498470948008869 0.00927217125381696 0.012782874617729185 0.020452599388366695 0.006159021406724061 0.009039755351676428 0.005571865443421669 0.011162079510696537 0.004415902140670082 0.006996941896020186 0.005278287461770472 0.009113149847089228 0.011492354740054132 0.035706422018326786 0.0545993883791715 0.6735474006112089
0.029177295918289815 0.0317283163264463 0.006643282312907516 0.005341198979577643 0.00385310374148636 0.005553784013590684 0.005075467687061343 0.0064041241496428465 0.0062446853741330655 0.008397108843515102 0.009566326530586824 0.01995642006797418 0.025244472789048563 0.029921343537335453 0.012542517006769392 0.012569090136021022 0.003613945578221689 0.005846088435358615 0.0014880952380912837 0.005792942176855355 0.003295068027202128 0.009433460884328674 0.009460034013580304 0.03212691326522075 0.034385629251609304 0.6763392857124885
0.03271171171168224 0.038396396396361804 0.009540540540531946 0.004873873873869483 0.00353153153152835 0.00353153153152835 0.003810810810807378 0.004576576576572454 0.004225225225221419 0.00534234234233753 0.005108108108103506 0.009549549549540947 0.011720720720710162 0.014477477477464435 0.004369369369365433 0.00535135135134653 0.0026576576576552635 0.0034234234234203392 0.001684684684683167 0.0029189189189162894 0.0028108108108082785 0.005180180180175513 0.008594594594586853 0.03079279279276505 0.15400900900887027 0.6268108108102461
0.034989158288894665 0.028237729154276962 0.011605558840893935 0.007737039227262623 0.007663118470314254 0.00975753991718471 0.01116203429920372 0.013724620540080513 0.014710230632725432 0.019441159077421048 0.02353144096189747 0.03134240094610846 0.04353932584258935 0.03972008673359028 0.024073526512852175 0.015892962743899338 0.009560417898655724 0.00795880149810773 0.005962941060501767 0.00542085550954706 0.004533806426166633 0.006529666863772596 0.008993692095384895 0.020229647151536984 0.02353144096189747 0.5701507983427702
0.03344390243900808 0.031321951219496914 0.012043902439018515 0.007653658536581632 0.005082926829265813 0.004726829268290377 0.004282926829266204 0.005317073170729113 0.004931707317070765 0.00624878048780183 0.007521951219508526 0.011878048780482011 0.021146341463404317 0.023687804878037226 0.007326829268289109 0.008731707317068911 0.004302439024388145 0.010848780487799586 0.003599999999998244 0.007692682926825516 0.0049268292682902795 0.010331707317068131 0.009043902439019978 0.02502439024389023 0.13004878048774143 0.5988341463411713
0.042402402402376936 0.038528528528505385 0.010846846846840332 0.005771771771768305 0.003765765765763504 0.0025945945945930362 0.002846846846845137 0.003507507507505401 0.004252252252249698 0.004996996996993996 0.006798798798794715 0.008612612612607439 0.018012012012001193 0.012048048048040811 0.006630630630626648 0.006408408408404559 0.00455855855855582 0.00578378378378031 0.0042222222222196865 0.005507507507504199 0.00455855855855582 0.007657657657653059 0.010372372372366143 0.037711711711689064 0.05494894894891594 0.6866546546542422
0.04517167381962132 0.038358369098609554 0.01491416309008875 0.009361587982807507 0.006706008583672999 0.005606223175950627 0.005230686695264939 0.006625536480668923 0.005901287553632239 0.004828326180244559 0.007859442060064755 0.01209763948494609 0.022934549356161654 0.013251072961337845 0.007403433476374991 0.005820815450628163 0.0032457081544977314 0.004077253218873183 0.0032725321888324235 0.004238197424881335 0.005016094420587403 0.006786480686677075 0.009388412017142198 0.03036480686687134 0.04214055793980112 0.6793991416290789
0.025068292682914602 0.022975609756086354 0.009834146341458617 0.007721951219508428 0.006560975609752897 0.006317073170728626 0.006004878048777558 0.00790243902438639 0.007434146341459788 0.010521951219507062 0.0144585365853588 0.029487804878034395 0.05904878048777607 0.045814634146319116 0.01966341463413675 0.016107317073162875 0.009492682926824638 0.011209756097555507 0.0061512195121921215 0.008048780487800953 0.006478048780484645 0.010175609756092597 0.012419512195115893 0.03026341463413158 0.04164390243900407 0.5691951219509419
0.04518214936243608 0.03807832422583053 0.00632058287795417 0.004435336976316543 0.0034061930783211235 0.0033606557377018572 0.003715846994532135 0.0053551912568257235 0.005418943533692697 0.006566484517298209 0.006967213114747753 0.012741347905270727 0.024234972677573557 0.029781420765000198 0.010318761384325756 0.008278688524582625 0.005500910746807376 0.005063752276862419 0.0031967213114724984 0.004134790528229386 0.0031329690346055257 0.003989071038247733 0.0058469945355138 0.0240710382513442 0.08938069216749601 0.6415209471761006
0.029933333333266813 0.02848888888882558 0.012955555555526766 0.011177777777752938 0.008888888888869136 0.008866666666646962 0.00828888888887047 0.010933333333309037 0.010999999999975555 0.012066666666639851 0.01604444444440879 0.020911111111064643 0.027488888888827803 0.02302222222217106 0.016222222222186174 0.012577777777749826 0.00797777777776005 0.006422222222207951 0.005999999999986666 0.005933333333320148 0.0064444444444301235 0.009999999999977778 0.011733333333307259 0.028844444444380345 0.03582222222214262 0.6219555555541734
0.04058123249296878 0.03506302521005948 0.01295518207282006 0.007927170868341788 0.006659663865541555 0.006232492997194515 0.005266106442573343 0.005700280112040826 0.005840336134449692 0.006330532212880721 0.006855742296913966 0.008305322128845724 0.014159663865536304 0.009418767506996205 0.005525210084029744 0.005504201680668414 0.003991596638652667 0.005105042016803148 0.003760504201678039 0.004656862745094778 0.0051400560224053645 0.006638655462180225 0.010707282913157768 0.033893557422945454 0.03737394957980576 0.7064075630247154
0.04433913934414872 0.03778176229498519 0.013883196721275914 0.009195696721287921 0.007044057377031137 0.006019467213099336 0.006173155737689106 0.007069672131129432 0.006659836065556712 0.007505122950800447 0.007633196721291923 0.010476434426202674 0.01416495901635716 0.015573770491763386 0.007812499999979988 0.00904200819669815 0.004918032786872649 0.006941598360637957 0.004610655737693108 0.00578893442621468 0.005814549180312975 0.009733606557352116 0.009964139344236771 0.03027663934418474 0.035373975409745455 0.6762038934408908
0.050266587677576226 0.04176540284347818 0.015491706161091552 0.01024881516584642 0.0064277251184643724 0.004502369668233109 0.004472748815152628 0.004650473933635514 0.003465639810416275 0.004976303317520804 0.0048281990521184 0.007138625592395916 0.009893364928880648 0.011255924170582772 0.0061315165876595626 0.00512440758292321 0.0023400473933579973 0.003287914691933389 0.002754739336484731 0.0037618483412210843 0.0046208530805550325 0.008738151658741889 0.015462085308011072 0.03219786729848283 0.03945497630320067 0.6967417061590736
0.041268788682490565 0.03786472148532744 0.01184792219272359 0.006520778072487797 0.004840848806355347 0.004575596816966013 0.004199823165331123 0.0036030061892051214 0.004177718832882012 0.004664014146762458 0.007161803713512021 0.01129531388149581 0.01615826702030027 0.013881520778041818 0.005150309460642904 0.005548187444726905 0.0025641025640968963 0.003536693191857788 0.0016799292661324493 0.002519893899198674 0.0025641025640968963 0.0052608311228884595 0.009350132625974027 0.03129973474794143 0.037776304155530994 0.7206896551708207
0.04664830119364865 0.04074839302102675 0.013131313131282987 0.006496786042225673 0.002961432506880254 0.004522497704305504 0.003719008264454272 0.0034435261707909926 0.003512396694206813 0.0037878787878700922 0.004247015610642224 0.005555555555542802 0.005555555555542802 0.0057392102846516545 0.0036960514233156656 0.005073461891632063 0.002640036730939761 0.005371900826433949 0.0030991735537118934 0.003833792470147305 0.004109274563810585 0.005831037649206081 0.01065197428831347 0.03126721763078221 0.03891184572993822 0.7354453627164016
0.04158682634728049 0.0395748502993775 0.013622754491009807 0.007197604790414851 0.005263473053889064 0.004221556886225017 0.0036526946107762557 0.00350299401197395 0.004035928143710158 0.00428143712574594 0.005790419161673179 0.0066826347305349205 0.012640718562866683 0.007952095808378471 0.0042514970059854785 0.004317365269458493 0.003311377245506999 0.003083832335327495 0.00274850299401033 0.003359281437123737 0.003383233532932106 0.005089820359278389 0.010868263473047384 0.035574850299379894 0.042610778443088256 0.7213952095804064
0.033074999999983465 0.04257999999997871 0.009464999999995267 0.00575999999999712 0.003929999999998035 0.004109999999997945 0.0035749999999982124 0.00373999999999813 0.004429999999997785 0.006804999999996598 0.008854999999995573 0.015544999999992228 0.02716499999998642 0.01793999999999103 0.008534999999995732 0.00605999999999697 0.0029549999999985226 0.003429999999998285 0.0020349999999989825 0.0035649999999982176 0.0035149999999982426 0.00493999999999753 0.00735999999999632 0.04029999999997985 0.03609999999998195 0.6942299999996528
0.031113924050617157 0.025817721518974268 0.01021265822784293 0.007281012658224162 0.005012658227845563 0.005007594936706325 0.004106329113921971 0.004855696202529187 0.005270886075946698 0.006799999999996557 0.007255696202527972 0.014460759493663563 0.021529113924039733 0.030268354430364422 0.011331645569614515 0.013260759493664172 0.00851139240505898 0.012617721518980954 0.008263291139236323 0.016374683544295505 0.015615189873409815 0.02596962025315141 0.026369620253151205 0.040906329113903336 0.12474936708854444 0.5170379746832825
0.04746987951804369 0.04487349397587658 0.009204819277102889 0.004722891566262215 0.0032530120481908116 0.0026987951807212656 0.00222891566264926 0.0027530120481911126 0.00218674698795049 0.002933734939757269 0.0028373493975886524 0.004024096385539745 0.006542168674694854 0.005879518072285614 0.002903614457829576 0.004132530120479439 0.002120481927709566 0.0029638554216849613 0.0019939759036132565 0.003114457831323425 0.002879518072287422 0.004650602409635753 0.007487951807224405 0.03980120481925313 0.04349397590358826 0.742849397589914
0.03801498127337265 0.0331460674156993 0.008735955056171595 0.005215355805238562 0.003932584269659239 0.0035861423220940204 0.0034269662921316228 0.004897003745313767 0.005617977528084627 0.008876404494373711 0.01379213483144776 0.025842696629189286 0.03179775280895899 0.03375468164790847 0.021123595505598197 0.017687265917586435 0.008642322097370186 0.007808988764037632 0.004634831460669817 0.005973782771529987 0.004288389513104599 0.005898876404488859 0.008810861423212723 0.03220973782768519 0.04278089887636444 0.619503745317772
0.04078995939451645 0.03624492432623605 0.010451273532644769 0.005675526024350139 0.0043373938722675864 0.003922111480241967 0.003899040236240543 0.005352528608330213 0.0063907345883942625 0.008051864156496743 0.011743263196724476 0.024086378737485956 0.02881598375777774 0.02570136581758559 0.011189553340690316 0.009712993724599222 0.0041297526762547766 0.004591177556283243 0.003945182724243389 0.0038528977482376963 0.0028146917681736465 0.00463732004428609 0.007521225544464006 0.029946474713847485 0.0432124400146659 0.6589839424126546
0.0375004805288942 0.03183023872672927 0.011109829700512993 0.006938838273157769 0.006439088148221199 0.007707684619214032 0.00861107907583014 0.010513973782319391 0.014550417099114768 0.01643409064695261 0.01912505285814953 0.021950563179906294 0.022085111290466142 0.025083612040085565 0.018029446815019355 0.015722907776850568 0.010590858416925017 0.009879675546822973 0.006246876561707133 0.007284819128883088 0.00609310729249588 0.006746626686643704 0.008476530965270294 0.02467996770840603 0.03238765232762006 0.6139814708018798
0.04570999570989766 0.038824538824455544 0.014693264693233177 0.008365508365490422 0.007121407121391846 0.005233805233794007 0.0048691548691444245 0.004075504075495334 0.004161304161295235 0.004375804375794989 0.005512655512643688 0.006542256542242509 0.009909909909888654 0.009888459888438677 0.005727155727143442 0.005855855855843295 0.0034320034319960703 0.00413985413984526 0.0034105534105460947 0.0051480051479941055 0.004204204204195186 0.005233805233794007 0.008151008150990667 0.03305448305441215 0.038974688974605376 0.7133848133832832
0.03161119293077125 0.028668630338724986 0.010933726067743467 0.007110456553753429 0.0055935198821780285 0.005463917525771586 0.004807069219438937 0.006471281296021658 0.0068630338733411305 0.009334315169363967 0.011552282768774211 0.01736671575846322 0.022833578792334955 0.030998527245940797 0.0141855670103051 0.014530191458022229 0.008350515463915065 0.012615611192927064 0.006491899852722683 0.008621502209128535 0.006309278350513606 0.010821796759937902 0.011908689248891926 0.030701030927826008 0.0584624447717059 0.6173932253311878
0.03293363499243369 0.03267722473602362 0.011644042232268744 0.00803167420813874 0.0060708898944147275 0.005399698340870739 0.004238310708895748 0.005520361990946063 0.006010558069377066 0.007601809954745398 0.008212669683251725 0.011176470588226866 0.014720965309189501 0.019366515837089468 0.008242835595770557 0.010754147812963232 0.006040723981895897 0.012699849170427827 0.006191553544490052 0.01012820512819749 0.008137254901954648 0.01322775263950737 0.01435897435896353 0.031568627450956586 0.08712669683251348 0.6179185520357331
0.04737827715351369 0.0409925093632575 0.007191011235948323 0.004035580524340791 0.003061797752806122 0.0030337078651656987 0.002874531835203301 0.003773408239696841 0.004822097378272638 0.005964419475649846 0.008380149812726235 0.013146067415718029 0.015084269662907225 0.01675093632957233 0.011226591760289114 0.009035580524336109 0.004897003745313767 0.004494382022467702 0.003258426966289084 0.0036797752808954308 0.003071161048686263 0.003979400749059944 0.0052340823969988445 0.02543071161046308 0.055617977528037814 0.693586142321448
0.03593714285712232 0.03466857142855162 0.009902857142851483 0.005462857142854021 0.0038685714285692178 0.00361714285714079 0.0030971428571410875 0.0046285714285687835 0.00531999999999696 0.0065428571428534045 0.007902857142852627 0.013559999999992252 0.01770857142856131 0.01881142857141782 0.008748571428566429 0.012611428571421364 0.008462857142852307 0.00945142857142317 0.005411428571425479 0.008319999999995246 0.006582857142853381 0.0116228571428505 0.013777142857134984 0.03245142857141003 0.1001485714285142 0.6113828571425077
0.0493749999998457 0.039343749999877047 0.012749999999960156 0.009406249999970605 0.00640624999997998 0.005781249999981934 0.004343749999986425 0.005218749999983691 0.00546874999998291 0.0059999999999812495 0.006312499999980273 0.007093749999977832 0.007687499999975977 0.008968749999971973 0.0040624999999873046 0.006031249999981152 0.0035312499999889647 0.0059999999999812495 0.0033124999999896484 0.0050312499999842775 0.002718749999991504 0.00559374999998252 0.008968749999971973 0.02884374999990986 0.03696874999988447 0.7147812499977663
0.03804406816444686 0.03088027786814588 0.015277325518247918 0.009443178117851288 0.006431129925088377 0.0050743514598798585 0.0063768587864800365 0.00949744925645963 0.012048192771051644 0.014327580592601955 0.01929338977526513 0.027922500813991308 0.04035059155530134 0.03826115271888022 0.017475306631885717 0.01324215782043514 0.005508520568746585 0.007109519157692637 0.003337675024412955 0.004721589058925644 0.003012048192762911 0.005372842722225733 0.008466297622901155 0.02729838271999539 0.03687723868436753 0.5943503744692435
0.03534505208332183 0.03209635416665622 0.0120833333333294 0.008268229166663974 0.007197265624997657 0.007324218749997616 0.006490885416664554 0.007913411458330757 0.008007812499997394 0.009645182291663527 0.010130208333330035 0.014397786458328647 0.019176432291660425 0.01726236979166105 0.009609374999996872 0.010009765624996742 0.006751302083331135 0.008437499999997253 0.005908203124998077 0.006822916666664446 0.0059700520833313895 0.008629557291663858 0.012024739583329419 0.035384114583321816 0.043284505208319245 0.6518294270831212
0.03773089545237906 0.03785278949832362 0.0104266291607966 0.0062728551336087455 0.004688232536329406 0.0031317393342680435 0.0033286451007938783 0.0039381153305167015 0.004941397093291194 0.006300984528826722 0.008907641819025872 0.014345991561167983 0.027285513361437145 0.014664791373638382 0.0077824660103068145 0.0068166901078229565 0.004303797468350395 0.0046601031411114295 0.00355368026253769 0.0039381153305167015 0.004350679793713689 0.006385372714480651 0.009498359118603377 0.03450539146738443 0.03510548523203459 0.6952836380677963
0.034605363984647815 0.03192337164748511 0.010068965517233663 0.006122605363979983 0.004896551724134179 0.004360153256701639 0.004567049808425619 0.0072950191570825326 0.007425287356316149 0.009762452107272213 0.011432950191562121 0.021762452107263016 0.03898850574709656 0.04822222222218527 0.018865900383127306 0.016505747126424133 0.00857471264367159 0.008337164750951465 0.005348659003827319 0.005363984674325391 0.005072796934862013 0.005961685823750221 0.00980842911876643 0.027885057471243 0.03328735632181357 0.6135555555550853
0.03545833333330378 0.03400833333330499 0.015608333333320326 0.008666666666659445 0.005966666666661694 0.006024999999994979 0.006374999999994688 0.007349999999993875 0.006941666666660882 0.008158333333326535 0.009049999999992458 0.017708333333318577 0.0314833333333071 0.019824999999983477 0.01014999999999154 0.009466666666658777 0.006974999999994187 0.007208333333327327 0.005091666666662424 0.0053999999999954995 0.0045583333333295345 0.005783333333328514 0.008924999999992562 0.030283333333308095 0.03369166666663859 0.6598416666661168
0.036373497242996704 0.030570369700749216 0.010449245231835037 0.00536924884750001 0.004248395552735699 0.003868751694831657 0.0042845521106313214 0.006237006236994962 0.009075296031801364 0.014064901021397333 0.019560697821532025 0.03753050709565664 0.05009491096438562 0.05817590165405735 0.02194703064264314 0.01364910060559767 0.007267468137020216 0.006327397631734019 0.0032360119316582553 0.0034529512790319934 0.00329024676850169 0.004501491458005059 0.006472023863316511 0.024803398716397355 0.03192624062183508 0.5832233571353462
0.035086533261143214 0.03366684694421834 0.010546241211441891 0.004664683612753144 0.0034252749233742896 0.00283937263384974 0.0024562826753144577 0.0029745808545092512 0.0034703443302607933 0.005363259419493953 0.00709843158462435 0.01313773210741586 0.015954570037822347 0.023729042725744255 0.011537768162944976 0.011380025238842212 0.007030827474294594 0.010794122949317662 0.004597079502423389 0.006782945736418823 0.004213989543888106 0.007278709212170365 0.009419506039279296 0.03055705786904958 0.040314584459977654 0.691680187487174
0.0394554283731368 0.037677766215665806 0.012161810613917443 0.008129552549410056 0.005029483177235021 0.00394554283731368 0.004617585848064911 0.005766562608381533 0.006308532778342203 0.009885535900082627 0.012096774193522163 0.017624869927121 0.02217741935479063 0.016887790495974487 0.011641519250755199 0.010189039195260603 0.004921089143242887 0.004682622268460192 0.0028832813041907665 0.0039238640305152535 0.0037937911897246925 0.006438605619132764 0.009755463059292067 0.02946149843906204 0.04088622962183297 0.6696583420034043
0.030383480825936296 0.027654867256616773 0.01171091445426865 0.008178466076690134 0.006334808259582349 0.004867256637164552 0.0038274336283157613 0.004867256637164552 0.004675516224185342 0.007735988200584265 0.008761061946896194 0.013938053097334854 0.018820058997036267 0.025641592920335073 0.009373156342175979 0.013399705014739381 0.006710914454272337 0.014321533923293273 0.005464601769907474 0.011511799410021008 0.007787610619463283 0.014653392330372675 0.01300884955751253 0.02614306784658839 0.19412241887891288 0.5061061946898923
0.036918238993652645 0.03320754716975911 0.012704402515703294 0.0104245283018704 0.009355345911934976 0.010754716981115166 0.009622641509418833 0.011415094339604694 0.010235849056587679 0.012893081760986016 0.01402515723268235 0.020345911949653545 0.02515723270436296 0.028490566037691054 0.023380503144617325 0.021399371069148743 0.016084905660352068 0.013852201257839855 0.009496855345897018 0.009465408805016564 0.007499999999988207 0.00943396226413611 0.011603773584887416 0.024481132075433204 0.03922955974836599 0.5685220125777224
0.043733062330593674 0.03668021680214317 0.012411924119232783 0.0064701897018926355 0.004376693766934704 0.004302168021677302 0.002933604336041373 0.003733062330620777 0.0031233062330602145 0.004261517615173264 0.003949864498642311 0.009776422764221018 0.012940379403785271 0.021470189701882473 0.0057588075880719795 0.009173441734411128 0.0045528455284522 0.009207317073164493 0.0036178861788593373 0.0057317073170692874 0.005149051490511416 0.009559620596199485 0.01391598915988217 0.03498644986447494 0.046287262872597365 0.6818970189697278
0.0353078880406945 0.03032061068700747 0.011027989821877339 0.006539440203559013 0.004854961832058598 0.004600508905850076 0.004290076335875679 0.005908396946561879 0.006295165394398832 0.007954198473278395 0.008977099236636654 0.015272264631035485 0.015536895674292348 0.026661577608128924 0.010727735368951283 0.016356234096683787 0.008503816793888803 0.01635114503815962 0.006234096692108787 0.011837150127220438 0.006865139949105921 0.014549618320603282 0.015094147582689519 0.03637659033077029 0.0651755725190508 0.6083816793890033
0.04323510971784123 0.0387899686520133 0.011341692789961541 0.0057178683385544085 0.00421943573667447 0.003880877742944275 0.0032915360501546763 0.0038934169278972454 0.004056426332285858 0.004626959247646002 0.004777429467081644 0.005536050156736341 0.006068965517237574 0.008658307210025919 0.005015673981188078 0.005949843260184357 0.004294670846392292 0.005981191222566783 0.004018808777426947 0.005172413793100205 0.005567398119118766 0.009862068965511058 0.014746081504692948 0.03720376175546257 0.046545454545425365 0.7075485893412492
0.029042345276854044 0.02874267100975326 0.010097719869700261 0.00716612377849696 0.005693811074914857 0.005400651465794527 0.005394136807814075 0.00796742671009253 0.0093224755700265 0.012781758957646397 0.01651465798044527 0.03575895765469983 0.07153094462536057 0.10831921824097178 0.02021498371334188 0.012534201954389229 0.006123778501624675 0.006254071661233711 0.004013029315958297 0.004267100977195917 0.004749185667749349 0.006925081433220244 0.01048859934852737 0.02317263843646699 0.029850162866430066 0.5176742671006399
0.04294279695337616 0.03773024361249465 0.014044185167141888 0.008156430616301636 0.0065089396640022985 0.0062928752768155 0.005563657970060056 0.005914762599238603 0.0062388591800188005 0.007751309890326389 0.011586452762892057 0.016015772700221424 0.02279479284820722 0.014665370280303933 0.00753524550313959 0.00753524550313959 0.004294279695337616 0.0056716901636534554 0.0034840382433871226 0.004591368227719463 0.004591368227719463 0.007481229406342891 0.010776211310941565 0.029816885431778163 0.03424620536910753 0.6737697833936321
0.038652694610755295 0.03428742514968007 0.012167664670651397 0.006634730538918183 0.004844311377242608 0.004143712574847818 0.003928143712572498 0.004772455089817502 0.005377245508978816 0.006209580838319635 0.007239520958079497 0.010676646706580433 0.017083832335319113 0.017221556886217234 0.007670658682630138 0.009155688622749009 0.006023952095804776 0.00902395209580298 0.0061077844311340675 0.008760479041910922 0.0074730538922110935 0.01128742514969384 0.014473053892206902 0.03396407185626709 0.04849101796404282 0.6643293413169674
0.03244581645116656 0.038282204643323874 0.0073638176088376035 0.004598366454426976 0.003199562672835553 0.002829763971955062 0.002540356293005112 0.0042768023667048094 0.004325036979863134 0.00598109203163229 0.007010097112343221 0.00758891247024312 0.014454305743111366 0.013843333976439252 0.007894398353579178 0.008939481638676219 0.005000321564079683 0.007251270178134846 0.0037783780307354517 0.005997170236018398 0.0031834844684494445 0.007026175316729329 0.009839861084298284 0.033121101035383106 0.04648208888023911 0.7127468004361812
0.041934523809399 0.041607142857019025 0.012499999999962798 0.007738095238072208 0.003988095238083369 0.004851190476176038 0.0038392857142742877 0.005297619047603281 0.004732142857128773 0.005565476190459626 0.007083333333312252 0.013630952380911813 0.02011904761898774 0.021785714285649446 0.009404761904733914 0.00741071428569223 0.004315476190463347 0.0056845238095068916 0.0026488095238016403 0.003720238095227023 0.003065476190467067 0.006249999999981399 0.011279761904728333 0.03303571428561596 0.031071428571336095 0.6874404761884302
0.02431519699810862 0.021088180112557166 0.009843652282670517 0.007686053783609952 0.007986241400870552 0.008505315822383674 0.008499061913690745 0.011882426516565427 0.01405878674170478 0.020350218886791525 0.025328330206363145 0.04608505315819507 0.06297686053779676 0.07599124452778237 0.04434021263286783 0.037704815509669976 0.02084427767353293 0.020262664165090517 0.010938086303933121 0.012088805503432089 0.007492182614129148 0.010100062539080613 0.010100062539080613 0.021575984990605642 0.029068167604734792 0.430888055034127
0.034399999999942664 0.02771666666662047 0.012383333333312695 0.00914999999998475 0.008066666666653222 0.009049999999984917 0.008866666666651889 0.012549999999979083 0.016133333333306445 0.020683333333298862 0.025383333333291028 0.03289999999994517 0.03946666666660089 0.037749999999937084 0.020349999999966083 0.015433333333307611 0.012083333333313195 0.011383333333314361 0.009666666666650555 0.010133333333316443 0.008016666666653306 0.00824999999998625 0.008116666666653139 0.021983333333296693 0.02593333333329011 0.5541499999990764
0.03570030581037572 0.029107033639125927 0.009749235474000154 0.005529051987764202 0.004159021406725285 0.003920489296633687 0.0038960244648294216 0.005296636085623672 0.006134556574919795 0.008079510703358973 0.01169418960243933 0.027302752293561282 0.056905198776723606 0.08362691131493356 0.01462385321100023 0.008422018348618701 0.004935779816510742 0.004556574923544614 0.004018348623850753 0.0038165137614655557 0.003999999999997553 0.005388379204889671 0.009119266055040294 0.025088685015275176 0.05182262996938727 0.5731070336387932
0.0454766405614611 0.0403996759382101 0.01290845260592542 0.006481231433937449 0.005076964623251002 0.005076964623251002 0.004050769646210906 0.004806913313503608 0.006319200648089013 0.007183364839280673 0.0049149338374025655 0.0072913853631796305 0.006751282743684843 0.008425600864118685 0.0036726978125645546 0.006643262219785885 0.003132595193069767 0.005293005671048917 0.0035106670267161183 0.004806913313503608 0.002970564407221331 0.005238995409099438 0.006751282743684843 0.027761274642032076 0.03823926546023095 0.7268160950541355
0.02268907563023939 0.020134453781501326 0.007215686274505762 0.0039607843137232715 0.002896358543415744 0.003198879551818936 0.0038263305322107414 0.005148459383750617 0.005249299719885014 0.007137254901956786 0.006823529411760883 0.011798319327724483 0.015109243697470527 0.025703081232478598 0.008201680672264313 0.013478991596631105 0.006403361344534228 0.014834733893549112 0.004212885154059265 0.01038655462184292 0.004969187675067244 0.012436974789909 0.010627450980386203 0.02537254901959363 0.3215742296916966 0.4266106442574641
0.02681216931215158 0.018908730158717652 0.009120370370364339 0.007625661375656332 0.008234126984121539 0.00844576719576161 0.009464285714279454 0.014054232804223509 0.016249999999989252 0.022103174603159984 0.028419312169293373 0.03796957671955161 0.04228174603171807 0.047731481481449914 0.032037037037015846 0.02852513227511341 0.017698412698400993 0.01648148148147058 0.009999999999993386 0.01273148148147306 0.009305555555549402 0.01420634920633981 0.013921957671948464 0.024232804232788206 0.041984126984099215 0.48145502645470806
0.047244094488076926 0.04159946874100749 0.013660942984504171 0.00702020681148131 0.004150460108139288 0.002846029788438369 0.002537709894690879 0.0030120481927639405 0.002442842235076267 0.0030831989374749 0.003154349682185859 0.004221610852850248 0.0071150744710959226 0.006261265534564412 0.0018499193624849398 0.003723555639873533 0.001873636277388593 0.003438952661029696 0.0016364671283520622 0.0028934636182456753 0.002419125320172614 0.005004269044670799 0.00894127691867721 0.036808651930469574 0.0416469025708148 0.7414144768030988
0.03517823639772659 0.03128830519072465 0.01617886178860777 0.012370231394613903 0.007842401500933181 0.007523452157593794 0.006829268292678656 0.007191994996868548 0.007442151344585714 0.009631019387110924 0.012664165103181572 0.021394621638510698 0.03194496560348221 0.025515947467151023 0.011425891181981597 0.008999374609125078 0.005553470919321105 0.006166353971228163 0.004752970606626171 0.0053721075672261585 0.005240775484674646 0.008642901813628116 0.013883677298302761 0.02974984365226407 0.04190118824262545 0.6253158223886021
0.02814414414412724 0.02686486486484873 0.008336336336331329 0.004210210210207682 0.002858858858857142 0.002636636636635053 0.002708708708707082 0.0039039039039015593 0.003657657657655461 0.006630630630626648 0.007915915915911162 0.024870870870855932 0.04791591591588714 0.15030030030021002 0.03227627627625689 0.03301501501499519 0.007849849849845136 0.020120120120108036 0.004312312312309722 0.005099099099096036 0.0035015015014993986 0.0059879879879843915 0.008858858858853538 0.021543543543530604 0.026954954954938767 0.5095255255252195
0.031914666666649646 0.02773866666665187 0.009578666666661559 0.005135999999997261 0.004287999999997713 0.003871999999997935 0.00404266666666451 0.005135999999997261 0.0063199999999966295 0.008693333333328697 0.009909333333328049 0.014469333333325616 0.01692799999999097 0.02434133333332035 0.011487999999993873 0.01427733333332572 0.00905599999999517 0.010821333333327562 0.0056159999999970045 0.008581333333328757 0.006090666666663419 0.010927999999994172 0.01211199999999354 0.03322133333331562 0.10950933333327492 0.5959306666663489
0.03363043478259042 0.03136413043476556 0.010853260869559319 0.006342391304344379 0.004298913043475925 0.0037880434782588106 0.00356521739130241 0.005092391304345059 0.004951086956519048 0.008304347826082444 0.0097499999999947 0.02126630434781453 0.030527173913026888 0.036657608695632254 0.013141304347818945 0.012027173913036942 0.0053586956521710005 0.010282608695646586 0.0033804347826068585 0.006396739130431306 0.0036141304347806443 0.008483695652169302 0.009157608695647197 0.031728260869547976 0.04837499999997371 0.6376630434779144
0.0342942942942737 0.03390990990988954 0.012906906906899156 0.008336336336331329 0.007531531531527008 0.006030030030026408 0.006594594594590634 0.00593393393393037 0.006840840840836732 0.007351351351346936 0.009369369369363742 0.01314714714713925 0.03321321321319327 0.015285285285276106 0.011735735735728687 0.010222222222216082 0.007783783783779109 0.007951951951947176 0.0069549549549507775 0.00638438438438055 0.006930930930926768 0.00809009009008523 0.011069069069062422 0.027405405405388945 0.035741741741720276 0.6589849849845892
0.030154826958078182 0.03139344262292223 0.01188524590162852 0.007322404371578031 0.005045537340614713 0.005318761384330311 0.005837887067389947 0.007841530054637667 0.008032786885238586 0.01074681238614686 0.014234972677582664 0.02535519125680751 0.03640255009104153 0.03837887067391769 0.015528233151169829 0.013551912568293668 0.00595628415300004 0.007185792349720232 0.004417122040068837 0.005464480874311963 0.004726775956279848 0.006994535519119313 0.009972677595619333 0.03114754098357819 0.0353551912567984 0.6217486338792152
0.046471494606992354 0.041725731895137695 0.011566512583437973 0.005731895223408871 0.003965074473540903 0.0029994863893107356 0.0028762198253664585 0.0027324088340981356 0.0025680534155057668 0.003923985618892812 0.004540318438614195 0.0062044170518619325 0.0069029275808795 0.00897791474060816 0.004047252182837089 0.0052799178222798565 0.0027734976887462282 0.004848484848474888 0.0029789419619866892 0.0040677966101611346 0.00345146379043975 0.004910118130447026 0.008998459167932207 0.03044684129423637 0.03716486902919946 0.7398459167935494
0.040347338935551626 0.03779271708681356 0.013243697478984177 0.007691876750695971 0.005540616246495496 0.004414565826328059 0.0037983193277289647 0.0038823529411742956 0.0039943977591014035 0.004689075630249474 0.004599439775907787 0.005518207282910074 0.0054453781512574535 0.006890756302517148 0.004302521008400951 0.004980392156859955 0.003529411764703905 0.0046946778711458295 0.00338935574229502 0.004582633053218721 0.004890756302518269 0.006969187675066124 0.01210644257702403 0.035445378151240645 0.0449859943977339 0.7222745098035169
0.04777142857139824 0.042438095238068296 0.00989206349205721 0.0037396825396801654 0.0025396825396809273 0.0023746031746016668 0.0020888888888875626 0.0025015873015857134 0.0023047619047604413 0.00287619047618865 0.002838095238093436 0.005066666666663449 0.006133333333329439 0.008952380952375268 0.0038793650793626164 0.005746031746028097 0.003174603174601159 0.005034920634917438 0.002736507936506199 0.0043492063492035875 0.0034984126984104772 0.006196825396821462 0.009866666666660402 0.03937142857140357 0.04401269841267047 0.7306158730154091
0.031134453781490802 0.029705882352920373 0.008235294117641291 0.0054411764705844246 0.004971988795514725 0.004285714285711285 0.0040406162464957695 0.006253501400555844 0.0064215686274464836 0.00857142857142257 0.008158263305316415 0.0131722689075538 0.017507002801108187 0.017415966386542425 0.010077030812317873 0.011855742296910466 0.007745098039210262 0.011974789915958 0.007829131652655582 0.011764705882344703 0.010315126050412944 0.016141456582621748 0.01924369747897812 0.03614845938372819 0.09397759103634876 0.5976120448175086
0.04121621621614293 0.0403805120909666 0.014100284494996266 0.00665007112374351 0.004054054054046846 0.004534139402552393 0.004480796586051777 0.00545874822189641 0.005600995732564721 0.007041251778081363 0.008445945945930929 0.012411095305810079 0.021817211948752104 0.013211237553319325 0.007041251778081363 0.006383357041240428 0.003645092460875453 0.0051564722617262505 0.003858463726877919 0.004445234708384699 0.0046230440967200866 0.008357041251763234 0.010010668563282343 0.033783783783723716 0.03627311522041914 0.687019914650272
0.03108298171584939 0.025147679324859146 0.01143459915610206 0.006568213783394419 0.006075949367080062 0.006638537271439327 0.007890295358638692 0.012011251758070307 0.013263009845269673 0.01593530239097618 0.01880450070320843 0.02364275668069811 0.03161744022499069 0.03367088607590201 0.017341772151874345 0.016315049226418684 0.010337552742601494 0.012151898734160125 0.007609001406459059 0.010196905766511678 0.0079606188466836 0.011068917018268539 0.014374120956379221 0.03054852320670809 0.06977496483815784 0.5485372714478923
0.042920711974066626 0.04120145631063794 0.014027103559856363 0.0071096278317080205 0.004105987055012029 0.002730582524269083 0.0029126213592203555 0.0031351132686052437 0.0035396440129414042 0.0039037216828439487 0.005076860841418814 0.0076254045307366245 0.015372168284774097 0.012894417475715115 0.006361245954686123 0.006401699029119739 0.004288025889963301 0.005481391585754974 0.0029429611650455675 0.004247572815529685 0.0035396440129414042 0.005754449838181882 0.010598705501607405 0.03218042071194156 0.041383495145589214 0.7102649676368221
0.02960676726102056 0.028692272519367415 0.006424325560113342 0.0037951531778605504 0.002034750800178247 0.002217649748508876 0.002263374485591533 0.004389574759935094 0.005761316872414812 0.007841792409675715 0.010219478737973893 0.017924096936401637 0.02283950617278729 0.021239140374894286 0.009830818472771306 0.009396433470486062 0.004435299497017752 0.009876543209853962 0.003292181069951321 0.004183813443063137 0.0031321444901620207 0.007361682670307815 0.011111111111085708 0.04060356652939962 0.07009602194771354 0.6614311842691782
0.030660317460297994 0.03309206349204248 0.01386031746030866 0.011485714285706994 0.008965079365073673 0.00671111111110685 0.0054285714285679815 0.006228571428567474 0.00714920634920181 0.009473015873009858 0.01471111111110177 0.03760634920632533 0.06521904761900621 0.03803174603172189 0.01624126984125953 0.010082539682533281 0.007073015873011382 0.006311111111107104 0.004215873015870339 0.004501587301584444 0.004311111111108374 0.0053587301587267565 0.008768253968248402 0.030628571428551982 0.030139682539663402 0.5837460317456611
0.035102150537615534 0.031215053763424077 0.011209677419348812 0.006811827956985585 0.0052204301075240754 0.0048064516129006415 0.005010752688169349 0.006419354838706226 0.006424731182792244 0.007973118279565606 0.00811290322580209 0.011634408602144283 0.019220430107516548 0.020860215053752226 0.008892473118274789 0.010774193548381304 0.006069892473115016 0.010532258064510467 0.004182795698922482 0.006225806451609556 0.004489247311825544 0.00861827956988784 0.010139784946231108 0.03373655913976681 0.04473655913976089 0.6715806451609293
0.03542073567705931 0.03551567925344814 0.011664496527769868 0.008524576822910886 0.007134331597217384 0.006259494357634644 0.005628797743051739 0.005974663628468171 0.006646050347217715 0.007839626736105795 0.009657118055549006 0.02054172092012496 0.039286295572890026 0.02285427517359561 0.010138617621520902 0.008090549045133403 0.005757649739579429 0.005947536892357078 0.003492567274303187 0.004455566406246978 0.004231770833330464 0.0063883463541623345 0.010348849826381871 0.028232150607619744 0.054172092013852154 0.635796440971791
0.043695834498158406 0.04153201006427647 0.009041095890405904 0.0047637685211044094 0.0028403690243204694 0.0027564998602165186 0.0025775789767947567 0.0030472462957768817 0.003354766564158035 0.003679060665359978 0.00391389432485104 0.006150405367623063 0.008772714565273261 0.006894045289344761 0.003768521107070859 0.004746994688283619 0.002387475538159135 0.004059267542631222 0.0026838132513264277 0.003919485602457971 0.003500139781938216 0.005624825272571638 0.009035504612798975 0.03549343024879201 0.03956947162424402 0.7421917808215028
0.042035206382149595 0.040951266042228256 0.010037287547671615 0.005658168574389399 0.003988900450910534 0.0029699965313844737 0.0033818938605545833 0.0038805064169183997 0.004249046132491656 0.0049861255636381675 0.006438605619132764 0.010384148456446444 0.015500346860875173 0.015478668054076746 0.007544224765852531 0.008129552549410056 0.00394554283731368 0.006308532778342203 0.002211238293439535 0.003273499826562449 0.0033818938605545833 0.005484738120001984 0.008736559139766006 0.03485952133187032 0.033472077696771005 0.71271245230508
0.0429047131146442 0.038960040983506763 0.010604508196694147 0.00594262295080445 0.0032530737704834704 0.0036885245901544864 0.0035604508196630112 0.004405737704906747 0.004226434426218682 0.00578893442621468 0.007069672131129432 0.01457479508192988 0.021260245901584887 0.01793032786880653 0.009528688524565756 0.010502049180300968 0.005481557377035139 0.006915983606539662 0.004661885245889698 0.005712090163919795 0.004559426229496517 0.006557377049163531 0.00883709016391179 0.029687499999923955 0.033350409835980144 0.6900358606539702
0.03764391691392425 0.03643916913944425 0.011928783382782238 0.006694362017800181 0.004973293768543043 0.004718100890204915 0.004397626112757034 0.005519287833824617 0.006783382789313482 0.007406528189906583 0.009181008902071703 0.011062314540052782 0.017341246290790896 0.010824925816017315 0.006587537091984221 0.0056498516320441245 0.004142433234418906 0.005020771513350136 0.0036617210682470852 0.003637982195843538 0.003454005934716051 0.004640949554893388 0.008848664688422048 0.03274777448069273 0.05956083086049878 0.6871335311568623
0.04299999999992037 0.03501851851845367 0.01644444444441399 0.009611111111093312 0.0072777777777643 0.006888888888876132 0.006185185185173731 0.0069999999999870366 0.007092592592579458 0.008037037037022153 0.00849999999998426 0.014111111111084979 0.021796296296255933 0.024777777777731894 0.013092592592568347 0.01179629629627445 0.0069999999999870366 0.006592592592580384 0.0037777777777707818 0.005037037037027709 0.004833333333324382 0.007314814814801268 0.009185185185168176 0.025129629629583095 0.03777777777770782 0.6527222222210135
0.034967915365862454 0.03132587582372675 0.008411377037789604 0.006568678459923325 0.0033602150537561564 0.0025147415886175107 0.0034252514741514367 0.004725979882057045 0.005181234824824008 0.007240721470674556 0.010405827263244872 0.015326916406487758 0.02939646201866676 0.028030697190365873 0.009690426638896786 0.013440860215024625 0.005636489767590971 0.01135969476237565 0.003078390565376608 0.004335761359685363 0.0038805064169183997 0.007717655220239946 0.007197363857077702 0.02952653485945732 0.035314776274637284 0.6779396462004034
0.0337173913043295 0.031842391304330524 0.010190217391298809 0.006614130434779014 0.005081521739127673 0.0037445652173892694 0.003097826086954838 0.004233695652171612 0.004206521739128149 0.0059782608695619684 0.006749999999996332 0.011070652173907026 0.01498369565216577 0.025885869565203324 0.007722826086952324 0.011777173913037078 0.0049239130434755845 0.014249999999992255 0.004679347826084413 0.01015217391303796 0.00692934782608319 0.015255434782600405 0.015961956521730457 0.03489130434780712 0.07454891304343775 0.6315108695648741
0.03167317073169187 0.028595121951205563 0.01003414634145852 0.007039024390240469 0.005141463414631639 0.0059219512195093065 0.0061170731707287235 0.007536585365849982 0.007882926829264447 0.010029268292678034 0.011092682926823857 0.018682926829259178 0.029019512195107795 0.027365853658523235 0.011639024390238225 0.0106097560975558 0.006473170731704159 0.009463414634141725 0.0051219512195096965 0.007170731707313575 0.006239024390240859 0.010643902439019198 0.013409756097554433 0.03252682926827682 0.04816585365851309 0.632404878048472
0.039099409448722686 0.0413139763778511 0.012450787401544166 0.008366141732262878 0.006200787401559545 0.004453740157469356 0.0051919291338454925 0.004970472440932652 0.006397637795259848 0.005413385826758333 0.007258858267698674 0.010728346456666515 0.016806102362163372 0.01296751968500746 0.007357283464548826 0.00824311023620019 0.0048720472440825 0.004355314960619205 0.00278051181101678 0.003026574803142159 0.0036909448818806816 0.005314960629908182 0.008981299212576326 0.03179133858259894 0.03939468503927314 0.6985728346439504
0.040794666666644906 0.034101333333315144 0.015909333333324848 0.011583999999993821 0.008042666666662377 0.00698666666666294 0.007114666666662872 0.007434666666662701 0.008239999999995605 0.009301333333328372 0.011119999999994069 0.016122666666658066 0.018405333333323518 0.016202666666658025 0.010202666666661225 0.00884266666666195 0.006197333333330028 0.006533333333329849 0.0044479999999976275 0.005306666666663837 0.005157333333330583 0.0073813333333293965 0.011397333333327255 0.033077333333315695 0.039429333333312305 0.6506666666663197
0.04145512820510163 0.03398076923074745 0.014480769230759949 0.00977564102563476 0.008076923076917899 0.008211538461533198 0.007999999999994872 0.007673076923072004 0.007782051282046293 0.008794871794866157 0.011743589743582215 0.014391025641016415 0.01994230769229491 0.016647435897425227 0.011153846153839004 0.009493589743583658 0.006679487179482898 0.0072435897435851005 0.0050512820512788135 0.006012820512816658 0.0056538461538425296 0.007032051282046774 0.010679487179480333 0.029929487179467994 0.037064102564078806 0.6530512820508634
0.03503903903901799 0.0363063063062845 0.007621621621617044 0.003645645645643456 0.0027327327327310914 0.0024204204204189665 0.0023723723723709476 0.0029849849849831922 0.004246246246243696 0.003975975975973588 0.005627627627624247 0.00856456456455942 0.021573573573560618 0.018270270270259296 0.006486486486482591 0.00809009009008523 0.0035195195195174057 0.008630630630625446 0.002786786786785113 0.006282282282278509 0.0029849849849831922 0.007249249249244896 0.009123123123117643 0.03643843843841656 0.09924324324318363 0.6537837837833911
0.03360369881108755 0.03093791281373027 0.013167767503299031 0.0077331571994695555 0.005508586525758122 0.0046367239101705055 0.00441743725231059 0.004945838837515206 0.005270805812416045 0.006171730515189915 0.006464993394978477 0.009405548216642166 0.013249669749005747 0.014819022457063456 0.006990752972257069 0.008274768824304286 0.005202113606339444 0.008784676354026742 0.004969616908849414 0.008073976221926533 0.006758256274767039 0.010826948480842582 0.01309907529722243 0.03159577278731002 0.13309114927341265 0.601999999999841
0.02839999999998465 0.026216216216202046 0.00909729729729238 0.005718918918915828 0.0042540540540517546 0.0038864864864843855 0.003978378378376228 0.005524324324321339 0.005799999999996865 0.009318918918913881 0.012556756756749969 0.019470270270259746 0.029589189189173196 0.03322702702700907 0.01665405405404505 0.017567567567558073 0.010286486486480926 0.015356756756748456 0.006675675675672067 0.009913513513508155 0.0063135135135101005 0.010902702702696809 0.01147027027026407 0.029762162162146076 0.04348648648646298 0.6245729729726354
0.03547938144328068 0.030262886597922544 0.013345360824735388 0.009298969072160155 0.007773195876284653 0.008067010309274193 0.00856185567009868 0.010180412371128773 0.009814432989685663 0.011314432989684889 0.011659793814426979 0.012438144329890495 0.013664948453601203 0.017221649484527205 0.008381443298964751 0.008298969072160671 0.005711340206182623 0.009005154639170615 0.005268041237110686 0.007087628865975728 0.006829896907212974 0.009206185567005564 0.011077319587623155 0.03094845360823147 0.05382989690718875 0.645273195875956
0.044320334443646484 0.03788621072559316 0.012247697432842616 0.005062381605574948 0.003788621072559316 0.004376510549335762 0.00421320791689786 0.0062708210856154195 0.007511921092143471 0.008001828989457177 0.00858971846623362 0.008916323731109425 0.012247697432842616 0.013815402704246471 0.007054673721317347 0.00947155268139829 0.0049317394996246265 0.005846234241276876 0.004017244757972378 0.004507152655286083 0.004833757920161886 0.007119994774292508 0.011104579005777306 0.028675942256095512 0.03462015807683513 0.7005682931585976
0.04074074074063595 0.037731481481384437 0.017412551440284432 0.011085390946473546 0.008590534979401774 0.007536008230433292 0.006481481481464811 0.00619855967076595 0.006841563785990634 0.008487654320965824 0.011085390946473546 0.019032921810650635 0.026517489711865953 0.02121913580241456 0.011342592592563419 0.008127572016440002 0.00493827160492557 0.007175925925907469 0.005195473251015444 0.00570987654319519 0.0056327160493682285 0.006661522633727723 0.010622427983511774 0.029115226337373675 0.03469650205752393 0.6418209876526701
0.03516956521737601 0.02889565217390048 0.014921739130428295 0.010386956521734615 0.008939130434778722 0.00831739130434421 0.007943478260866112 0.009099999999996044 0.010056521739126063 0.012386956521733744 0.016399999999992868 0.02678260869564053 0.04015652173911297 0.027830434782596596 0.015295652173906393 0.012008695652168692 0.008830434782604856 0.00903043478260477 0.007182608695649051 0.008791304347822264 0.008078260869561706 0.010717391304343167 0.014230434782602509 0.028291304347813788 0.037291304347809875 0.5829652173910509
0.03969142857140589 0.0347085714285516 0.013085714285706809 0.007622857142852787 0.004937142857140036 0.004468571428568875 0.004171428571426188 0.0056799999999967545 0.005828571428568098 0.007325714285710099 0.008725714285709299 0.015742857142848145 0.0218457142857018 0.030502857142839714 0.015205714285705597 0.012919999999992618 0.00762857142856707 0.008674285714280758 0.005399999999996914 0.006462857142853449 0.0054914285714254335 0.008108571428566795 0.012051428571421685 0.028948571428554885 0.06308571428567823 0.621685714285359
0.03179127725851746 0.033613707165056676 0.012725856697799492 0.005467289719617652 0.003925233644853699 0.004890965732079609 0.0067912772585563995 0.016261682242965324 0.013800623052938004 0.016931464174428455 0.018535825545142468 0.027616822429863526 0.04029595015570047 0.04803738317749527 0.019610591900280982 0.013457943925212682 0.006947040498431547 0.006666666666656282 0.004392523364479139 0.0051557632398673585 0.00433021806852908 0.005669781931455343 0.00945482866042141 0.029657320872227947 0.03208722741428024 0.5818847352015858
0.03417483660127927 0.031495098039189956 0.01204248366012088 0.008357843137248074 0.006723856209144834 0.005996732026138892 0.006421568627445734 0.008276143790842912 0.007867647058817102 0.009844771241822023 0.011862745098029525 0.017745098039201188 0.024011437908477113 0.023259803921549624 0.009820261437900473 0.01047385620914177 0.006168300653589732 0.009583333333325504 0.004272875816989973 0.006887254901955157 0.004787581699342494 0.00931372549018847 0.01191176470587262 0.03234477124180364 0.03476307189539644 0.6515931372543696
0.046294979376934775 0.039752524534111426 0.012089318731304012 0.006803204854675003 0.0047409093063937304 0.005286113876629009 0.0047409093063937304 0.004930545678649479 0.00545204570235279 0.0050964775043732605 0.005475750248884759 0.007301000331846345 0.008699568577232496 0.008130659460465248 0.005333522969692947 0.006518750296291379 0.0036979092589871096 0.005736500260736414 0.0035556819797952976 0.005949841179524132 0.005309818423160978 0.007348409424910282 0.009221068600935805 0.03259375148145689 0.036267956193912036 0.7136727824379802
0.03693251533734779 0.03940695296515458 0.013803680981566863 0.009243353783212182 0.007464212678921341 0.006012269938638012 0.005132924335367826 0.007341513292418524 0.007811860940679321 0.00959100204497016 0.011145194274005838 0.020204498977463795 0.022413087934514492 0.022556237218767778 0.011145194274005838 0.007361963190168993 0.0039059304703396606 0.0043353783230995185 0.0031492842535722917 0.004498977505103274 0.004662576687107029 0.006993865030660545 0.010613496932493633 0.028813905930411422 0.03916155419214895 0.6562985685058154
0.047291666666557194 0.04437499999989728 0.011874999999972512 0.006226851851837438 0.002499999999994213 0.0028009259259194424 0.0025694444444384966 0.00263888888888278 0.0031018518518446717 0.004050925925916549 0.004976851851840331 0.007175925925909315 0.011550925925899187 0.007523148148130734 0.005046296296284615 0.0059490740740603025 0.002754629629623253 0.003888888888879887 0.002615740740734686 0.003958333333324171 0.002870370370363726 0.005486111111098412 0.008402777777758327 0.03187499999992621 0.039930555555463126 0.7285648148131283
0.03007522697794291 0.02640466926069354 0.009590142671852247 0.006282749675744155 0.004754863813228339 0.004695201037612271 0.0043865110246421824 0.005447470817119209 0.005351491569389014 0.00734630350194362 0.008228274967572445 0.012793774319062829 0.016446173800255138 0.02066147859921643 0.008871595330736998 0.012184176394289965 0.007315175097274367 0.014459143968867844 0.006736705577170756 0.012682230868998006 0.008980544747079383 0.016516212710760956 0.016186770428011366 0.03285084306095127 0.19710765239943007 0.5036446173798953
0.039455434703119005 0.039856923862910225 0.012592160011633723 0.00799328418129793 0.005219359077285862 0.006350828527606574 0.00456237681580932 0.00624133148402715 0.006679319658344845 0.007190305861715489 0.00792028615224498 0.010037228994780505 0.014344112708904504 0.013906124534586808 0.0068253157164507436 0.0064968245857124724 0.005109862033706438 0.00503686400465349 0.004306883714123999 0.004708372873915219 0.0037228994817004053 0.006971311774556642 0.008431272355615624 0.02974669683907677 0.035951529308577444 0.7003430907339939
0.027066666666621556 0.030833333333281945 0.011466666666647555 0.00764999999998725 0.004983333333325028 0.005266666666657889 0.005016666666658305 0.006783333333322028 0.007866666666653555 0.009599999999984 0.012816666666645306 0.031116666666614806 0.05126666666658122 0.03778333333327036 0.017149999999971417 0.011116666666648138 0.0062999999999895 0.006349999999989416 0.004483333333325861 0.0044999999999925 0.004449999999992583 0.007199999999988 0.012083333333313195 0.02713333333328811 0.03178333333328036 0.6179333333323035
0.02686053412462111 0.025881305637974517 0.007913946587534743 0.004362017804153008 0.003373887240355082 0.0038367952522243808 0.0030089020771504426 0.006181008902075317 0.006872403560828821 0.012946587537088147 0.014198813056375608 0.026026706231446282 0.029391691394650032 0.04989910979227006 0.021721068249251716 0.02821661721067412 0.0153590504450993 0.022195845697322792 0.009854599406525265 0.016605341246285873 0.009275964391688643 0.016824925816018747 0.014818991097918451 0.02896142433233562 0.04509198813055042 0.5503204747772847
0.04697916666650354 0.04274305555540714 0.010590277777741006 0.005416666666647859 0.002951388888878641 0.0030902777777670476 0.003784722222209081 0.003923611111097488 0.0036458333333206742 0.0048263888888721304 0.004965277777760537 0.005972222222201485 0.005138888888871046 0.00649305555553301 0.003124999999989149 0.004895833333316334 0.0022569444444366076 0.004201388888874301 0.002118055555548201 0.0034374999999880643 0.002569444444435523 0.004374999999984809 0.007673611111084467 0.032291666666554544 0.036597222222095147 0.7459374999974099
0.04265868263470499 0.039556886227521224 0.01349700598801587 0.006784431137720488 0.004347305389218954 0.004239520958081294 0.003329341317363276 0.0039760479041892356 0.004005988023949697 0.005077844311374205 0.006508982035924246 0.01074850299400554 0.01659880239519964 0.012724550898195974 0.006592814371253537 0.006730538922151658 0.00414970059879991 0.006239520958080096 0.0037544910179618234 0.005071856287422113 0.003922155688620406 0.006700598802391197 0.009526946107778727 0.03674251497003788 0.03871856287422831 0.6977964071852109
0.04512043512040006 0.04048174048170903 0.009098679098672029 0.005648795648791259 0.00457653457653102 0.003939393939390879 0.0034654234654207727 0.004335664335660966 0.0044444444444409915 0.0054778554778512215 0.004996114996111114 0.007567987567981688 0.011235431235422505 0.010590520590512362 0.004926184926181098 0.00708624708624158 0.004397824397820981 0.006425796425791433 0.0036596736596708162 0.004910644910641095 0.004320124320120963 0.006480186480181445 0.008958818958811997 0.03291375291372734 0.07021756021750566 0.6847241647236327
0.026204472843433736 0.023527156549505733 0.012268370607020915 0.010798722044721534 0.007999999999994888 0.007629392971241131 0.00749520766772684 0.008370607028748644 0.008658146964850698 0.010166134185297018 0.011380191693283463 0.016447284345037415 0.03017252396164206 0.027859424920109992 0.013616613418521651 0.018523961661330017 0.011923322683698452 0.019380191693278353 0.008766773162933695 0.013795527156540706 0.008504792332262937 0.015904153354622426 0.01469009584663598 0.022638977635768283 0.1962364217251142 0.4470415335460402
0.03611680327859601 0.03588627049171136 0.013857581967177618 0.009989754098335068 0.006864754098343071 0.006224385245885695 0.006787909836048186 0.007735655737685103 0.008145491803257824 0.010399590163907787 0.013345286885211718 0.017699795081921876 0.025256147540918913 0.021823770491747378 0.011142418032758344 0.009912909836040183 0.006557377049163531 0.006608606557360121 0.005353483606543664 0.006070696721295925 0.005353483606543664 0.006890368852441367 0.009656762295057231 0.02640881147534219 0.03240266393434323 0.6535092213098015
0.03291666666663868 0.034158163265277076 0.007108843537408921 0.0037755102040784223 0.0023724489795898195 0.0029166666666641866 0.0025510204081610963 0.004209183673465808 0.0037244897959152 0.006105442176865557 0.005042517006798433 0.007823129251694028 0.008010204081625841 0.00909013605441404 0.0072193877550959015 0.011734693877541042 0.005561224489791189 0.014013605442164954 0.004396258503397622 0.006130952380947167 0.004761904761900713 0.00911564625849565 0.013129251700669108 0.03938775510200732 0.05161564625845951 0.7031292517000823
0.041056910569001376 0.0397611788616876 0.007418699186973021 0.0034552845528367498 0.002261178861782873 0.002972560975602204 0.0032012195121869885 0.00462398373982565 0.005360772357709957 0.006859756097543547 0.006631097560958762 0.01061991869916001 0.011356707317044317 0.015726626016220206 0.007850609756077615 0.008892276422741636 0.004242886178851009 0.007520325203232926 0.002693089430887467 0.003734756097551487 0.0026168699186925382 0.005309959349580005 0.010975609756069676 0.033384146341378595 0.0363567073169808 0.7151168699168823
0.04051267605631521 0.041076056338005026 0.009228169014079309 0.005847887323940367 0.003983098591547052 0.0034197183098572284 0.002501408450702816 0.0025070422535197145 0.0025295774647873075 0.0028450704225336083 0.002907042253519489 0.004647887323941043 0.0057352112676024025 0.005357746478870221 0.0026535211267590684 0.0038647887323921886 0.0022140845070410062 0.003273239436617874 0.0022985915492944797 0.0029239436619701836 0.003008450704223657 0.004799999999997296 0.008349295774643184 0.03625915492955704 0.06715492957742696 0.7301014084502929
0.041580671580637524 0.03797706797703687 0.007518427518421361 0.003546273546270642 0.0025880425880404683 0.002293202293200415 0.0019164619164603468 0.002940212940210532 0.0030139230139205457 0.003595413595410651 0.003751023751020679 0.005585585585581011 0.008853398853391602 0.014995904995892715 0.004471744471740809 0.0071580671580612956 0.0038493038493006967 0.007354627354621331 0.002891072891070523 0.005757575757571042 0.0031203931203905647 0.007010647010641269 0.009852579852571782 0.03625716625713656 0.04269451269447773 0.729426699426102
0.024781362007150694 0.020358422939053506 0.007039426523292445 0.005297491039422726 0.0046164874551938235 0.005032258064512522 0.006200716845873692 0.009254480286731717 0.011641577060923555 0.01822222222220916 0.02225089605733172 0.03777060931896934 0.04556272401430426 0.05731899641572952 0.029842293906788643 0.02850179211467491 0.01622939068099195 0.01774193548385825 0.008544802867377388 0.011218637992823499 0.007770609318990845 0.01336917562723056 0.0130465949820695 0.024430107526864208 0.08706093189957917 0.4668960573473356
0.042666967508929 0.03770306859197269 0.010785198555932343 0.007829422382653814 0.004760830324899005 0.004219314079412863 0.0039034296028792794 0.005753610108290267 0.0055956678700234755 0.006701263537891017 0.009453971119112243 0.015636281588412373 0.0229467509024753 0.01653880866422261 0.006701263537891017 0.007333032490958184 0.004083935018041327 0.004648014440422726 0.0029106498194880173 0.003948555956669791 0.003429602888078904 0.004648014440422726 0.007648916967491767 0.03215252707573973 0.0337545126353029 0.6942463898901303
0.04729166666654351 0.04049479166656121 0.01244791666663425 0.007187499999981283 0.004453124999988403 0.0032552083333248563 0.0026822916666596813 0.003151041666658461 0.0033333333333246526 0.004270833333322211 0.005520833333318956 0.007083333333314887 0.007760416666646457 0.009947916666640761 0.005104166666653374 0.0056510416666519505 0.003463541666657647 0.005520833333318956 0.0032031249999916584 0.004374999999988607 0.0031249999999918617 0.0056510416666519505 0.008515624999977824 0.031119791666585624 0.03494791666657566 0.7304427083314311
0.03626923076920752 0.03172435897433864 0.014858974358964834 0.011391025641018338 0.00799358974358462 0.007044871794867279 0.0073269230769183805 0.008237179487174206 0.009096153846148015 0.010942307692300679 0.012961538461530153 0.018153846153834516 0.027679487179469435 0.021358974358960666 0.012499999999991986 0.01123076923076203 0.0076602564102515 0.007564102564097715 0.006025641025637163 0.006967948717944252 0.007769230769225789 0.010775641025634119 0.01348076923076059 0.02387179487177957 0.06374999999995913 0.6033653846149979
0.03527204502812053 0.0319199499687105 0.012601626016252282 0.009987492182607888 0.007310819262034202 0.007254534083797839 0.006829268292678656 0.008874296435266495 0.010075046904308896 0.011538461538454323 0.014158849280791646 0.0205378361475794 0.028067542213866124 0.02341463414632682 0.011544715447147252 0.010769230769224035 0.006360225140708968 0.006754221388363506 0.005046904315193842 0.006898061288300877 0.006816760475292797 0.009618511569725067 0.013827392120066399 0.032851782363956944 0.04145716072542748 0.6202126328951718
0.036165480426965824 0.03153914590740316 0.010320284697485943 0.005516014234863176 0.003936832740204767 0.00420373665479492 0.005560498220628202 0.01085409252666625 0.00847419928823738 0.01465747330957594 0.01594750889676168 0.02835854092520383 0.03781138790027177 0.056872775800585244 0.01783807829177527 0.01576957295370158 0.007451067615641791 0.008674377224179994 0.0038478647686747153 0.004715302491092715 0.003580960854084562 0.004181494661912408 0.005805160142335843 0.027290925266843215 0.03454181494654239 0.5960854092513432
0.03701626016257153 0.034373983739809454 0.012170731707307179 0.00810569105690398 0.005211382113816901 0.004617886178858034 0.0035609756097532024 0.004715447154467711 0.0058048780487757684 0.00735772357722979 0.009829268292674935 0.01699999999998618 0.026073170731686118 0.02421951219510226 0.009788617886170903 0.009731707317065259 0.005016260162597548 0.008016260162595108 0.0038048780487773943 0.006170731707312057 0.004008130081297554 0.007593495934953176 0.009471544715439454 0.03565853658533686 0.041682926829234405 0.6589999999994642
0.042066666666631614 0.03794166666663505 0.012049999999989958 0.007149999999994041 0.006508333333327909 0.0053999999999954995 0.0033083333333305764 0.004108333333329909 0.0041416666666632155 0.004633333333329472 0.004741666666662715 0.007216666666660653 0.012799999999989334 0.010466666666657944 0.004899999999995916 0.005408333333328827 0.003149999999997375 0.004149999999996542 0.0025833333333311805 0.003749999999996875 0.0031083333333307432 0.004958333333329202 0.007733333333326889 0.03933333333330055 0.041508333333298744 0.7168833333327359
0.03928011511277349 0.038077443463612574 0.014990443055612845 0.009170371324851984 0.007022743379921778 0.0070442196593710794 0.006807980585428757 0.008332796426329205 0.00880527457421385 0.009664325752185933 0.012069669050507765 0.014045486759843556 0.018383695208602575 0.014797156540569126 0.008740845735865943 0.007581126645603631 0.005025449391136685 0.006335502437544111 0.004595923802150644 0.004853639155542268 0.004424113566556227 0.006571741511486434 0.008676416897518037 0.030882889848096378 0.03515666945850749 0.66866396065402
0.040181023720324484 0.03885143570534404 0.013489388264660743 0.007534332084889179 0.005162297128586041 0.0047253433208459894 0.004831460674154287 0.004525593008736251 0.004363295880147089 0.0050873907615448894 0.005892634207237271 0.007553058676649468 0.012665418227208075 0.00880149812733533 0.005056179775277743 0.004975031210983162 0.0038264669163521683 0.004506866416975963 0.0037952559300850216 0.0047690387016199945 0.004662921348311696 0.007521847690382321 0.011360799001241349 0.029999999999981274 0.06670411985014563 0.6891573033703563
0.03937499999986328 0.03013888888878424 0.01802083333327076 0.012465277777734495 0.0077430555555286695 0.00607638888886779 0.007395833333307653 0.010416666666630497 0.012916666666621817 0.013298611111064935 0.01836805555549178 0.028541666666567562 0.04989583333316008 0.03881944444430965 0.011840277777736665 0.008055555555527585 0.004062499999985894 0.003749999999986979 0.002222222222214506 0.002638888888879726 0.002847222222212336 0.003784722222209081 0.006840277777754027 0.026979166666572987 0.04336805555540497 0.5901388888868397
0.04387703252021373 0.0380589430893342 0.013719512195087094 0.006173780487789192 0.004090447154461152 0.003836382113811391 0.0034298780487717734 0.0032520325203169408 0.004014227642266224 0.005106707317060196 0.007367886178843069 0.01610772357719485 0.029420731707242326 0.0565548780486368 0.016514227642234466 0.01133130081297934 0.007240853658518189 0.007901422764207567 0.0028201219512123473 0.003531504065031678 0.0028201219512123473 0.005132113821125172 0.008460365853637042 0.025914634146275622 0.036432926829175726 0.6368902439008209
0.041548489824248525 0.03776683087018518 0.013061650992652978 0.00681693785140365 0.005548091754974504 0.0047768323630273755 0.005672488431095008 0.005498333084526301 0.005772005771991412 0.005722247101543209 0.007936507936488191 0.011170821515621309 0.015450067174166667 0.012439667612050455 0.007712593919471282 0.007215007214989264 0.004353883664217659 0.004926108374371981 0.003035278897340311 0.003731900283615137 0.0038065382892874394 0.006020799124232421 0.008707767328435319 0.030079116285938002 0.039160073642734834 0.7020699606889036
0.028102102102085223 0.028090090090073218 0.0102642642642581 0.006138138138134451 0.0047327327327298906 0.004252252252249698 0.004354354354351739 0.006414414414410562 0.008018018018013202 0.012042042042034809 0.022870870870857134 0.05685885885882471 0.07643843843839253 0.062108108108070804 0.030576576576558212 0.014624624624615841 0.005267267267264104 0.004744744744741895 0.0036696696696674655 0.003987987987985593 0.004372372372369746 0.006708708708704679 0.00963963963963385 0.02439039039037574 0.028858858858841527 0.5324744744741546
0.0485765765765474 0.04239639639637093 0.011921921921914762 0.006324324324320526 0.0045765765765738275 0.003297297297295317 0.0032192192192172855 0.0028528528528511394 0.002708708708707082 0.003159159159157262 0.0036996996996974778 0.006006006006002399 0.01494894894893997 0.00798798798798319 0.0036936936936914754 0.004150150150147657 0.0021921921921908756 0.0033513513513493383 0.0023303303303289307 0.0029489489489471776 0.002726726726725089 0.0035735735735714274 0.007675675675671066 0.037573573573551004 0.044186186186159646 0.7239219219214871
0.04399752475233912 0.039727722772154306 0.009591584158386164 0.007332920792056519 0.005012376237608254 0.003403465346524123 0.003403465346524123 0.003743811881176535 0.003991336633651017 0.005259900990082735 0.006590346534633074 0.008849009900962719 0.012623762376198566 0.011200495049470295 0.007982673267302034 0.006559405940573764 0.003743811881176535 0.005569306930675837 0.0030012376237530903 0.0030012376237530903 0.001794554455439992 0.0042698019801848085 0.0076113861385903115 0.030507425742479864 0.039603960395917064 0.721627475245292
0.045685015290505906 0.04232110091741825 0.009461773700302916 0.004299694189601131 0.0032201834862375473 0.0022996941896017433 0.0018715596330269506 0.002443425076451852 0.0026422018348615773 0.003269113149846095 0.0037889908256869146 0.005556574923545702 0.008412844036694674 0.006428134556572958 0.003318042813454643 0.003697247706420888 0.002373088685014565 0.002926605504586261 0.0019510703363908406 0.003174311926604534 0.0026880733944945907 0.004559633027521541 0.008819571865440728 0.043214067278274246 0.05295107033637524 0.7286269113147619
0.03639166666663634 0.0334749999999721 0.014299999999988083 0.011166666666657362 0.0077999999999935 0.006474999999994604 0.0062166666666614865 0.006591666666661174 0.006974999999994187 0.008441666666659632 0.010391666666658007 0.015466666666653778 0.021591666666648673 0.01741666666665215 0.008941666666659215 0.008849999999992624 0.006224999999994813 0.00759166666666034 0.004849999999995958 0.005766666666661861 0.005849999999995125 0.007941666666660048 0.012999999999989166 0.031258333333307284 0.03425833333330478 0.6627666666661144
0.033400335008319265 0.029932998324907985 0.013450586264634086 0.008994974874356793 0.006817420435499468 0.007185929648229169 0.008760469011710618 0.012412060301486746 0.01262981574537248 0.016231155778867284 0.015142378559438622 0.019815745393601647 0.021390284757083097 0.02619765494132965 0.017152428810691536 0.018408710217724607 0.01246231155776807 0.01388609715240555 0.008542713567824886 0.01073701842544265 0.00827470686765783 0.013232830820748354 0.01668341708539919 0.028743718592916676 0.048710217755362294 0.5708040200995463
0.03847264182610323 0.034867405169508266 0.01270224907686717 0.008375293722722936 0.0058039610607566955 0.005031889895936545 0.0044041624706262494 0.0048204095333988515 0.005585767035916218 0.006807653575022891 0.008093319906006011 0.013108425646185596 0.023460892917078396 0.01681772406847371 0.008167170191336634 0.00622356495468069 0.004071836186638445 0.004558576703590279 0.0031654917757626163 0.004293387042630314 0.004202752601542731 0.006351124538433585 0.01076535750251401 0.03550184625712135 0.03946290701576386 0.684884189325047
0.03128589263418771 0.02837078651683622 0.011498127340816792 0.007565543071156326 0.007147315855176562 0.007153558052429992 0.006360799001244469 0.009469413233452266 0.009637952559294857 0.011685393258419672 0.013208489388256424 0.020162297128576676 0.02238451935079751 0.029631710362028944 0.0148002496878809 0.017740324594246105 0.010037453183514334 0.015255930087381239 0.007846441947560645 0.012191011235947445 0.008995006242191638 0.013570536828955324 0.014444444444435428 0.03197877652931837 0.06265293383267001 0.5749250936325999
0.044756554307074196 0.037930711610451376 0.0044101123595464324 0.0015730337078636956 0.0011142322097367845 0.0009269662921339635 0.0007677902621715658 0.0027434456928813263 0.0025468164793983642 0.004634831460669817 0.006039325842690974 0.015964419475640482 0.022574906367020062 0.035449438202213995 0.015102996254667506 0.01360486891384494 0.004279026217224458 0.006058052434451257 0.0017228464419459524 0.0024906367041175183 0.0014044943820211567 0.002846441947562878 0.004681647940070523 0.03493445692880624 0.04264044943816232 0.6888014981266959
0.046699438202083214 0.037816011235822275 0.014150280898826719 0.007935393258399103 0.005231741573015338 0.005337078651666653 0.004880617977510953 0.006390449438179809 0.006144662921326739 0.006987359550537264 0.008110955056151295 0.00965589887637059 0.011200842696589884 0.01320224719096488 0.006495786516831124 0.008286516853903489 0.003792134831447359 0.004810393258410076 0.003792134831447359 0.006004213483124985 0.0064606741572806855 0.007549157303344279 0.0103932584269298 0.027492977527993352 0.03360252808976966 0.6975772471885618
0.025842696629189286 0.028885767790235127 0.013136704119837887 0.008998127340815544 0.008380149812726235 0.007865168539318478 0.007209737827708605 0.009260299625459495 0.009269662921339634 0.011666666666655742 0.010777153558042343 0.016872659176014163 0.024456928838928412 0.034054307116072983 0.008623595505609902 0.010365168539316138 0.00707865168538663 0.010065543071151624 0.004438202247186856 0.007640449438195093 0.006338951310855488 0.009176029962538225 0.010973782771525305 0.031807116104839134 0.06564606741566888 0.6111704119844464
0.038022813688124775 0.034661040526674715 0.016947973662206836 0.011314105536466395 0.00537883705832009 0.0059584531206390645 0.00607437633310286 0.00841602522487152 0.010409904479248795 0.013493461930785742 0.017434851154554773 0.023532412130150393 0.03384957803942815 0.03014003524058671 0.012844291940988491 0.008856533432233941 0.004776036353508355 0.005262913845856295 0.00326903459147902 0.0035472503013921283 0.004103681721218344 0.00584252990817527 0.009250672354610844 0.029560419178267735 0.03403505517937022 0.6230177130654201
0.022489130434770386 0.02912499999998417 0.01315217391303633 0.008695652173908318 0.007315217391300372 0.007521739130430694 0.007461956521735075 0.008527173913038843 0.009440217391299218 0.013282608695644954 0.018766304347815888 0.04195652173910763 0.07858695652169642 0.0465923913043225 0.019054347826076602 0.015429347826078571 0.008918478260864717 0.012347826086949811 0.006858695652170186 0.009701086956516466 0.00727173913043083 0.012499999999993206 0.013657608695644752 0.026657608695637686 0.041804347826064236 0.5128858695649386
0.03739166666663551 0.031233333333307304 0.017249999999985624 0.012949999999989208 0.009683333333325264 0.009049999999992458 0.008299999999993084 0.008283333333326431 0.008358333333326367 0.009741666666658549 0.010883333333324264 0.015949999999986707 0.03173333333330689 0.01912499999998406 0.013016666666655819 0.011524999999990395 0.008366666666659694 0.009149999999992374 0.0074749999999937705 0.00819166666665984 0.007458333333327118 0.01059166666665784 0.015616666666653652 0.028508333333309575 0.03437499999997135 0.6157916666661535
0.03723404255316885 0.031227963525816884 0.01551975683889634 0.011617021276588682 0.007027355623096032 0.0057021276595710015 0.004723404255316277 0.005999999999996353 0.006759878419448778 0.010133738601817549 0.013841945288745385 0.026072948328251626 0.037246200607880094 0.02603039513676229 0.011890577507591555 0.010267477203641174 0.006583586626135816 0.00735562310029948 0.005623100303947949 0.006717325227959443 0.006352583586622278 0.00897872340424986 0.013744680851055475 0.03187234042551254 0.03982370820666272 0.6116534954403576
0.04846666666662628 0.045333333333295554 0.007958333333326701 0.004091666666663257 0.0024333333333313055 0.001883333333331764 0.001649999999998625 0.0013249999999988959 0.001241666666665632 0.0014916666666654236 0.0017916666666651735 0.002274999999998104 0.0032666666666639446 0.0041666666666631946 0.0020833333333315973 0.003958333333330035 0.001908333333331743 0.003233333333330639 0.0016166666666653194 0.0027499999999977083 0.002541666666664549 0.003974999999996688 0.006608333333327826 0.03984166666663347 0.04645833333329462 0.7576499999993687
0.05641666666661965 0.05195833333329004 0.006966666666660861 0.004099999999996583 0.0027916666666643404 0.0027583333333310346 0.0027583333333310346 0.0035249999999970626 0.004208333333329826 0.005258333333328952 0.006799999999994333 0.011549999999990375 0.023458333333313784 0.014766666666654361 0.007833333333326805 0.007258333333327285 0.004458333333329618 0.005083333333329098 0.0026749999999977707 0.0033916666666638402 0.002891666666664257 0.004816666666662653 0.00918333333332568 0.03909166666663409 0.05269999999995608 0.6632999999994472
0.034673366834112776 0.0361976549413129 0.013216080401987913 0.0055611390284663964 0.003986599664984947 0.0031825795644837814 0.004053601340026711 0.006046901172519184 0.0069849246231038775 0.008911222780554588 0.011792294807350431 0.02321608040197116 0.031541038525910316 0.03107202680061797 0.012495812395288951 0.008659966499147973 0.0038358458961409783 0.004422110552756412 0.002227805695138647 0.003216080402004663 0.002914572864316726 0.00455611390283994 0.007872696817407248 0.03087102177549268 0.03455611390278969 0.6639363484075981
0.03391059027776306 0.032183159722208254 0.011302083333328428 0.008059895833329835 0.006306423611108374 0.0057074652777753 0.004943576388886743 0.006835937499997033 0.006714409722219308 0.009774305555551314 0.01267361111110561 0.020607638888879943 0.025299479166655685 0.027495659722210287 0.015325520833326682 0.014244791666660483 0.008771701388885082 0.009288194444440413 0.006154513888886218 0.007873263888885472 0.00628906249999727 0.009127604166662705 0.012369791666661297 0.03367621527776316 0.050872395833311254 0.6141927083330667
0.03438924050631823 0.027268987341763522 0.012563291139236531 0.008734177215187109 0.006009493670884174 0.005620253164555183 0.005180379746833804 0.0069746835443015905 0.007762658227845645 0.010629746835439675 0.012617088607590943 0.017787974683538675 0.0218259493670817 0.021661392405056438 0.014031645569615813 0.013601265822780506 0.00898417721518703 0.009458860759490678 0.006686708860757377 0.008458860759490995 0.008579113924047917 0.013272151898729977 0.018879746835437063 0.0328227848101162 0.054439873417704295 0.6117594936706925
0.05143678160901064 0.044073275861910656 0.009734195402263885 0.005675287356301454 0.0035560344827458477 0.002155172413785362 0.00208333333332585 0.0023347701149341424 0.001975574712636582 0.0024425287356234105 0.0031609195402185312 0.0033764367815970675 0.004058908045962432 0.006896551724113159 0.0035919540229756037 0.0047772988505575525 0.0015804597701092656 0.004920977011476577 0.0023347701149341424 0.0032686781609077994 0.0022629310344746303 0.007076149425261939 0.008477011494222425 0.03218390804586141 0.03911637931020432 0.7474497126409934
0.050144927536194615 0.04133036046076453 0.010301003344473949 0.00457079152730987 0.0029951690821233778 0.002185061315494474 0.002103307320697062 0.00265328874024329 0.0025938312894815355 0.003225566703825176 0.003426235600146097 0.003991081382382764 0.004905239687844738 0.009565217391297239 0.0033296172426582464 0.004927536231880396 0.0028167967298381147 0.006124117428460703 0.002623560014862413 0.00434782608695329 0.002497212931993685 0.006205871423258115 0.009476031215154607 0.03687105165363295 0.05205499814191598 0.7247342995163696
