0.03985850016275535 0.029019673665360894 0.012208302815753656 0.009053548177082182 0.007465362548827176 0.006834665934243923 0.006846110026040796 0.007905324300129203 0.008897145589191576 0.011260986328123569 0.013710021972654507 0.020399729410804698 0.02416737874348651 0.025324503580725948 0.015686035156248005 0.012233734130857819 0.00923665364583216 0.009141286214191547 0.007399241129556351 0.008041381835936478 0.007860819498696917 0.010214487711587244 0.013776143391925332 0.032143910725907374 0.04669952392577531 0.6046155293781783
0.044860212463282846 0.03972071172906919 0.006293880781937424 0.00304297448604949 0.0023288362701905617 0.0019617290748895864 0.001772439427312521 0.002178264959617896 0.0029856139867837127 0.004152900146842282 0.0061217992841400915 0.009035712646841582 0.011948191997061429 0.009440104166665313 0.005615592878119606 0.00424897898311246 0.0023044580580026063 0.0020979602606458077 0.0010539991740086594 0.0011687201725402141 0.0009564863252568378 0.0017781754772390988 0.004925832874448633 0.040368885370772475 0.047366866281197316 0.742270672723829
0.03523824517212057 0.03284424853064307 0.006665617128462776 0.00300272879932798 0.0019710327455917326 0.0015827036104112528 0.001568010075566586 0.0018965155331652083 0.0024716624685135946 0.0034456339210743657 0.004916036943744237 0.00740659109991526 0.01068744752308872 0.00794500419815198 0.004753358522249711 0.0034802686817796517 0.002319479429050974 0.0022691015952978305 0.0016446263643994916 0.0017695214105791595 0.0018660789252726842 0.003172753988244839 0.00712741393786659 0.039749160369433274 0.04584697732997 0.7643597816959735
0.04753246753244625 0.036417375727704246 0.013515450067168153 0.008580385132105427 0.006547245857587753 0.005078369905953839 0.0045454545454525095 0.0043618450514982705 0.0047021943573646655 0.00577250335870767 0.006986117330941789 0.008781907747421056 0.010927004030447413 0.011330049261078669 0.00704881325570665 0.00701746529332422 0.004930586654722378 0.006126287505595107 0.00471115091804536 0.006323331840570388 0.007098074339450471 0.01050156739811442 0.0155933721450893 0.03332288401252426 0.04309896999550242 0.6791491267350295
0.03215640877221661 0.028796064055519974 0.01082063155185089 0.006511672776373864 0.004228567753546485 0.004694835680743625 0.0055469805132073655 0.007235191973748737 0.008955559843062327 0.011511994340453547 0.01691427101418594 0.025419641134437232 0.0317544536625639 0.03556498810207157 0.021335777220365722 0.019904817030002082 0.01242845199046172 0.01167277638431463 0.007138722747432088 0.0077336163097180945 0.006881471477254355 0.009084185478151192 0.009727313653595525 0.02278281561511547 0.028056466653758994 0.6131423242642402
0.03454539609047945 0.03079989711929205 0.014226466049359846 0.012104552469116344 0.011622299382697366 0.010143389917679168 0.00911458333331868 0.011188271604920285 0.012104552469116344 0.014933770576107681 0.01728073559668004 0.023148148148110937 0.024257330246874587 0.026781121399133904 0.01567322530861678 0.014467592592569335 0.008969907407392988 0.009612911522618292 0.007073045267478342 0.007378472222210361 0.007040895061717077 0.007828575102868074 0.012442129629609628 0.026957947530820862 0.03671553497936485 0.5935892489702392
0.041409465020509566 0.032986111111058085 0.0188400205761014 0.010304140946485494 0.006687242798343159 0.0054333847736538175 0.004629629629622187 0.004726080246905983 0.00458140432098029 0.006430041152253038 0.0068319187242688525 0.010947145061710798 0.014981995884749579 0.01982060185181999 0.008760931069944765 0.009018132716034886 0.006462191358014303 0.009194958847721844 0.005835262345669632 0.007362397119329729 0.006542566872417466 0.012586805555535322 0.018180941357995466 0.03785686728388976 0.048787937242719924 0.6408018261306572
0.033557800224413084 0.02260702260698636 0.0169632836299231 0.01717171717168964 0.01487894821225769 0.015808882475523794 0.0152477152476908 0.016610549943856644 0.018213884880522346 0.02031425364755441 0.024130190796818773 0.029357062690348955 0.03334936668264655 0.03908930575590975 0.023023889690519442 0.024130190796818773 0.017203783870422953 0.0196087862754215 0.014654481321124492 0.015744749078057167 0.013468013467991874 0.017556517556489407 0.016754850088156557 0.020971620971587345 0.03823953823947693 0.4613435946761883
0.03206041666666333 0.030771874999996795 0.0062510416666660155 0.002746874999999714 0.0020499999999997864 0.0021385416666664437 0.002279166666666429 0.0029104166666663635 0.004006249999999583 0.005997916666666042 0.009031249999999059 0.013536458333331924 0.017504166666664843 0.01394895833333188 0.008662499999999098 0.006108333333332697 0.003821874999999602 0.0030072916666663532 0.0019656249999997952 0.001957291666666463 0.0018749999999998048 0.003030208333333018 0.006980208333332606 0.035105208333329675 0.03973437499999586 0.7425187499999226
0.02305449490435045 0.017967882579134523 0.010425975573423951 0.008128650219799366 0.00834980727741745 0.008422021826843764 0.008178297722529957 0.01127449652918313 0.012041776116837707 0.0174082198210806 0.018712595120093378 0.027626578564903897 0.03044294599253011 0.03380994935953195 0.02121753730331861 0.020626280679890672 0.015047706736707987 0.015079300602082 0.011441492674731478 0.014316534423766568 0.01356730847346857 0.01649199772523425 0.01991316200430583 0.028791038174403195 0.06210902591596839 0.5255549236780108
0.006027325823945971 0.0053963287442631005 0.0027419691280764764 0.002365456821026036 0.002620984564038108 0.003471005423445612 0.00408948685857279 0.007460367125572856 0.011316228619106037 0.021467459324152956 0.033014184397159675 0.06292240300374813 0.0763881935752945 0.08634334584896888 0.050450563203999745 0.04344180225281149 0.023515853149768094 0.019983312473923657 0.01042553191489253 0.011129536921150278 0.006921151439298402 0.009065498539840523 0.009471214017520914 0.01568314559866336 0.13169691280766252 0.34259073842299304
0.020508864136778517 0.020974974685341666 0.007988170435720159 0.007779224327743576 0.007666714884986954 0.007827442660353557 0.007666714884986954 0.01608885031419694 0.01729430862944646 0.024800295739066815 0.02677724737607603 0.04183743992792671 0.04628959930558161 0.05866563800881003 0.03272417506464033 0.03574585724153247 0.017872928620766233 0.024816368516603474 0.013517205908331296 0.01650674253015011 0.009852612629972753 0.016796052525809995 0.016972853078713258 0.021521449121588116 0.04879695260130061 0.43271131684196806
0.029878048780483252 0.02808841463414206 0.00639024390243805 0.003402439024389725 0.0024481707317069437 0.0020045731707314016 0.001896341463414345 0.002749999999999581 0.0037515243902433307 0.005437499999999171 0.008292682926828004 0.012048780487803041 0.017080792682924225 0.012858231707315112 0.007455792682925693 0.0054634146341455084 0.0031387195121946434 0.003324695121950713 0.001960365853658238 0.002574695121950827 0.0027118902439020255 0.004667682926828557 0.00962957317073024 0.04098018292682302 0.050724085365845925 0.7310411585364739
0.02314991207502719 0.020812573270807006 0.010183726553340218 0.007162221570925488 0.005175666764360605 0.00505385404454819 0.004849611664712335 0.006023776377490657 0.007215342907385037 0.01017914712778336 0.01427315357561417 0.022725857268462164 0.030246189917933926 0.02629597743258845 0.01621116647127636 0.012186767291909787 0.008405077667056676 0.0082658631301282 0.006447831184055682 0.007669621922625324 0.008143134525204413 0.011644563305977833 0.018043852579130822 0.039413283997651725 0.0582731902110146 0.6119486371628983
0.011993685473205798 0.010270894623218677 0.006543223718985179 0.005906965734614935 0.005722762374104949 0.007516742928636993 0.007946550769826961 0.012910252919221675 0.013103354992799776 0.019640349612637276 0.026055431863441593 0.04609266407891681 0.06144739347794976 0.06838038082931838 0.03297685088782167 0.029108580317111953 0.018069726756114925 0.025422733364298594 0.0167633956777156 0.020617428307516335 0.01440879619989229 0.02421428812964854 0.02487457263930269 0.0371930611394947 0.14675579617674386 0.3060641170073712
0.04250226517667308 0.03640138930835689 0.006430584918955393 0.0025168629819786277 0.0015025672002412407 0.001203060505385784 0.001298701298700972 0.0015176683781331125 0.0018020738950966975 0.002501761804086756 0.0034908889560043566 0.005401187959326135 0.007892882311484975 0.0069515755562249695 0.0042283298097240945 0.0035462599416078862 0.0022525923688708717 0.0029245947850591652 0.001885130373501992 0.0021619853015196412 0.002212322561159214 0.003589046612301523 0.007220879895296683 0.03558592570219581 0.039992952783640394 0.772986509614222
0.015440624999998391 0.013905208333331885 0.006169791666666024 0.005222916666666123 0.005640624999999413 0.005637499999999413 0.004913541666666155 0.007933333333332506 0.00957291666666567 0.014292708333331844 0.014140624999998528 0.02315833333333092 0.01922395833333133 0.03708020833332947 0.01751666666666484 0.024034374999997495 0.015687499999998366 0.020815624999997832 0.012640624999998682 0.021698958333331072 0.017671874999998158 0.02485937499999741 0.025348958333330694 0.03709062499999614 0.11164270833332171 0.48866041666661575
0.0244585063038101 0.022147428505532394 0.010807051429888 0.008100784132840355 0.006714617927428467 0.006319428428658527 0.006550055734931563 0.007919405365927707 0.00969595633456218 0.013335543511683515 0.01920572916666436 0.02727528251844691 0.033870983241078345 0.028618206103932602 0.019426747001842683 0.013891691651289844 0.009474938499383856 0.00760709755534964 0.005819735931733619 0.00551703759225026 0.00545097247847413 0.006432339714021368 0.00959265452029405 0.026156980319800058 0.029847017220168616 0.6357638088098867
0.025567089580889452 0.021690375496569124 0.009179161860808055 0.006023324362415059 0.005078175060865888 0.005654876329607755 0.005446623093673192 0.00919518134049533 0.009067025502997136 0.013200051262313854 0.019271434063790734 0.03854286812758147 0.0499006792258588 0.09603678072520819 0.03192682301673727 0.03029283608863531 0.010797129309222738 0.012799564270132001 0.004517493271811295 0.0061835191592878 0.004149045239003991 0.006055363321789607 0.00813789568113524 0.018422401640365207 0.02468601819808938 0.5281782647691141
0.02610370370366503 0.022933333333299357 0.006385185185175725 0.004666666666659753 0.006162962962953832 0.007422222222211226 0.007229629629618919 0.010666666666650865 0.014459259259237838 0.023703703703668588 0.03096296296291709 0.04871111111103894 0.05382222222214249 0.052888888888810534 0.034548148148096966 0.02733333333329284 0.015333333333310616 0.011866666666649086 0.007244444444433712 0.0053481481481402245 0.0035555555555502882 0.0046962962962893385 0.005451851851843775 0.020799999999969183 0.02614814814810941 0.5215555555547828
0.03159801436417072 0.02492184199408271 0.007831643430501918 0.004367342627798441 0.003335445711871215 0.002657372201098156 0.002169412758766142 0.00284431770173185 0.0036977186311783167 0.005053865652724435 0.007270806928600837 0.01171947613012128 0.01625158428390196 0.012377482044781118 0.007000422475706907 0.005302070130966909 0.0032562315166874464 0.0034790874524711153 0.0024450781580056566 0.003312209547950643 0.0038582594000840876 0.006480777355301386 0.014801436417404435 0.048334389522597346 0.07745035910434332 0.688183354457046
0.01118036368307656 0.01455374927710828 0.005525926877842437 0.003935616526370341 0.003614341707891129 0.002907537107236864 0.0029557283300087455 0.014489494313412437 0.011871104542806864 0.020047548673102794 0.020818608237452903 0.04125168669273075 0.03344470860368591 0.09610936194805611 0.030312279123513603 0.04846430636758905 0.01683480048831068 0.042777742080507004 0.01632076077874394 0.03273790400303165 0.01285099273916846 0.031308231060799156 0.0195977639272319 0.026248152669751577 0.07710595643501075 0.36273533380395373
0.029947916666618526 0.03145897633739799 0.010866769547307635 0.005320859053489389 0.005417309670773185 0.005867412551430897 0.005867412551430897 0.007233796296284668 0.006542566872417466 0.010609567901217512 0.012040252057593813 0.022939171810662712 0.03351658950611896 0.0348668981480921 0.013245884773641258 0.0144997427983306 0.007828575102868074 0.010866769547307635 0.005706661522624571 0.006928369341552648 0.006510416666656201 0.008825231481467294 0.010979295267472062 0.029208461934109427 0.03872492283944392 0.624180169752083
0.02084412470022981 0.021573141486800205 0.009256594724216183 0.006417266187047282 0.005314148681052607 0.005544364508390626 0.0059328537170235335 0.00717985611510447 0.008517985611506705 0.011405275779371029 0.016071942446035457 0.022877697841715647 0.029103117505981244 0.023458033573130237 0.014676258992798716 0.01059472422061842 0.007904076738605322 0.006522781774577207 0.005410071942443449 0.0058177458033545236 0.006191846522778805 0.0073477218225384425 0.010354916067141317 0.024023980815336198 0.023693045563537796 0.6839664268581851
0.03753759536384633 0.035118654636147016 0.014340338908449391 0.007910614730046223 0.005337624706572281 0.004406910211267202 0.003944762323943301 0.004154746185445628 0.004638901115023049 0.00603176349765203 0.00811051203051569 0.013361025528167791 0.022721354166664584 0.015253631161970434 0.008923855633802 0.0072449017018772705 0.0054412411971826 0.005231257335680272 0.004711340962440883 0.005366967429576973 0.0060931998239431035 0.008936693075116553 0.0149088541666653 0.03310776115023171 0.03837202904929226 0.6787934639083886
0.014226466049359846 0.017184284979396246 0.010545267489694983 0.008294753086406419 0.006574717078178732 0.006108539094640386 0.006526491769536833 0.012233153292161405 0.017200360082276878 0.027166923868269084 0.03596000514397511 0.05864197530854771 0.06286972736615408 0.08820408950603105 0.048000257201568926 0.041779192386764114 0.022103266460869818 0.020447530864164662 0.010513117283933717 0.010513117283933717 0.007796424897106809 0.009837962962947148 0.01033629115224676 0.016750257201619163 0.01847029320984685 0.411715534978762
0.023597635417298084 0.025412838141705626 0.012288761806829838 0.006891344856379086 0.005349225727678871 0.005525926877842437 0.005220715800287186 0.009863136927311791 0.010120156782095161 0.013879072158301935 0.017493413866193065 0.028111546616931004 0.025685921737412958 0.06607016642024983 0.01850542954440258 0.026794319861166236 0.010168348004867043 0.020095739895874678 0.008915376212798119 0.012658227848080931 0.007212619674858298 0.013365032448735197 0.013075885112103907 0.023951037717625214 0.04279380582143097 0.5469543147199336
0.03475244072523195 0.03693863319385044 0.007458158995813299 0.003716875871686291 0.002991631799162137 0.002486052998604433 0.0018549511854944719 0.0025278940027885187 0.0027998605299850766 0.003929567642955394 0.0040655509065536735 0.0074686192468593204 0.011739888423984749 0.013294979079493272 0.005233612273359402 0.006631799163177604 0.003992329149231523 0.007144351464432656 0.003936541143652742 0.007050209205018462 0.006722454672243123 0.012182705718266323 0.018145048814498556 0.041743375174322965 0.0671757322175498 0.6840167364014351
0.03794895833332938 0.03425520833332976 0.007048958333332599 0.0031677083333330035 0.0019197916666664667 0.0015187499999998418 0.0013260416666665284 0.0013114583333331967 0.001487499999999845 0.0017031249999998226 0.0019052083333331348 0.0025197916666664043 0.003399999999999646 0.003439583333332975 0.0017156249999998212 0.001619791666666498 0.0010947916666665526 0.001591666666666501 0.0011260416666665494 0.0014979166666665106 0.0018802083333331375 0.003673958333332951 0.009068749999999055 0.046283333333328514 0.054977083333327605 0.7725187499999195
0.027552726337404267 0.025446887860041397 0.01257073045265469 0.007957175925913135 0.005915637860072795 0.007265946502045933 0.00879308127570603 0.011043595678994593 0.014789094650181987 0.022714120370333858 0.028260030864152103 0.04554076646083214 0.045010288065771266 0.04552469135795151 0.025945216049341007 0.02187821502054096 0.012056327160474447 0.010480967078172452 0.006815843621388221 0.007024819958836444 0.005754886831266469 0.0076517489711811154 0.008777006172825397 0.019981352880626316 0.031571502057562414 0.5336773405341215
0.03036145833333017 0.027761458333330442 0.006931249999999278 0.0036885416666662826 0.0030687499999996802 0.002829166666666372 0.002327083333333091 0.0031697916666663366 0.0033114583333329886 0.004684374999999512 0.004783333333332835 0.007386458333332564 0.00720624999999925 0.011694791666665448 0.005894791666666053 0.007336458333332569 0.005043749999999475 0.006973958333332607 0.004353124999999547 0.0067218749999993 0.006314583333332675 0.010764583333332212 0.018617708333331394 0.04917916666666154 0.07488333333332553 0.6847124999999287
0.035379629629625535 0.02648032407407101 0.011337962962961651 0.006901620370369572 0.005201388888888287 0.0048287037037031445 0.004376157407406901 0.005062499999999414 0.00560763888888824 0.006810185185184397 0.00847685185185087 0.011185185185183891 0.014431712962961293 0.01335879629629475 0.009089120370369318 0.00814120370370276 0.006234953703702982 0.0063969907407400006 0.005409722222221596 0.005868055555554876 0.00591319444444376 0.007922453703702786 0.01184722222222085 0.034039351851847914 0.04319560185184685 0.6965034722221416
0.029558333333330255 0.02294374999999761 0.007802083333332521 0.0048614583333328265 0.0042583333333328895 0.0034062499999996452 0.0025947916666663965 0.00297812499999969 0.003399999999999646 0.004538541666666194 0.0056781249999994085 0.009053124999999057 0.010761458333332212 0.011831249999998768 0.006006249999999374 0.0058614583333327225 0.003958333333332921 0.005323958333332779 0.003734374999999611 0.006147916666666026 0.006878124999999283 0.012458333333332036 0.025656249999997327 0.06623958333332643 0.12901979166665323 0.605049999999937
0.014346874999998505 0.011896874999998761 0.004892708333332824 0.004746874999999506 0.00553541666666609 0.004983333333332814 0.003767708333332941 0.007316666666665904 0.007979166666665835 0.01297187499999865 0.013784374999998563 0.02691145833333053 0.027541666666663796 0.04214270833332894 0.01863124999999806 0.024672916666664095 0.01507187499999843 0.023031249999997602 0.014119791666665197 0.025268749999997366 0.02024479166666456 0.029197916666663624 0.029936458333330213 0.03946458333332922 0.19131979166664673 0.38022291666662705
0.03219629629629232 0.02786543209876199 0.01004320987654197 0.005516049382715368 0.0038148148148143437 0.0039925925925921 0.004262962962962437 0.005904938271604209 0.006987654320986791 0.009737037037035835 0.011996296296294815 0.017630864197528687 0.020640740740738194 0.022277777777775027 0.015388888888886988 0.013906172839504455 0.010019753086418516 0.008897530864196432 0.0065716049382707935 0.006788888888888051 0.006664197530863375 0.009387654320986495 0.014662962962961153 0.03522962962962528 0.04474074074073522 0.6448753086418957
0.045206971677487495 0.043957452261880116 0.014433551198233958 0.006616045110844201 0.0033160322952657376 0.0027873894655856923 0.002899525823396611 0.0039087530436948785 0.0038446751249457825 0.003764577726509412 0.003604382929636671 0.005110214020240436 0.004757785467120406 0.005734973728044126 0.0036524413686984934 0.004245162117127635 0.0024349609124656624 0.0038927335640076047 0.0022587466359056474 0.0037004998077603156 0.003604382929636671 0.006936434704589683 0.014305395360735766 0.0354350890682503 0.0398244265025634 0.7297673971537714
0.034599609374966214 0.038427734374962476 0.01221679687498807 0.006269531249993877 0.0035937499999964904 0.0036328124999964522 0.002968749999997101 0.003203124999996872 0.0031054687499969674 0.004580078124995527 0.005312499999994812 0.012333984374987955 0.01836914062498206 0.017207031249983195 0.006650390624993506 0.006855468749993305 0.00400390624999609 0.006181640624993963 0.0032128906249968624 0.004531249999995575 0.004365234374995737 0.008613281249991589 0.015156249999985199 0.03544921874996538 0.04267578124995832 0.6964843749993198
0.025596361348969216 0.02469315011044226 0.009064369929502646 0.005387009886928619 0.003838647763739555 0.003306398283893314 0.0034031709165926304 0.007354720085148055 0.007048273414933552 0.011661102240267639 0.012290124352813197 0.018451315301336348 0.023999612909430493 0.043692843663741404 0.01308043418652428 0.01712875598777902 0.008661150626588827 0.022660924823756614 0.006709569200485944 0.01466105385394645 0.006322478669688678 0.017144884759895573 0.014257834551032631 0.028273737520316974 0.08548249221772958 0.5658295833929036
0.024405164364557124 0.02337486718821698 0.0099488071090345 0.006906210760155017 0.005618339289729839 0.004877813194235362 0.0063427669918440024 0.013748027946788775 0.012798222737350207 0.019768827071026483 0.020042499758491834 0.041034804726422236 0.04216169226304427 0.0944653723556868 0.028365369136114548 0.02960494542639878 0.010753726778050237 0.01733796967059896 0.006970604333676277 0.010399562123683313 0.005409060175785748 0.011268875366220309 0.009594642454667577 0.021926011783988657 0.03665604172697663 0.4862197752656457
0.020463605967045294 0.023244598765394732 0.012168852880638875 0.011365097736607245 0.011027520576113961 0.011236496913562185 0.008584104938257805 0.01615547839503576 0.012683256172819117 0.018293467078159893 0.018132716049353566 0.03697273662545497 0.04473701131680051 0.05420524691349311 0.019000771604907728 0.022280092592556776 0.013744212962940868 0.020286779835358336 0.011670524691339263 0.017119984567873715 0.01387281378598593 0.021010159464986803 0.017345036008202572 0.02731159979419478 0.05867412551430897 0.4584137088469997
0.01598118344527253 0.01660947593959272 0.00787782127493777 0.005396871425570865 0.0047685789312506745 0.004091956245059701 0.003367003366997943 0.012517519694533021 0.013677444299431834 0.021216954231274118 0.024616177726185916 0.04829797174287001 0.045849242021416964 0.11384982198360986 0.037214247740503574 0.042723889613772936 0.01660947593959272 0.027950960965270003 0.009972129589338404 0.015304560759081558 0.00700787782126366 0.01480514877641679 0.011615356112945056 0.020057029626375306 0.04122565366577864 0.4173956470600464
0.036325095148566224 0.02954826484233504 0.012301071124580782 0.010293716176052587 0.009619244913347112 0.00836665542546552 0.007001654060466346 0.008719949896406481 0.009972539384288076 0.012108365049522075 0.016524545936284104 0.023991906344808994 0.030784795490628406 0.030431501019687442 0.01657272245504878 0.014388720271050105 0.009394421159111955 0.009426538838288406 0.006471712354054903 0.008430890783818422 0.008222125869171489 0.013633954810403503 0.014388720271050105 0.02678614443316024 0.038444861974212 0.587849881966585
0.028384353741448324 0.02469387755097841 0.011632653061204706 0.0071938775510081735 0.006768707482981686 0.004659863945570306 0.005051020408154675 0.00906462585032472 0.010170068027193589 0.014166666666642574 0.016054421768680178 0.025255102040773376 0.02998299319722792 0.043537414965912354 0.021377551020371807 0.025680272108799862 0.013741496598616086 0.024540816326488874 0.010272108843519945 0.016853741496569978 0.00976190476188816 0.018775510204049703 0.015391156462558859 0.02678571428566873 0.05231292516997906 0.5278911564616873
0.04195761891592316 0.026164097068580302 0.018377523506634522 0.01463259356563211 0.010583748156340658 0.008133699760323312 0.006658773506636209 0.006729351032447408 0.006900753595131749 0.008423211651916191 0.010988488661502841 0.02015492487094105 0.035340615781705824 0.021372027101766833 0.011144047289821404 0.008855318952801084 0.006925239675515227 0.007185944413715779 0.006343335176990237 0.007945012905603576 0.009635992809733126 0.014122706950587937 0.019541332503684502 0.02842257789453868 0.0901476654682761 0.5533133987831061
0.0337806908031592 0.02983874323761654 0.004692051602163474 0.0026893466500205274 0.0028963795255927075 0.0025759467332498362 0.0017675821889303197 0.0035674157303367073 0.0037161880982101835 0.006301498127340169 0.005240324594256634 0.011154806491883983 0.011197461506449105 0.02572513524760448 0.009096962130669049 0.013857677902620281 0.006883062838118302 0.013312526009153837 0.0060226799833535145 0.012985851019557534 0.00999999999999896 0.0170630461922579 0.0192103620474387 0.04182792342904267 0.12444340407822259 0.5801529338326488
0.024210416666664146 0.019952083333331254 0.008762499999999087 0.006291666666666011 0.005308333333332781 0.004898958333332823 0.004187499999999564 0.006278124999999346 0.006627083333332643 0.009444791666665682 0.009930208333332299 0.014829166666665122 0.014032291666665204 0.02283124999999762 0.010491666666665574 0.014167708333331858 0.009520833333332342 0.014443749999998496 0.009017708333332394 0.01603124999999833 0.014260416666665181 0.022371874999997668 0.027131249999997175 0.045449999999995265 0.13693020833331906 0.5225989583332789
0.01945225331241018 0.01796493636680369 0.00768174686192364 0.005482097716177775 0.005081666230822181 0.004803815812412177 0.004855572262900315 0.005889339260808124 0.007608198221756286 0.010127920153415636 0.015294031119244779 0.025307542276844532 0.03288441422593694 0.022993484135282783 0.014215317730123586 0.00939651978730695 0.005907045414922487 0.0049032426778236 0.003746894612970201 0.003889905857740056 0.003829977336122212 0.005295502092049488 0.007990923552997516 0.019418203016036407 0.2701836536784848 0.46579579628654744
0.028558549856678325 0.029411764705835005 0.007550146495367606 0.0041050903119802555 0.003589941723810184 0.002575742940850356 0.0018674136321165083 0.00500660034127788 0.00442705817958655 0.007839917576213272 0.008773624392271525 0.015824720692849376 0.019398564023279243 0.04414179464882298 0.010914710711853385 0.01951125277694145 0.007260375414521941 0.02860684503681927 0.008081393476917992 0.01965613831736428 0.00817798383719988 0.02228017643835558 0.012556746836645486 0.02826877877583266 0.12363566116081709 0.527979007694182
0.034462962962959774 0.03208055555555259 0.01153703703703597 0.005246296296295811 0.0029648148148145406 0.002167592592592392 0.0018361111111109413 0.0018601851851850133 0.0020694444444442532 0.002619444444444202 0.003687037037036696 0.00663333333333272 0.012987037037035836 0.024655555555553276 0.006687037037036419 0.009711111111110213 0.004133333333332951 0.012793518518517335 0.0035527777777774492 0.007930555555554821 0.0037203703703700265 0.011212962962961925 0.01228518518518405 0.046322222222217935 0.1175990740740632 0.6192444444443872
0.030446540880483996 0.025704402515707103 0.007176100628926305 0.0037610062893058105 0.0031257861635200467 0.0036100628930794904 0.0034402515723248803 0.005503144654084589 0.005553459119493362 0.008471698113202218 0.009666666666660587 0.016742138364769343 0.022050314465394936 0.029415094339604143 0.014603773584896475 0.014062893081752162 0.007949685534586194 0.010226415094333191 0.005528301886788976 0.006949685534586824 0.005188679245279756 0.007402515723265784 0.010716981132068731 0.029955974842748454 0.03952830188676759 0.6732201257857401
0.023772907855914755 0.024173394848096608 0.01006023324360813 0.008714596949877107 0.00813789568113524 0.009051006023309863 0.008089837242073418 0.014033064206052106 0.013664616173244801 0.018999102909107075 0.018438421120052482 0.033304498269842844 0.03570742022293395 0.04815455593994593 0.021001537870016337 0.027008842752744122 0.013119953863877484 0.022315135204372814 0.011277713699840963 0.015875304370088626 0.008474304754567995 0.01792579777005971 0.017012687427885087 0.028114186851166036 0.05861527617573591 0.48495770857284864
0.04522936370062853 0.03448497716008093 0.014829826931713906 0.011371678569112507 0.009988419224071949 0.008347809303209889 0.005790387955983738 0.0063372579296044245 0.0067554526153143606 0.011001737116369103 0.013124879366896472 0.021488773081095206 0.02644277166565907 0.028662420382119504 0.015601878659178406 0.013398314353706815 0.007221900533990829 0.008363893714198732 0.004873576529619646 0.007752686096622672 0.006675030560370142 0.009843659525172355 0.013189217010851847 0.031010744386490686 0.03414720452931521 0.6040661390970146
0.01431354554088085 0.018483633611846136 0.005651354876095813 0.0050234265565296116 0.004765814938246042 0.005731858506809429 0.006858909336800047 0.008984205187639498 0.013862725208884602 0.028933004878473438 0.044969328116625656 0.07805632033992166 0.08328905633630668 0.07583442013222587 0.04627348693418623 0.035292791704849065 0.016004121785866774 0.015649905810726866 0.006681801349230092 0.006955513693656386 0.0034455553945427464 0.005667455602238536 0.005876765042093937 0.012445861308324967 0.015311790561729682 0.4356373472436593
0.029443908710978073 0.03007071681126636 0.01189328190290599 0.00687881710059968 0.004355512696875031 0.00343940855029984 0.002828672452583046 0.006927033108314164 0.006782385085170713 0.010253937640613543 0.009707489553182727 0.0183863709417898 0.02155255544837423 0.03187078109927375 0.007698489231745904 0.012439729990336806 0.005239472838307233 0.01620057859206654 0.0075538412086024525 0.014802314368346508 0.008502089360320634 0.018723882995791186 0.01491481838634697 0.03224043715841813 0.08220829315319478 0.5850851816126887
0.036320118229074855 0.03395874831325265 0.014023645826617581 0.00926877851312525 0.005638373064310161 0.005863265437245609 0.0044014650131651975 0.005252843282135108 0.006200603996648782 0.00811218916660009 0.010441431600574373 0.016722354301842955 0.020898926942072706 0.018810640621957832 0.009718563258996147 0.00727687463855414 0.004064126453762025 0.005429544432298674 0.003100301998324391 0.004658484867948566 0.0037749791171307347 0.006570070037899874 0.009718563258996147 0.0290914348132926 0.055821499710762994 0.6648621731018042
0.008908271789549933 0.008172035217284377 0.00491619110107375 0.004739761352538611 0.0053033828735346514 0.005502700805663539 0.004809379577636261 0.01060009002685446 0.01271533966064332 0.021801948547361203 0.020871162414548793 0.048955917358393775 0.047711372375483736 0.09846687316893593 0.03162670135497746 0.04666137695312055 0.023232460021970443 0.03675460815429337 0.015872001647947706 0.031959533691403204 0.0183324813842756 0.03279590606689141 0.021701812744138557 0.025124549865720262 0.11861324310301605 0.2938508987426478
0.03353437499999651 0.027246874999997162 0.010774999999998877 0.005556249999999421 0.004270833333332888 0.003555208333332963 0.0027895833333330426 0.0032281249999996636 0.0034270833333329763 0.004162499999999567 0.0043624999999995456 0.006332291666666007 0.006954166666665942 0.009624999999998997 0.005080208333332804 0.005952083333332713 0.004474999999999534 0.005410416666666103 0.004118749999999571 0.006101041666666031 0.006870833333332617 0.010965624999998858 0.02034374999999788 0.051484374999994635 0.08675937499999097 0.6666187499999305
0.03553453267162577 0.031091811414388847 0.01205438378825351 0.006975806451612182 0.0047218775847803224 0.003893713813068249 0.0037644747725388995 0.004486145574854788 0.005285359801488287 0.006802109181140736 0.00895574855252182 0.013009718775846463 0.017473118279568087 0.011499172870139423 0.007349048800660944 0.005935690653431976 0.004254549214226194 0.0038988833746894233 0.003014888337468671 0.0033012820512817098 0.0036279983457399062 0.005524193548386526 0.010224358974357917 0.03624483043837508 0.04264888337468542 0.7084274193547655
0.030647916666663475 0.022411458333331 0.013964583333331879 0.012556249999998692 0.009715624999998987 0.007801041666665854 0.007183333333332585 0.008347916666665798 0.009364583333332357 0.012404166666665375 0.01751666666666484 0.030061458333330203 0.04363749999999546 0.0377989583333294 0.02234062499999767 0.015373958333331732 0.010282291666665595 0.00936666666666569 0.0073437499999992354 0.008627083333332435 0.009534374999999007 0.012794791666665334 0.01649999999999828 0.027764583333330442 0.03535208333332965 0.5613083333332749
0.02133333333330173 0.017999999999973332 0.015629629629606474 0.014548148148126595 0.011851851851834294 0.009925925925911221 0.010296296296281043 0.015288888888866238 0.015481481481458545 0.02176296296293072 0.023911111111075686 0.044148148148082746 0.05453333333325254 0.05691851851843419 0.03242962962958158 0.027822222222181003 0.021140740740709422 0.02564444444440645 0.01814814814812126 0.01757037037034434 0.012844444444425415 0.01684444444441949 0.015748148148124818 0.020014814814785162 0.037022222222167375 0.4211407407401168
0.03138791000270225 0.031208999728915367 0.010501490918945377 0.005546218487393455 0.004293846570885255 0.003748983464352467 0.0038899430740027404 0.004695039306043726 0.005801030089453565 0.007701274058008213 0.009924098671724065 0.01221469232854101 0.013537544049874346 0.01278937381403828 0.008663594470043735 0.007812415288694006 0.005383572783950831 0.005275142314989083 0.0037923556519371664 0.004120357820546457 0.004548658172945365 0.006944971537000015 0.01203307129303008 0.03133369476822138 0.03994849552723233 0.7129032258062583
0.025123690805074338 0.02385465527208145 0.014328856904172831 0.010987598791989033 0.010762706419053584 0.011581957206175574 0.010136220523019122 0.013268650003191433 0.01341322367150708 0.019388935295220414 0.025525284328173352 0.04634389256562625 0.0560624558246224 0.04629570134285437 0.022312536143381235 0.017316712716029498 0.01285099273916846 0.012610036625309051 0.00816038038937197 0.008288890316763655 0.007646340679805233 0.008063997943828208 0.010778770159977545 0.02261774722093649 0.02663368245192663 0.5156460836591344
0.03159801436417072 0.02492184199408271 0.007831643430501918 0.004367342627798441 0.003335445711871215 0.002657372201098156 0.002169412758766142 0.00284431770173185 0.0036977186311783167 0.005053865652724435 0.007270806928600837 0.01171947613012128 0.01625158428390196 0.012377482044781118 0.007000422475706907 0.005302070130966909 0.0032562315166874464 0.0034790874524711153 0.0024450781580056566 0.003312209547950643 0.0038582594000840876 0.006480777355301386 0.014801436417404435 0.048334389522597346 0.07745035910434332 0.688183354457046
0.022907855952801953 0.02072920671533268 0.009259259259244427 0.007417019095207905 0.006199538638975074 0.004517493271811295 0.0038126361655712346 0.010044213763920857 0.00954760989361536 0.01776560297318697 0.019511726259099846 0.03783801102134141 0.037870049980715956 0.07187940535679886 0.03210303729329728 0.040112777136934334 0.016227732923208657 0.022555427399681926 0.00981994104829902 0.01220684352170286 0.005895168524916866 0.013904908368553914 0.012078687684204666 0.025326797385580344 0.043284634115014604 0.48718441624937975
0.03886523736599711 0.03610719754976476 0.015485451761100232 0.008222052067380059 0.004635528330780301 0.0031531393568142185 0.0026248085758035795 0.0028346094946396882 0.0035803981623271698 0.0050045941807036745 0.008652373660029303 0.015640122511483057 0.022246554364468263 0.016096477794790797 0.008745788667686256 0.0058192955589577615 0.0034670750382843085 0.0032358346094941448 0.0022986217457883155 0.0025375191424192134 0.002765696784073083 0.005113323124042096 0.010802450229707381 0.03604134762633445 0.039101071975491716 0.696923430321486
0.03197083333333 0.0316656249999967 0.013773958333331898 0.00786874999999918 0.0054229166666661015 0.004315624999999551 0.00377708333333294 0.004168749999999566 0.004937499999999486 0.006694791666665969 0.009997916666665625 0.01699687499999823 0.025172916666664043 0.018199999999998103 0.011088541666665511 0.007980208333332501 0.005342708333332777 0.005153124999999463 0.004112499999999571 0.004764583333332837 0.005611458333332749 0.008768749999999086 0.01604687499999833 0.03610312499999624 0.03965937499999587 0.6704052083332634
0.008743961352642925 0.0129307568437795 0.006859903381631466 0.007053140096607 0.008566827697248685 0.010370370370353672 0.008502415458923506 0.016086956521713224 0.01602254428338805 0.024460547503986376 0.029049919484655313 0.05090177133647198 0.05694041867945742 0.08410628019310128 0.032302737520076806 0.03885668276966368 0.020161030595780737 0.025990338164209356 0.013091787439592445 0.0205636070853131 0.01190016103057665 0.019645732689179313 0.014621578099815425 0.016231884057944877 0.049162640901692166 0.39687600644058474
0.039224100563498135 0.03374945817078091 0.010358690940614396 0.005602514087558994 0.004005201560467706 0.0034731252709142312 0.0033387516254872844 0.0034319462505414573 0.003926094495014746 0.004856957087125612 0.006136757693974194 0.008151278716947534 0.010199393151277611 0.009134156913739798 0.0058864325964449625 0.005174469007368317 0.004043129605547893 0.0038729952319024844 0.003184872128304813 0.0035034677069783805 0.0037386215864755375 0.0054042045947111615 0.00995773732119528 0.03755093194624647 0.044285869094056754 0.727808842652717
0.02658516236679087 0.0277884738800735 0.018097805159770733 0.012706969580264557 0.009754845334344509 0.007203824926185336 0.00673854447438272 0.008872416891270581 0.01007572840455321 0.01344500064174457 0.017696701322009855 0.03147862918747356 0.0590103966113801 0.04227634449999635 0.01641316904117505 0.013380824027702829 0.008920549351801886 0.009032858426374931 0.007877679373623608 0.009738801180834073 0.011407393145919318 0.01366961879089066 0.01392632524705762 0.024868437941174323 0.03783211397760584 0.5412013862139949
0.033430555555509125 0.023749999999967013 0.013930555555536208 0.010902777777762634 0.010652777777762983 0.01144444444442855 0.011569444444428376 0.01249999999998264 0.011666666666650463 0.014722222222201774 0.01943055555552857 0.029736111111069812 0.036166666666616436 0.03454166666661869 0.020333333333305094 0.017444444444420216 0.010694444444429591 0.012402777777760552 0.009194444444431675 0.010430555555541069 0.009874999999986285 0.012208333333316378 0.012694444444426814 0.021624999999969963 0.03320833333328721 0.555444444443673
0.024231621543462388 0.023252079519505326 0.01210778173874794 0.00989176863536967 0.009265504062675812 0.008542891094182896 0.007129781289130087 0.010453800944197492 0.011353052638322007 0.016218646626174296 0.022497350419079395 0.03736711950406692 0.04269839740494798 0.0492019141213842 0.02103606641612706 0.019622956611074247 0.011850852683283793 0.019285737225777554 0.009249445996709302 0.01493400134885356 0.011593923627819646 0.019141214632078973 0.018097440344255873 0.03067090599603258 0.0675241673891712 0.472781578185964
0.03585461847389271 0.0335124497991941 0.0139453815261033 0.0069975903614452216 0.0040987951807225625 0.003311646586345116 0.002997590361445543 0.0033710843373491273 0.0038738955823290067 0.005559036144577867 0.008210441767067615 0.013154216867468824 0.0176594377510026 0.014249799196786005 0.008363855421686077 0.005804819277107968 0.004003212851405301 0.0037630522088350393 0.0031236947791162153 0.0035036144578310443 0.004394377510039808 0.0070546184738950165 0.013620883534135453 0.03620321285140272 0.040224899598390346 0.7031437751003452
0.03539583333332964 0.03167395833333003 0.00898541666666573 0.004664583333332847 0.0031749999999996694 0.002482291666666408 0.0022499999999997656 0.002434374999999746 0.0027687499999997115 0.0034364583333329752 0.004456249999999536 0.005858333333332723 0.007501041666665886 0.007259374999999244 0.004337499999999548 0.003998958333332917 0.003057291666666348 0.0033562499999996503 0.0026718749999997218 0.0033739583333329817 0.003698958333332948 0.006119791666666029 0.012298958333332052 0.04194999999999563 0.04915937499999488 0.7436354166665892
0.026297250859103706 0.0210771048109943 0.007798539518899506 0.005016108247422142 0.004776632302404985 0.004294458762886136 0.003753221649484133 0.005111683848796702 0.006003006872851589 0.008247422680411485 0.009103307560136479 0.013763960481098179 0.014206400343641085 0.0192289518900323 0.011118986254294338 0.012285223367696276 0.008792955326459536 0.009945231958761819 0.006982388316150453 0.01081615120274798 0.01106958762886479 0.017670747422678514 0.027657860824739297 0.05030283505154099 0.10349441580754902 0.5811855670102468
0.029312602946555105 0.024438369326497237 0.008736159407026569 0.004960022419472204 0.0040763977855045415 0.0035202004026349287 0.002537918649340779 0.0033600613103948345 0.0032027818448018847 0.004142169198388866 0.004094985358710981 0.006980348645679822 0.008312934663249177 0.011255490483160909 0.004608288341873426 0.00577644582723197 0.003756119601024353 0.006149627104684333 0.0037675581076129314 0.007146206991214205 0.008437328422399965 0.015371923041725475 0.02468000777818095 0.051150141837474385 0.0765693631039422 0.673656547401075
0.030189056051118317 0.026791816446982916 0.0068188878533690985 0.003414991346025071 0.0024586162517191545 0.0027448630896900667 0.0033595171526198554 0.0054298140505025004 0.007628811077085246 0.012439533129185542 0.018024674921222644 0.03147383837038311 0.036388851906085214 0.04175209692450145 0.022992943682593754 0.01955132472373418 0.010193937780142414 0.008602937913280833 0.004293702569563686 0.003994141925175522 0.0033195757333681 0.004761904761903705 0.008733857009717141 0.023432299294363062 0.067008387698028 0.5941996183374175
0.027761702674852493 0.022087191357989186 0.018164866255114834 0.013840663580224665 0.012860082304506077 0.011123971193397756 0.011654449588458632 0.015207047325078434 0.016284079218080817 0.021299511316838188 0.025720164609012153 0.035509902263317406 0.03612075617278144 0.044383359053426594 0.02612204218102797 0.0253986625513995 0.017441486625486367 0.019370498971162275 0.013824588477344031 0.015817901234542475 0.014290766460882377 0.01660558127569347 0.01610725308639386 0.0195312499999686 0.03735853909459015 0.4661136831268227
0.025111458333330717 0.023797916666664188 0.008307291666665802 0.005482291666666096 0.004626041666666185 0.004046874999999579 0.0028395833333330375 0.004154166666666234 0.004386458333332876 0.00627083333333268 0.0066083333333326446 0.011441666666665474 0.01277499999999867 0.018162499999998107 0.008185416666665814 0.009686458333332324 0.006259374999999348 0.009165624999999046 0.006507291666665989 0.011804166666665438 0.012728124999998675 0.019415624999997976 0.030332291666663506 0.05557499999999421 0.11130208333332174 0.5810281249999395
0.020536450696477998 0.013706240835775164 0.006566738453078239 0.005071824596773467 0.00515344345674413 0.005028867302052066 0.004155402309383569 0.0067113613453069565 0.00650946206011637 0.008932253482403413 0.008153294538122 0.013266644519792821 0.01163713114002766 0.023987353372430582 0.010352708027857755 0.016701796187680893 0.010239587151758064 0.019547001008061716 0.011007090817447104 0.020323096132695038 0.017533735795452036 0.03555432093107995 0.03905534045087417 0.05197975852271983 0.19477123808648236 0.4335178587792634
0.03768124999999607 0.03138124999999673 0.009891666666665636 0.004664583333332847 0.0030541666666663485 0.0024364583333330797 0.0023322916666664237 0.002495833333333073 0.0028989583333330314 0.0037187499999996126 0.004556249999999525 0.006185416666666023 0.0075385416666658815 0.00796874999999917 0.005212499999999457 0.00428229166666622 0.0031020833333330103 0.003183333333333002 0.002371874999999753 0.0027031249999997183 0.0029489583333330263 0.004751041666666172 0.010270833333332263 0.03938333333332923 0.04649687499999516 0.7484895833332553
0.01902499999999802 0.0156770833333317 0.007510416666665885 0.005964583333332712 0.005868749999999388 0.005308333333332781 0.003913541666666259 0.005844791666666058 0.006093749999999365 0.008427083333332456 0.00803229166666583 0.013296874999998615 0.012476041666665367 0.021253124999997788 0.010451041666665578 0.014178124999998524 0.010399999999998917 0.012407291666665375 0.009182291666665711 0.015173958333331752 0.016537499999998276 0.02523749999999737 0.03766354166666274 0.059193749999993835 0.1442583333333183 0.5066249999999473
0.019244361626904766 0.01850542954440258 0.011148236201228639 0.009654308295300305 0.011357064833240125 0.012642164107156972 0.014409175608792634 0.01702756537939821 0.019629891409079822 0.030697808905688656 0.043805821499640483 0.06955599820074929 0.07071258754727444 0.0752907537106032 0.0398862687141941 0.030890573796776184 0.019003405513045357 0.022344663625229157 0.013429287412431039 0.015067788986675018 0.011051853755684874 0.013397159930583118 0.011196427424000519 0.016882991711082564 0.033412581121837995 0.34975583113739356
0.04081449017614636 0.03711599127709536 0.012285103319781571 0.005556349508806853 0.003370331554877603 0.002487720189701568 0.002232331893631141 0.002290555132113518 0.002871464261517235 0.003861259315717646 0.006255028370595378 0.009547287855689793 0.012521966039971242 0.00984899009146211 0.005999640074524951 0.004533473069105091 0.002977324695121557 0.0032022781165307415 0.0023818597560972456 0.003006436314362746 0.003583375677506301 0.006191512110432785 0.012765445037261184 0.0357305428522988 0.042403719935631246 0.7261655233738876
0.041591654247385756 0.04108196721310863 0.010125186289119206 0.004169895678091778 0.0026363636363632434 0.0019314456035764633 0.0015365126676599797 0.0015767511177344894 0.0017928464977642635 0.002388971684053295 0.0034545454545449397 0.006335320417286686 0.009876304023843535 0.007436661698955673 0.0037630402384495137 0.003538002980625404 0.0022041728763036953 0.0025946348733230113 0.0021087928464974502 0.003549925484351185 0.0033263785394927977 0.005734724292100486 0.01153651266765849 0.04296423248881625 0.05609687034276362 0.7266482861399811
0.027540106951822567 0.02397504456323712 0.01607843137252036 0.010980392156843172 0.010980392156843172 0.012959001782508094 0.013386809269138348 0.016434937611378903 0.01729055258463941 0.017647058823497954 0.02237076648837367 0.03673796791437302 0.03634581105162862 0.04714795008904252 0.020213903743279475 0.018431372548986753 0.012139037433133442 0.014188948306570073 0.009429590017808503 0.010427807486612428 0.00868092691620556 0.010142602495525592 0.010338680926897792 0.021942959001743416 0.03171122994646754 0.5224777183591399
0.026341413123163383 0.019184727822577897 0.006907532991201357 0.004365893053518436 0.00425993172653898 0.0037616271077707225 0.002886730205278179 0.004653706928151826 0.0049128826063042814 0.006924715909089918 0.006960513654691086 0.010623338984602585 0.011137394611435356 0.020469150934747802 0.007211097873899261 0.01091688049853216 0.006135733596040177 0.013120589717740057 0.006256014021260101 0.013298146535921849 0.010931199596772629 0.023249919813046523 0.0264645573680314 0.05190243539222131 0.22867886271990862 0.46844500320741095
0.035601370164123354 0.03267786488862538 0.006532092614301864 0.0028099355216879025 0.0018262749120748622 0.0016476773153574107 0.0018436767291909217 0.0023400864595542995 0.0030114302461896423 0.004009745017584628 0.005949589683469561 0.009146944607267627 0.013452520515825264 0.011367050117232255 0.006478055392730943 0.004708565357561117 0.0030581403868695915 0.003076458089097022 0.0019206110785461314 0.0020451714536926617 0.001893134525204985 0.003822904454864832 0.009581990035169111 0.04782110932004252 0.06007656799530517 0.7233010331183395
0.02903958333333031 0.02119374999999779 0.008793749999999084 0.005414583333332769 0.004287499999999553 0.003983333333332918 0.0032281249999996636 0.004240624999999558 0.004426041666666205 0.005697916666666073 0.00563229166666608 0.00876145833333242 0.00828020833333247 0.013064583333331973 0.0062906249999993445 0.00821666666666581 0.0059447916666660475 0.008101041666665823 0.006021874999999372 0.009622916666665664 0.009883333333332304 0.015863541666665013 0.027452083333330473 0.05571666666666086 0.10806145833332208 0.6127812499999362
0.016493055555529042 0.016621656378574105 0.0078124999999874415 0.004549254115219024 0.004420653292173964 0.0038258744855905577 0.005401234567892552 0.014017489711911623 0.015512474279810454 0.023887602880620036 0.03668338477360358 0.08010223765419222 0.11622299382697367 0.1278774434154323 0.04605516975301238 0.0297871656378122 0.012554655349774057 0.01289223251026734 0.008375128600809582 0.008294753086406419 0.006237139917685447 0.007346322016449096 0.007844650205748706 0.011750900205742426 0.01821309156375673 0.35722093621341755
0.021218795888368253 0.02556534508072604 0.013524229074870008 0.008120411160046814 0.006093979441988115 0.005697503671063586 0.006578560939784759 0.009897209985301178 0.010675477239338215 0.014669603524207533 0.01863436123345281 0.04502202643165195 0.06267254038169945 0.07806167400869594 0.02787077826721311 0.02302496328924666 0.011732745961803622 0.014302496328907045 0.0072540381791376595 0.01052863436121802 0.006989720998521307 0.01414096916297483 0.014713656387643593 0.026549192364131353 0.05748898678405655 0.45897209985248316
0.027291520056286378 0.024344651653754247 0.014048205489086009 0.009737860661501698 0.007433145672058659 0.0063247712878226935 0.005920126671355595 0.006566678395493241 0.007802603800137314 0.010683497536941113 0.016146199859246944 0.028668191414484224 0.03701618578464241 0.03541959887401679 0.017975897255446 0.01604503870513017 0.009918191414492471 0.013322484166074365 0.008216045038701523 0.012324067558052286 0.010058937368046245 0.015816326530605287 0.018222202674165102 0.032076882477114675 0.08551196340601447 0.5231087262488903
0.021104868913855483 0.019781523096127778 0.01177902621722724 0.00889409071993249 0.007364752392841514 0.006793591344152435 0.006419059508946482 0.007851643778609254 0.009596337910943654 0.014131294215562409 0.021295255930085175 0.03715667915105731 0.056451310861417345 0.04303786932999969 0.026061173533080934 0.019566167290884357 0.012717436537659934 0.01084165626300345 0.00830732417810983 0.009274864752391877 0.009212442779857551 0.012165002080731152 0.017605076987097627 0.02901269246774563 0.03977215980024555 0.5338066999583299
0.03154761904755645 0.034900793650724404 0.015456349206318538 0.009960317460297697 0.007003968253954357 0.00589285714284545 0.006448412698399904 0.006349206349193752 0.007837301587286037 0.011964285714261976 0.01599206349203176 0.02809523809518235 0.04398809523800796 0.03382936507929796 0.015297619047588695 0.013234126984100725 0.008749999999982638 0.009027777777759866 0.0055555555555445325 0.007499999999985119 0.007023809523795587 0.012678571428546273 0.014880952380922855 0.02178571428567106 0.046388888888796845 0.5786111111099631
0.03911458333332926 0.03636249999999621 0.004901041666666156 0.0019437499999997974 0.0011468749999998806 0.000996874999999896 0.001030208333333226 0.0013072916666665305 0.001963541666666462 0.0030583333333330147 0.004446874999999537 0.00723020833333258 0.009685416666665657 0.007947916666665838 0.004182291666666231 0.002924999999999695 0.0016395833333331625 0.0017072916666664888 0.0008760416666665754 0.0011093749999998845 0.0010458333333332244 0.0020312499999997884 0.0053531249999994425 0.04101354166666239 0.04830937499999497 0.76867187499992
0.021290624999997784 0.017569791666664836 0.0071302083333325906 0.005119791666666133 0.004764583333332837 0.004641666666666183 0.003721874999999612 0.005446874999999432 0.00630416666666601 0.009602083333332333 0.012589583333332021 0.02315312499999759 0.027438541666663808 0.028977083333330315 0.0150447916666651 0.014632291666665142 0.009547916666665672 0.01043854166666558 0.007605208333332541 0.011565624999998796 0.011547916666665464 0.017033333333331558 0.02648541666666391 0.04763020833332837 0.10403541666665583 0.5466833333332763
0.01668034188033903 0.015890598290595574 0.007801709401708068 0.00553675213675119 0.0050786324786316105 0.005082051282050413 0.005905982905981896 0.007897435897434548 0.010870085470083612 0.017215384615381673 0.027184615384610738 0.04889572649571814 0.06672820512819372 0.05905641025640016 0.033902564102558305 0.022887179487175575 0.013841025641023274 0.011478632478630516 0.008058119658118281 0.007818803418802082 0.006782905982904823 0.007834188034186696 0.01018119658119484 0.020052991452988025 0.025345299145294813 0.5319931623930715
0.04135857641990682 0.04010725603313557 0.0064272365320523165 0.0030104818396022547 0.0017672869098879632 0.0018119769237012221 0.0015397741122931909 0.0019460469651409987 0.002023238807182082 0.0027423417567227016 0.0036361420329878782 0.006280978305027106 0.009388965629312835 0.008503290810104614 0.004525879580724577 0.004249614040788068 0.0025838953441120567 0.0032136182660261583 0.001909482408384696 0.0023848216462166306 0.0019582351507264326 0.003193304623383768 0.006516616559678835 0.037113025107647225 0.03938002762653799 0.7624278865683097
0.04044781874265199 0.036884914806107075 0.010257234136309282 0.005027173913043017 0.003511493830786987 0.0030295240893064204 0.002876211809635459 0.0031709018801407197 0.0035225102820208285 0.004125660987073653 0.005243830787308567 0.00807689482961148 0.013366627497061054 0.00886824324324243 0.005182322267919618 0.004628745593419082 0.0032140496474732656 0.0035298545828433897 0.0026558827849586285 0.0030533930669797435 0.0034573296122205996 0.005177732079905518 0.010041495299646553 0.03655533930669465 0.054273465041123105 0.7198213498824252
0.009220370370369518 0.009202777777776927 0.0024740740740738453 0.001478703703703567 0.001020370370370276 0.000933333333333247 0.0008712962962962157 0.0010888888888887882 0.001385185185185057 0.00190092592592575 0.0026240740740738314 0.004506481481481065 0.006911111111110472 0.02200555555555352 0.0038222222222218686 0.009657407407406515 0.002314814814814601 0.01244074074073959 0.0017416666666665056 0.007596296296295594 0.002150925925925727 0.010773148148147152 0.00720092592592526 0.019736111111109286 0.6580601851851243 0.19888240740738902
0.044760508308889155 0.04020946795139782 0.012696550761065116 0.00578690127077143 0.0032467532467527933 0.0023083368244655343 0.0020025136154165615 0.0022119815668199677 0.0024856863566537516 0.003304007820136391 0.004253595866498499 0.0072252478704081516 0.010532048596563254 0.00909090909090782 0.004766094120932165 0.0042885071917323995 0.0029269655076102604 0.003513475771539797 0.0025205976818876525 0.0032495461527715054 0.004074849881300925 0.007609272447981063 0.017496159754221828 0.03943024717217715 0.04621980170366622 0.7137899734672931
0.028812499999997 0.024232291666664144 0.008467708333332451 0.005263541666666118 0.0044114583333328735 0.003947916666666255 0.0033281249999996534 0.004546874999999526 0.005243749999999454 0.007029166666665934 0.007812499999999186 0.011432291666665475 0.01309270833333197 0.01493541666666511 0.008715624999999092 0.008676041666665763 0.00650104166666599 0.007092708333332595 0.005263541666666118 0.006904166666665947 0.007155208333332588 0.010912499999998864 0.018265624999998096 0.04520937499999529 0.07090937499999261 0.6618385416665977
0.016334405144668274 0.01651125401926606 0.010948553054644776 0.008424437299021826 0.007652733118958758 0.005209003215425709 0.0031832797427601553 0.010048231511237864 0.009517684887444505 0.016672025723445866 0.019774919614116118 0.033263665594801824 0.02971061093242812 0.07453376205775798 0.019212218649486797 0.0352733118970494 0.010080385852073825 0.04660771704172571 0.011688102893871883 0.030466237942073204 0.010787781350464971 0.03398713826361095 0.018601286173603536 0.02564308681667903 0.13842443729881282 0.3574437299029623
0.012789079115636742 0.013099973856569348 0.008026736947714552 0.007680513258948695 0.007680513258948695 0.008153921159914253 0.007214171147549786 0.010104079080309691 0.012329802793804483 0.018215605502824042 0.028418605637066836 0.055749079680869555 0.07710189575128626 0.06954856670453727 0.03518056625235101 0.02848219774316669 0.018392250241990298 0.019967921315353278 0.015007737039564883 0.015664855469263345 0.012273276477271281 0.016060539684995753 0.01689430285386047 0.02429218453014316 0.051686250680045724 0.4099853738153073
0.04352270650584174 0.038637038559936006 0.011701617324559732 0.0041689510233912175 0.002001667580409071 0.0011550278691518819 0.0007466991045320571 0.0007838199013156775 0.0007823921783624614 0.0010879248903507218 0.001559073464912058 0.002388580500730653 0.0029211211622802847 0.003290901407163273 0.0017646655701751867 0.001768948739034835 0.0007324218749998955 0.0012778120431284725 0.0004397386695905805 0.0007866753472221099 0.0005425347222221447 0.0016775744700290003 0.00515979075292324 0.0450732136330345 0.05247595714546034 0.7735531455591
0.04002967467760478 0.03776743845251706 0.011911085873386953 0.005585067409143686 0.003417167350527237 0.002704608733880175 0.0023300117233292124 0.0024133572684640232 0.0028135990621333887 0.003826567995310318 0.005631777549823635 0.010342174677607495 0.014841002344664527 0.011045574443140842 0.006052168815943174 0.0045858367526373294 0.003024252637748844 0.002967467760843808 0.0022613203399763464 0.0030160096717465 0.0035518024618988544 0.0060054586752632255 0.010953985932003687 0.03880971570925788 0.046527879542785894 0.7175849941382696
0.02381562499999752 0.019816666666664602 0.007040624999999266 0.0048937499999994905 0.0048729166666661595 0.004535416666666194 0.003696874999999615 0.0049031249999994895 0.005241666666666121 0.007012499999999269 0.006315624999999342 0.009952083333332296 0.008552083333332442 0.016189583333331647 0.008238541666665808 0.011566666666665462 0.008715624999999092 0.011877083333332096 0.008857291666665743 0.013711458333331905 0.013094791666665303 0.018862499999998034 0.02574895833333065 0.048028124999994995 0.11206249999998832 0.5923979166666049
0.021434063821572737 0.019463667820038024 0.00990003844673539 0.00881071382800075 0.010861207227971835 0.01299179802637929 0.010508778674851806 0.013872869409179365 0.013840830449804817 0.019047161348168896 0.027409329744925975 0.04666474432902944 0.05656478277576483 0.05869537357417228 0.031878764577675446 0.026223888248067692 0.015522875816968597 0.0168204536716378 0.01174227861077191 0.014145200563863024 0.009451493015491716 0.011213635781091866 0.008634499551440737 0.020200563885652632 0.04698513392277492 0.45711585287636625
0.021951999999964878 0.020639999999966976 0.014303999999977113 0.00934399999998505 0.007487999999988019 0.007903999999987353 0.007183999999988505 0.01014399999998377 0.014063999999977497 0.02287999999996339 0.03910399999993743 0.0658719999998946 0.06951999999988877 0.06300799999989919 0.0364959999999416 0.023519999999962366 0.012607999999979826 0.010367999999983411 0.006847999999989043 0.0074239999999881215 0.007967999999987251 0.009983999999984025 0.009951999999984076 0.018991999999969613 0.027839999999955456 0.45459199999927263
0.040817965687783814 0.02991068560041459 0.014746514168195807 0.011132172460304677 0.009011758658341881 0.008802930026330395 0.008658356358014749 0.010184411745791003 0.011437383537859929 0.013879072158301935 0.017525541348040987 0.02191094262028222 0.024979117136758693 0.024047420163168978 0.014666195463576004 0.013927263381073817 0.007678468161653154 0.00812825290752405 0.0061524127738768995 0.007084109747466613 0.005991775364637294 0.00727687463855414 0.010586005268890019 0.028545267621877937 0.03472980787760276 0.6081892951220713
0.025193985640192547 0.024920312952727196 0.008532148491566804 0.005602240896349525 0.004378762999445606 0.0050709939147991386 0.004684632473671586 0.01059274284424709 0.010335168550162054 0.017386264850739904 0.017450658424261162 0.02810779484202951 0.03261534498851763 0.05206220419193782 0.019205383302715467 0.02472713223216342 0.013248977751999019 0.027705335007521644 0.010383463730302998 0.01877072668144697 0.009304871373821912 0.02039666441285876 0.013844618307070664 0.024533951511599643 0.06597121607252975 0.5049744035537124
0.032598958333330506 0.027888888888886472 0.0065052083333327695 0.0037526041666663414 0.0030824652777775106 0.0027222222222219863 0.0024548611111108983 0.0031458333333330606 0.003479166666666365 0.004876736111110688 0.005757812499999501 0.008796874999999238 0.010694444444443518 0.011703993055554541 0.006780381944443857 0.0062517361111105695 0.004467881944444057 0.005426215277777307 0.004029513888888539 0.0054296874999995295 0.00531423611111065 0.008657118055554806 0.01596180555555417 0.04634461805555154 0.07566840277777122 0.6882083333332737
0.035024329141919955 0.0349279761043906 0.01125724655134612 0.005861476449702331 0.004897946074408797 0.004464357405526707 0.003388415153115594 0.0055563584975260455 0.00611841788311394 0.007258595493877955 0.010229480817699685 0.023269258563338842 0.028681087504570858 0.032968797674627084 0.010502481090699518 0.011305423070110798 0.005909652968467008 0.008382714265053744 0.002874532286292376 0.003870180340762361 0.0030993560405275337 0.004769475357702993 0.008992950169406317 0.029773088596570196 0.029773088596570196 0.6668433139010665
0.016950515430731332 0.01375018092341109 0.010549846416090847 0.007896302729116778 0.008153616056338506 0.010099548093452823 0.010710667245604428 0.01857480580881849 0.02291696820568515 0.035332336244133525 0.04157218442926043 0.06593654010056779 0.0750872452998905 0.08285489136539641 0.0543735224585414 0.05292613499291918 0.03285569546962439 0.028513533072757734 0.016837940850071825 0.01503674755951973 0.011048390987582946 0.013251636351918991 0.010469436001334058 0.011289622231853315 0.016902269181877257 0.31610942249189283
0.04044056525352863 0.03682252701579002 0.01289380714879334 0.006492103075643548 0.0037094763092265473 0.0028189941812133395 0.0023836242726514565 0.002487531172069567 0.002732751454696308 0.003341645885286436 0.004580216126350314 0.007121778886117298 0.010445760598502656 0.008432044887779672 0.0045261845386528965 0.0035151704073146804 0.0026704073150454416 0.002791978387364631 0.0023669991687445585 0.003088113050706246 0.004081463009143383 0.007199709060680881 0.014817123857022567 0.03815357439733602 0.045124688279297054 0.7269617622609386
0.03493541666666303 0.03322916666666321 0.0134312499999986 0.008058333333332494 0.00578958333333273 0.004869791666666159 0.00470312499999951 0.005192708333332793 0.005802083333332729 0.007377083333332565 0.010067708333332285 0.016647916666664934 0.025999999999997293 0.018284374999998094 0.010255208333332265 0.007668749999999201 0.005702083333332739 0.005510416666666093 0.0047312499999995076 0.004997916666666146 0.006201041666666021 0.0086499999999991 0.013829166666665227 0.03326458333332987 0.0368208333333295 0.6679802083332638
0.04244098834884001 0.03777311358754969 0.009687839532782438 0.004846358062860761 0.003129797348303518 0.002407086274731406 0.0021915408668239343 0.0021486268489600033 0.0022032446898777335 0.0024860870803445523 0.002810868170087485 0.00404854745802677 0.005738774570712964 0.004458181264909748 0.0026401874172195775 0.002414888823433939 0.001777030467001873 0.001992575874909345 0.001396656217753393 0.0018482287239124859 0.0022032446898777335 0.00397929983829179 0.008965128459210327 0.041398372778464046 0.0489327088693474 0.7560806237356695
0.024685416666664094 0.019804166666664604 0.012307291666665384 0.009011458333332395 0.007192708333332584 0.007022916666665935 0.006889583333332615 0.008424999999999122 0.009608333333332332 0.013164583333331962 0.01720624999999821 0.026460416666663912 0.03656145833332952 0.03202395833333 0.020021874999997913 0.017119791666664882 0.01242395833333204 0.012458333333332036 0.00913958333333238 0.010571874999998898 0.010557291666665566 0.014289583333331845 0.019056249999998016 0.03151666666666338 0.051490624999994634 0.5609906249999416
0.03228650137732152 0.02939393939385842 0.020523415977904892 0.012782369145970297 0.010082644628071397 0.006446280991717779 0.0054820936638967435 0.007245179063340922 0.007823691460033543 0.012011019283713467 0.017823691460005994 0.029283746556393157 0.03553719008254673 0.036776859504030916 0.017079889807115483 0.017410468319511267 0.008154269972429327 0.011625344352585054 0.006308539944886202 0.010468319559199812 0.009228650137715623 0.013994490358088169 0.018402203856698617 0.02840220385667107 0.03542699724508147 0.5599999999984573
0.028139891862166058 0.02268145161289998 0.008621529050585277 0.00515344345674413 0.003926296737536095 0.003910545729471581 0.0033077116935479136 0.0045892709860697245 0.004466126741201707 0.006374862536655979 0.006475096224339249 0.009974683834309422 0.011576990927417697 0.01533432230571628 0.008552797379031033 0.009971820014661329 0.00689321389296089 0.009177110062315402 0.006014021260996206 0.009112674120233298 0.008844906983136563 0.01656003711510027 0.02503837518328087 0.04909302831744165 0.0869398368768204 0.6292699550952178
0.021872139519163218 0.02320502320498594 0.00568482921423185 0.0027942380883512483 0.002248237542351579 0.0022803552215280303 0.0017985900338812631 0.0026015320132925413 0.002906649965468827 0.005187005186996857 0.005813299930937654 0.01405148463969737 0.018981548393282616 0.031924973101392425 0.00684106566458409 0.015753721636049278 0.002473061296586737 0.021004962181399037 0.0031154148801157593 0.012365306482933684 0.004271651330468 0.017006311123930872 0.01252589487881594 0.0319731496201571 0.24798060092137916 0.483338953926413
0.019695833333325127 0.022779166666657174 0.009199999999996166 0.0062791666666640504 0.004858333333331309 0.004374999999998177 0.003291666666665295 0.006516666666663951 0.006991666666663753 0.012062499999994973 0.012274999999994885 0.026412499999988993 0.029195833333321167 0.060995833333307915 0.01909999999999204 0.032024999999986654 0.011512499999995204 0.03293333333331961 0.008691666666663045 0.024749999999989686 0.013604166666660998 0.030695833333320544 0.022508333333323954 0.030333333333320694 0.08160416666663267 0.4673124999998053
0.021797902648963176 0.016563617627444904 0.008686427835362689 0.007436200521305778 0.007611990058797416 0.008042371340242462 0.0074968176031994455 0.010733769776321341 0.012231011699094952 0.01739255622234082 0.01942929017396808 0.02870824998484138 0.028703703703699353 0.04223343638236615 0.02572437412862555 0.02791416621203432 0.01910044250469493 0.021990361883975573 0.014225313693396644 0.017315269442926395 0.013472146450867813 0.018192701703337245 0.02005516154452021 0.03234679032550883 0.07459689640539574 0.47799903012661726
0.021357227735457243 0.017631756431227105 0.0067925619038333935 0.004737129460120215 0.005459742428613129 0.0040145164916273015 0.0039021100298617366 0.014082923852628573 0.012204130134546996 0.020297395381667634 0.01997623406233745 0.029145389729214207 0.027507467000630267 0.05520763079285865 0.020474034107299234 0.02562867328254869 0.012734046311441798 0.03404309984899951 0.012717988245475289 0.023942576356065223 0.014580723897590358 0.02681697016407037 0.019253621093844535 0.03030157047880287 0.09199665992213123 0.4451938208555012
0.028784663271070748 0.026071731748717433 0.006433927560835302 0.0031515280135812284 0.002468873797395844 0.002790747028861492 0.0034875495189574533 0.005581494057722984 0.008941709111485235 0.013858234295411057 0.021459394453869036 0.030981182795687966 0.03716044142613287 0.03439445387661488 0.0222198641765626 0.015626768534233296 0.008711799660438344 0.00570529145444054 0.003469864176569231 0.0027872099603838472 0.0022389643463489534 0.0034663271080915864 0.006518817204298769 0.020596349745323785 0.07657399547252526 0.6065188172040865
0.03278194672879649 0.03804596125730451 0.008386444627191784 0.004198933205408757 0.002772637975145803 0.002572756761695539 0.0020088061951751518 0.002639859740496699 0.0029453924524849595 0.004517315423975963 0.005540992781431957 0.009471514071636074 0.014321488943711406 0.013095074926898716 0.007147181103800149 0.006224872076022503 0.004121836165935084 0.004430224323829777 0.0027854874817247483 0.003402263797514134 0.0031895330774849248 0.005231176900584048 0.012065686677629856 0.04352984512060782 0.03703085023756781 0.7275419179458026
0.03490785110827993 0.030635390170780534 0.01631200036336978 0.01023545376089971 0.006990654523981566 0.005877827489098003 0.005412256994912022 0.005687624909156169 0.0066059910973827836 0.008980684502178957 0.013390829396800424 0.021812261537060857 0.030452284702030562 0.022988962572671155 0.013390829396800424 0.009485998819039351 0.006814646166423451 0.0061886809593014475 0.005588265352470137 0.006266749182411901 0.007859340933865163 0.011498739553050693 0.01731127361918359 0.029952648074123657 0.03465377452761136 0.6306989802869745
0.023159374999997588 0.0179385416666648 0.00668854166666597 0.005004166666666145 0.005079166666666138 0.004878124999999492 0.004030208333332914 0.00621354166666602 0.006696874999999302 0.009664583333332326 0.00890416666666574 0.014597916666665146 0.01213333333333207 0.022107291666664364 0.010397916666665584 0.015585416666665044 0.01123437499999883 0.01521979166666508 0.010331249999998925 0.017961458333331463 0.016133333333331654 0.02346666666666422 0.029273958333330283 0.04944062499999485 0.14042187499998537 0.5134374999999465
0.01598245614032284 0.016578947368391966 0.008807017543844197 0.007666666666653216 0.010666666666647954 0.010368421052613389 0.008666666666651461 0.014842105263131856 0.015491228070148261 0.020736842105226777 0.025912280701708926 0.038999999999931576 0.04419298245606282 0.05243859649113607 0.02777192982451268 0.027666666666618128 0.018456140350844814 0.028052631578898153 0.015385964912253709 0.0202456140350522 0.012666666666644445 0.02014035087715765 0.016719298245584702 0.02277192982452145 0.03950877192975525 0.45926315789393113
0.015542625691115561 0.014401440143991254 0.007972225793995159 0.006300630062996173 0.005480905233371671 0.006107753632496291 0.007104281856745685 0.01819467661048895 0.02145750289311197 0.03131027388448099 0.03351227979935465 0.052044490163218396 0.04569564099259725 0.07096245338808191 0.03166388067373077 0.03712871287122745 0.01890189018898852 0.027709913848483172 0.01686061463286476 0.02033239038186265 0.013147743345742015 0.019142985727113374 0.014031760318866479 0.023209463803485906 0.05427864214984204 0.3875048219101397
0.03572477253928497 0.030927419354835513 0.016145574855250606 0.01072477253928756 0.007273573200991804 0.005906741108353401 0.0056017369727041355 0.005618279569891892 0.006660463192720569 0.008587675765094232 0.012572373862695144 0.021267576509509795 0.028917493796523065 0.021523986765920024 0.012997311827955646 0.009369313482215738 0.006369933829610591 0.006042183622828159 0.005300868486351809 0.006411290322579982 0.008038668320925554 0.011562241521917746 0.017259098428451483 0.030234698097598198 0.03545388751033546 0.6335080645160636
0.020998217468768274 0.022477718360031235 0.006666666666654783 0.005454545454535732 0.004081996434930335 0.003190730837783974 0.0029590017825259197 0.006417112299453802 0.009180035650607522 0.01709447415326721 0.028181818181767945 0.05729055258456811 0.0628520499107614 0.09121212121195862 0.032780748663043174 0.025383244206728373 0.009625668449180703 0.012424242424220277 0.006114081996424039 0.006292335115853311 0.0037076648841288633 0.007130124777170891 0.008395721925118725 0.019554367201391167 0.025151515151470318 0.5053832442058728
0.03653870884767789 0.029819315843573464 0.013712062757179604 0.011268647119323448 0.00972543724278272 0.009018132716034886 0.008953832304512355 0.011670524691339263 0.01183127572014559 0.01430684156376301 0.017602237654292693 0.022955246913543347 0.022135416666631085 0.028099279835345777 0.015319573045242863 0.01437114197528554 0.008551954732496541 0.009950488683111576 0.006397890946491773 0.007474922839494157 0.006590792181059364 0.009468235596692598 0.012779706790102914 0.0290477109053031 0.036506558641916625 0.5959040637850503
0.027901041666664246 0.02321440972222021 0.012340277777776708 0.009983506944443579 0.00895572916666589 0.008880208333332563 0.008685763888888136 0.009999131944443577 0.011649305555554545 0.01386111111110991 0.01820572916666509 0.026660590277775467 0.034184027777774816 0.02686545138888656 0.018040798611109545 0.013551215277776602 0.009830729166665815 0.008730034722221466 0.007308159722221589 0.007794270833332658 0.008560763888888146 0.011019965277776822 0.01450434027777652 0.02580121527777554 0.034335069444441466 0.5991371527777258
0.010123933687413288 0.009802028005778526 0.004474488974723202 0.0052148720424831565 0.005585063576363134 0.008176404313522973 0.010848221471091504 0.01936262675033098 0.029711894414888602 0.04762594559786315 0.06690809592778543 0.09945276034105995 0.10156124255576765 0.09409303074184115 0.0511508128117638 0.033623048446750965 0.015564139707040778 0.013471752776414821 0.006711733462084803 0.006985353291474351 0.004506679542886679 0.00544020601962749 0.004844680508603179 0.00872364397230207 0.012232415902120984 0.32380492515640785
0.030268749999996847 0.024913541666664072 0.008471874999999117 0.005234374999999455 0.004424999999999539 0.003965624999999587 0.002984374999999689 0.0037187499999996126 0.0038062499999996034 0.004965624999999483 0.0047999999999995 0.007249999999999245 0.0067187499999993 0.010358333333332255 0.005386458333332772 0.007177083333332585 0.005192708333332793 0.007059374999999265 0.00566249999999941 0.008884374999999075 0.009246874999999037 0.014109374999998531 0.02419687499999748 0.05128958333332799 0.09771666666665649 0.642196874999933
0.04905044959066051 0.04238366510158821 0.007585799258110837 0.002578346990913676 0.0014236874093011536 0.0009376699833673115 0.000902323261481214 0.0009995267466679824 0.001047637562568504 0.0014472518905585521 0.0020942932717512835 0.003310809616664476 0.004504743333705995 0.0036544583016682028 0.001878285526891798 0.0017712635078477802 0.0010820024310688769 0.001508126800473498 0.0009258877427386124 0.0014364515033155778 0.0016141669661317909 0.003281354015092728 0.008918174302539572 0.04300517829475209 0.04933125965897784 0.7633271869310637
0.01849439775910179 0.01425370148059081 0.007558023209282958 0.005696278511403992 0.005671268507402394 0.005817326930771727 0.004952981192476495 0.0072028811524602636 0.008134253701479778 0.01197278911564506 0.014073629451779304 0.024730892356940305 0.02933273309323436 0.03268607442976864 0.01749699879951806 0.018195278111242677 0.013488395358141909 0.014579831932771651 0.011505602240895207 0.01667466986794551 0.015914365746296927 0.02289315726290287 0.02987094837934875 0.04432573029211241 0.09420968387353999 0.5102681072428461
0.04076688592966346 0.038328252847684374 0.01569067864589172 0.012161078132500945 0.007957644793826475 0.0071233755815704744 0.006176800898433857 0.005583186266636318 0.00543879351836124 0.005984277234067087 0.006112626343644934 0.008390823038651707 0.010524626985383404 0.00943365955397171 0.005599229905333548 0.006240975453222781 0.004556393390013546 0.006417455478892319 0.0042515642547661615 0.00582384084709478 0.005647360821425241 0.007941601155129244 0.01105406706239202 0.033274506658056674 0.03802342371243699 0.6914968714893446
0.01706074586694691 0.020376778162212648 0.004325259515564005 0.00344418813276393 0.0031718569780802707 0.002274766115592921 0.002402921953091114 0.012703447392008356 0.013840830449804817 0.02042483660127447 0.019896193771594423 0.03208701781361001 0.02809816737147876 0.05877547097260865 0.01882288863254706 0.03384916057921016 0.015602973215404967 0.034810329360446604 0.017044726387259637 0.025791362296511293 0.012062668204517393 0.027633602460547812 0.016644239395077785 0.03213507625267183 0.09129501473777506 0.43542547737979714
0.02622711792251743 0.018363133248188765 0.009350787569177378 0.006797573435503746 0.005884418901659655 0.005688590889739709 0.005105363984673786 0.006234567901233904 0.006965730097913265 0.009477437207321256 0.01161132396764457 0.018445083014046567 0.01978075776926141 0.02268412090250929 0.012768199233715116 0.012877820349083347 0.009190080885482206 0.010875904640271298 0.008119412515963376 0.012602171136652554 0.012816091954021624 0.01903043848445945 0.029049595572580987 0.04877501064282155 0.09757237122178612 0.5537068965516652
0.029821265115334873 0.029516147163158587 0.007178301295936827 0.004592828122232512 0.003083297200939308 0.002537296654939639 0.0032599444364097897 0.008752067575582933 0.007981243275348106 0.012108365049522075 0.01379454320628576 0.02580655521827848 0.032743973920391925 0.04050039344150487 0.009908304025935174 0.015191662250461384 0.004753416518114767 0.018467665526459398 0.004528592763879609 0.011562364503522406 0.005331534743290887 0.014420837950226556 0.010133127780170332 0.029291323408923427 0.09222591575517941 0.562509033096365
0.029882291666663553 0.02744999999999714 0.006732291666665965 0.0032072916666663325 0.0026020833333330624 0.002213541666666436 0.0018385416666664752 0.002103124999999781 0.0024312499999997465 0.003331249999999653 0.004143749999999569 0.006552083333332651 0.008679166666665763 0.009105208333332384 0.005644791666666079 0.005131249999999465 0.0036416666666662873 0.004041666666666246 0.0027239583333330494 0.00368333333333295 0.003935416666666257 0.00642812499999933 0.013439583333331933 0.04365416666666212 0.05482812499999429 0.7425760416665893
0.03836145833332934 0.028998958333330313 0.015799999999998354 0.011295833333332157 0.00790833333333251 0.005862499999999389 0.004814583333332832 0.004765624999999504 0.005487499999999429 0.007474999999999221 0.010718749999998884 0.017621874999998163 0.022916666666664278 0.018980208333331357 0.011390624999998813 0.008131249999999153 0.005543749999999422 0.004955208333332817 0.004193749999999563 0.004767708333332837 0.005714583333332738 0.007834374999999184 0.012377083333332045 0.03172395833333003 0.03757604166666275 0.6647843749999307
0.03952569169958847 0.03669713438733667 0.01220355731224794 0.006373517786558641 0.004673089591565928 0.00415843214756087 0.003236166007903806 0.0035943675889313262 0.0037467061923568234 0.0049654150197608014 0.006200592885372941 0.010676054018440927 0.01566617259551397 0.01352519762845293 0.006064723320155605 0.004990118577073044 0.002906785243740569 0.003619071146243569 0.0024991765480885625 0.0030179512516456614 0.003260869565216049 0.005084815546769975 0.009387351778652261 0.03551136363634901 0.04089673913041794 0.717518939393644
0.03493541666666303 0.03322916666666321 0.0134312499999986 0.008058333333332494 0.00578958333333273 0.004869791666666159 0.00470312499999951 0.005192708333332793 0.005802083333332729 0.007377083333332565 0.010067708333332285 0.016647916666664934 0.025999999999997293 0.018284374999998094 0.010255208333332265 0.007668749999999201 0.005702083333332739 0.005510416666666093 0.0047312499999995076 0.004997916666666146 0.006201041666666021 0.0086499999999991 0.013829166666665227 0.03326458333332987 0.0368208333333295 0.6679802083332638
0.017651041666664827 0.01526249999999841 0.006778124999999294 0.0048031249999995 0.004898958333332823 0.004561458333332858 0.003607291666666291 0.006356249999999338 0.007011458333332603 0.011937499999998756 0.012739583333332007 0.0268656249999972 0.03136145833333007 0.046814583333328455 0.02051354166666453 0.02575208333333065 0.01593958333333167 0.020626041666664516 0.012215624999998728 0.021195833333331124 0.01741770833333152 0.026270833333330596 0.029095833333330302 0.042192708333328936 0.1336895833333194 0.43444166666662143
0.022730334051722225 0.017344928609912335 0.009728582974137112 0.00797497979525795 0.0069066540948270055 0.006726495150861504 0.006629680765085649 0.008107994342671732 0.009582940463361262 0.012985755657326493 0.0176732556573261 0.02730081492456667 0.03808762122844507 0.034271450700428155 0.022674771012929126 0.017847521551722638 0.01285358297413685 0.01243265086206792 0.009436456088361276 0.010179822198275006 0.00930428340517163 0.011978044181033475 0.015573646282326277 0.030689318426721558 0.04598178205818579 0.5749966325430551
0.015259948652093614 0.01384788189984941 0.007878690628998911 0.007381258023094702 0.007028241335033652 0.007413350449282071 0.008279845956341014 0.02293003851087463 0.021213093709850427 0.033135430038457744 0.037371630295190354 0.05913029525022604 0.05211810012828608 0.08352053915262593 0.03727535301662825 0.041447368420986126 0.02159820282409885 0.02843388960200829 0.014216944801004145 0.01877406931961044 0.011328626444141 0.01737804878045992 0.012130937098825206 0.017362002567366235 0.0595795892168492 0.34396662387621313
0.007931145431132672 0.00931467181465683 0.0054214929214842 0.0054214929214842 0.008075933075920083 0.007062419562408201 0.0066441441441334554 0.011888674388655263 0.01718146718143954 0.030630630630581353 0.055035392535304 0.1376447876445662 0.17551480051451815 0.15823680823655367 0.06893500643489553 0.036743886743827635 0.016344916344890048 0.012065637065617654 0.0075611325611203975 0.006129343629333769 0.004198841698834944 0.004086229086222512 0.0032657657657605118 0.005759330759321494 0.008156370656357534 0.1907496782493714
0.03955721540995042 0.03778853632869152 0.013663296120056612 0.005717823480965507 0.003305728404099088 0.002377779557100685 0.0019431163067347148 0.002044633052708346 0.0022162106515370185 0.002675180728403717 0.0035659544289892414 0.004932855966324331 0.005536237188871829 0.006419861822839492 0.004202221357978902 0.003781856240848654 0.002738092514640897 0.003119852672034693 0.0025493571559293575 0.003410104776719864 0.004722673407759208 0.008012673865299 0.015713648426059247 0.03756119601024353 0.04684068448022757 0.7356032096448436
0.01992792792789202 0.021279279279240938 0.007261261261248178 0.005459459459449622 0.00571171171170142 0.006252252252240987 0.006324324324312929 0.014810810810784125 0.013747747747722977 0.02027027027023375 0.019531531531496338 0.029729729729676163 0.024378378378334453 0.0530090090089135 0.019045045045010728 0.026522522522474733 0.013513513513489164 0.028054054054003505 0.013333333333309308 0.021657657657618633 0.013153153153129454 0.022378378378338056 0.015027027026999951 0.025999999999953154 0.07922522522508248 0.4743963963955416
0.03316221305594665 0.024461979913911303 0.014557926829265029 0.010713324964129592 0.007716104734575028 0.006566086800572416 0.0060034074605438475 0.007144458393111741 0.008949067431848782 0.012013540172163734 0.017956420373023235 0.03071646341462726 0.04456375538019087 0.03459917503586025 0.019059361549493576 0.013941445480628152 0.008919924677185949 0.007944763271160343 0.005377959110472252 0.0059832317073157315 0.006487625538018632 0.009442252510758285 0.016351327116208673 0.027761836441887608 0.04212473098994751 0.5774816176469294
0.031722937695781016 0.031240283095479465 0.013433112890123347 0.007441698572918566 0.00496113238194571 0.004559693699964135 0.004390300498896765 0.005058591483929677 0.005049309664693109 0.006098155238425317 0.007636616776886498 0.01144680357349775 0.015779092702165962 0.014505163011946976 0.008402366863903376 0.007437057663300281 0.0050771551224028134 0.005580693815986639 0.00406775728042602 0.004445991414316174 0.004678036895230379 0.007601809954749367 0.0134470356189782 0.04163360018562672 0.043116370808668494 0.6911892330895252
0.03330603330597982 0.03736891972180089 0.013842719725050436 0.008318478906700842 0.004287710170056225 0.0027139438904101205 0.0026336496924689924 0.0048818872348205715 0.0043519455284091275 0.006616241910348933 0.0078527725586423 0.016331839861225397 0.029660676719452616 0.031122031121981142 0.009731656790464692 0.010550657609464196 0.006680477268701835 0.011032422797110962 0.00528335822452621 0.007884890237818753 0.00626294743940797 0.012831012830992226 0.015625250919343473 0.03756162579685959 0.05612564436084835 0.6171412053755084
0.025919518134009483 0.023772907855914755 0.008266051518633433 0.004901960784305872 0.005174291938989532 0.006199538638975074 0.006519928232720556 0.011806356529521007 0.0119345123670192 0.017797641932561517 0.019655901576285315 0.029491862104271606 0.035515186466686666 0.049980776624295176 0.015715109573215886 0.019976291170030795 0.00786556452645158 0.02316416762779834 0.007112648981149698 0.015570934256030419 0.00688837626552786 0.018790849673172513 0.01158208381389917 0.024157375368409333 0.08149109316916331 0.51074907086936
0.03131111111107632 0.03309999999996322 0.011233333333320852 0.00818888888887979 0.005388888888882901 0.005122222222216531 0.0051555555555498275 0.005499999999993889 0.005944444444437839 0.007477777777769469 0.00998888888887779 0.02062222222219931 0.027133333333303186 0.046599999999948225 0.013844444444429062 0.016688888888870344 0.006677777777770358 0.016133333333315406 0.005233333333327518 0.010133333333322074 0.0060222222222155305 0.013066666666652148 0.012644444444430395 0.027299999999969668 0.06406666666659548 0.5854222222215717
0.021104868913855483 0.019781523096127778 0.01177902621722724 0.00889409071993249 0.007364752392841514 0.006793591344152435 0.006419059508946482 0.007851643778609254 0.009596337910943654 0.014131294215562409 0.021295255930085175 0.03715667915105731 0.056451310861417345 0.04303786932999969 0.026061173533080934 0.019566167290884357 0.012717436537659934 0.01084165626300345 0.00830732417810983 0.009274864752391877 0.009212442779857551 0.012165002080731152 0.017605076987097627 0.02901269246774563 0.03977215980024555 0.5338066999583299
0.013330149615664273 0.012204886530012896 0.004674059754757751 0.0035473668557828015 0.003480165629574905 0.003940565519765176 0.004084976665445975 0.006807341233527577 0.008816228953146616 0.0166287289531455 0.02562368457173865 0.05056391837480975 0.05959604913981578 0.07246293923864264 0.039687328422395494 0.03254684068447558 0.014654156753292194 0.015972444637625826 0.0069817784590033944 0.010888028459002835 0.00757801061493303 0.01508024112371673 0.016186916636161668 0.024491272419469412 0.04929138451683043 0.4808805362371201
0.012847999999979444 0.017647999999971763 0.008383999999986586 0.005951999999990477 0.003839999999993856 0.0037759999999939582 0.004639999999992576 0.014239999999977215 0.012351999999980236 0.018319999999970686 0.026815999999957093 0.0707519999998868 0.09028799999985554 0.1596959999997445 0.05753599999990794 0.05166399999991734 0.018511999999970382 0.02156799999996549 0.00559999999999104 0.005071999999991885 0.0018879999999969791 0.006591999999989453 0.006383999999989786 0.012159999999980544 0.014223999999977241 0.34924799999944117
0.01003968253966262 0.008214285714269416 0.007261904761890353 0.006964285714271897 0.008611111111094026 0.008789682539665099 0.007599206349191271 0.01128968253966014 0.01462301587298686 0.02896825396819649 0.057380952380838526 0.12728174603149348 0.12908730158704546 0.14025793650765822 0.07273809523795091 0.04904761904752173 0.017539682539647737 0.018670634920597874 0.0073015873015728145 0.009960317460297697 0.004246031746023321 0.00964285714283801 0.004920634920625158 0.007599206349191271 0.021646825396782445 0.21031746031704301
0.04221804511277755 0.03865288220550975 0.005256892230575892 0.0017951127819546997 0.0010891812865495938 0.001043233082706658 0.0011225981620717291 0.001354427736006542 0.0018421052631577024 0.002563700918963809 0.0039797410192142875 0.00678153717627331 0.010675647451962127 0.008549498746866275 0.004770258980784798 0.0032978279030907165 0.002018588137008979 0.001912071846282173 0.0009878863826231217 0.0011601921470341312 0.0009889306599831884 0.0017355889724308964 0.004679406850458994 0.040056390977439425 0.046381578947363576 0.7650866750208056
0.028155046826219755 0.021619146722162162 0.007390218522371759 0.004826222684702931 0.004039542143599996 0.0039458896982305985 0.0036732570239330206 0.005515088449531164 0.006106139438084693 0.00872320499479618 0.009584807492194633 0.013879292403744654 0.013106139438083964 0.022125910509883235 0.010546305931320443 0.013730489073879944 0.007942767950051203 0.014162330905305498 0.007337148803329101 0.012833506763786386 0.01119354838709561 0.021843912591048717 0.027232049947968028 0.046992715920910824 0.13737669094691599 0.5361186264307455
0.024465077427191954 0.01728458523418158 0.011630148428947456 0.010296857932258728 0.009606117072528423 0.0078230418299688 0.005766882991701846 0.012610036625309051 0.010682387714433781 0.016385015742439786 0.014762577909119766 0.02191094262028222 0.015919167255644927 0.03898669922245231 0.013895135899225896 0.02319604189419907 0.012465462956993405 0.029027179849596758 0.013284713744115394 0.023597635417298084 0.0156460836599376 0.029171753517912402 0.02298721326218758 0.03389449334955681 0.10012529717904625 0.46457945126186373
0.013889485900960995 0.011311737018567945 0.0041681890474547355 0.003738340354194821 0.0041990844222827926 0.0034871475240710586 0.002397749742090462 0.00643832745873366 0.006399372420906981 0.01082278412998479 0.008160408786106193 0.014683362706325401 0.008582197816367486 0.0431299432599667 0.008469362534386758 0.023562424776475514 0.01073547111416637 0.03388953963204497 0.012685909559833234 0.03244551667812494 0.02016662009972219 0.03991682427784883 0.02890598134456283 0.04026338978678964 0.24687016420216767 0.36068066540572874
0.043419049907805145 0.04204117599929177 0.009100376512041815 0.005030841945037202 0.004133621725540121 0.0034446847712834338 0.003076183609704276 0.003524793719452816 0.0033645758231140516 0.004389970359682143 0.006104301850506922 0.008603701033391647 0.012032364015041205 0.010670511896161706 0.006040214691971416 0.006040214691971416 0.003749098774327086 0.0053672995273486065 0.0028038131859283765 0.003845229512130345 0.003076183609704276 0.005383321316982483 0.007289914283413779 0.03255627653603692 0.03560041656647344 0.7293118641340554
0.033356481481455744 0.028695987654298847 0.011180555555546928 0.006558641975303581 0.004436728395058305 0.004081790123453641 0.003888888888885888 0.005825617283946122 0.006712962962957783 0.008996913580239971 0.010771604938263294 0.014984567901223005 0.017638888888875277 0.019259259259244398 0.012793209876533339 0.01280864197529876 0.007708333333327385 0.007499999999994213 0.005084876543205953 0.005216049382712025 0.00483024691357652 0.0063657407407358285 0.011033950617275436 0.027816358024669894 0.031651234567876815 0.6908024691352694
0.034809374999996374 0.027427083333330476 0.008042708333332496 0.0044302083333328714 0.003578124999999627 0.0031552083333330045 0.0026322916666663924 0.0029874999999996888 0.0033677083333329824 0.004317708333332884 0.004637499999999517 0.006403124999999333 0.006439583333332662 0.009081249999999054 0.004842708333332829 0.00550833333333276 0.004115624999999571 0.005327083333332779 0.003753124999999609 0.006012499999999373 0.006185416666666023 0.009908333333332301 0.01721249999999821 0.04752499999999505 0.07752291666665859 0.6907770833332614
0.029294919581256563 0.027621483903360625 0.0091879145568273 0.006273063872038748 0.004370729413802146 0.0035427757173446977 0.0030633255693338465 0.0035902051943522226 0.0045563230194837654 0.006590635152871742 0.009845740781409928 0.018327368561059952 0.027291539715482187 0.019095519873464434 0.010130317643455079 0.006789632741185924 0.004388257698783188 0.0040077908071358675 0.002842675393690143 0.003009709638803601 0.003594329496700703 0.006175111691262338 0.011125305585025986 0.036082490171268244 0.06912743166288064 0.670075402557617
0.019837933918860327 0.015129652864908498 0.0072804265997482975 0.006382266833960018 0.006909242994562222 0.006275616896695287 0.004286909242994115 0.00635299038059323 0.006622751986615786 0.008997281472186428 0.007650564617314131 0.013737975742365774 0.011733584274360965 0.023726474278542062 0.010341907151818241 0.016785863655372567 0.012246967795900015 0.01619928900041654 0.011517147636970775 0.02134044332914875 0.02177645336678986 0.03119406106231376 0.0400585529067294 0.051010037641148996 0.21047783354242885 0.4121277708071506
0.023985416666664167 0.018824999999998038 0.007239583333332579 0.005238541666666121 0.0049635416666661495 0.004062499999999577 0.003109374999999676 0.004106249999999572 0.004301041666666219 0.005696874999999406 0.0050770833333328045 0.007934374999999173 0.007117708333332592 0.013398958333331937 0.0056593749999994105 0.008618749999999103 0.006115624999999363 0.008635416666665768 0.006219791666666019 0.010490624999998907 0.011454166666665473 0.018341666666664758 0.03061041666666348 0.06001979166666042 0.12759791666665338 0.5911802083332718
0.022360668405257154 0.025129592066671286 0.009320969767202225 0.004588042113389697 0.003525548150288925 0.0041050903119802555 0.004749026047192844 0.015760327119328118 0.017885315045529662 0.027946810908226365 0.028703435397101157 0.04575163398685445 0.03021668437485074 0.04551015808614973 0.026143790849631116 0.030908915290204272 0.016130590167075354 0.02002640136511152 0.008902411539314044 0.011574744840446289 0.005892011977195189 0.01059274284424709 0.008564345278327435 0.02149135516272016 0.03372613413175935 0.5204932547723358
0.03888960164212122 0.035393546731613004 0.007858105074078104 0.003977163384431367 0.003560202707031304 0.004105458977477539 0.00283853999614658 0.0057412277888162465 0.005051638976193066 0.006911925075362577 0.006735518634924088 0.01185130540764024 0.012813522355486539 0.027551478606665673 0.006286484059262482 0.01095323625631703 0.004827121688362263 0.0130059657450558 0.0035762396561620753 0.008643915581485914 0.003945089486169823 0.010311758291086163 0.008756174225401314 0.03385399961505893 0.05819808839557027 0.6643626916404767
0.031830985915443144 0.03367762128320238 0.010657276995288486 0.0055712050078160075 0.003661971830980185 0.0041627543035928595 0.0038184663536716458 0.007824726134573044 0.007558685445997561 0.01172143974959042 0.011095461658824577 0.019827856025008094 0.02316118935833621 0.030610328638449747 0.012143974960857364 0.016228482003104495 0.010172143974944958 0.018215962441286048 0.008231611893570842 0.014381846635345256 0.009076682316104732 0.01863849765255299 0.01615023474175876 0.03261345852890045 0.05785602503903309 0.5811111111102018
0.03222386429346491 0.027340487052580895 0.013461414894278961 0.008256762834915735 0.0058472016963216486 0.0058472016963216486 0.00560624558246224 0.007903360534588602 0.0101040930411712 0.017621923793584748 0.029878558118566666 0.05236779541211147 0.051371843474825915 0.056801387907124586 0.031372486024495 0.021766368951966576 0.012144188138514193 0.010457495341498334 0.005734755509853925 0.004963695945503817 0.004738803572568369 0.00559018184153828 0.00897963117649396 0.020384887232505967 0.02273019340740421 0.5265051725237317
0.026376041666663918 0.02119687499999779 0.007142708333332589 0.005015624999999478 0.0050468749999994745 0.004283333333332887 0.00310520833333301 0.003971874999999586 0.004208333333332895 0.00582291666666606 0.0055552083333327545 0.008993749999999063 0.008655208333332432 0.013480208333331928 0.006244791666666016 0.008621874999999102 0.0062416666666660165 0.008896874999999074 0.0061677083333326905 0.01113437499999884 0.011954166666665421 0.01850104166666474 0.02796770833333042 0.05706041666666072 0.13129999999998632 0.5830552083332726
