0.04772499999999503 0.03688437499999616 0.011735416666665444 0.0075177083333325505 0.005930208333332716 0.0051354166666661314 0.0049729166666661485 0.005183333333332794 0.005346874999999443 0.005962499999999379 0.006446874999999328 0.008463541666665785 0.011203124999998834 0.009831249999998976 0.006478124999999326 0.006369791666666003 0.005261458333332785 0.0058427083333327245 0.0054968749999994276 0.006491666666665991 0.0075593749999992126 0.010785416666665543 0.016397916666664958 0.03556770833332963 0.05714895833332738 0.6642614583332641
0.03557655954624655 0.029168241965918395 0.006332703213598615 0.0029300567107695082 0.0018147448015088568 0.0018714555765560086 0.0021172022684269997 0.0034404536861938743 0.0026275992438513657 0.004990548204149356 0.0047448015122783654 0.007448015122859267 0.007712665406412641 0.04742911153110127 0.0035916824196529458 0.017466918714522748 0.002230623818521303 0.03005671077499044 0.001531190926273098 0.015689981096378657 0.002268431001886071 0.01903591682416061 0.009527410207921498 0.027637051039645297 0.1862759924382112 0.5264839319460747
0.02697542533076186 0.02865784499049403 0.007977315689966017 0.006351606805280999 0.0035916824196529458 0.0028922495274047405 0.003270321361052419 0.0052551984877027315 0.005028355387514124 0.006389413988645767 0.007826086956506944 0.010245746691852088 0.009451795841191962 0.04886578449896244 0.006748582230611061 0.021020793950810926 0.0036483931947000974 0.03130434782602778 0.004612476370501678 0.018336483931912406 0.006465028355375302 0.02215500945175396 0.012589792060467694 0.03194706994322883 0.1573724007558462 0.5110207939498846
0.027052910052902897 0.0232486772486711 0.011912698412695261 0.007896825396823308 0.0077619047619027085 0.007304232804230872 0.006415343915342218 0.008690476190473891 0.008740740740738428 0.012544973544970226 0.012063492063488872 0.021949735449729644 0.02469576719576066 0.03102910052909232 0.012812169312165923 0.016224867724863434 0.009486772486769978 0.014198412698408942 0.008775132275129953 0.013436507936504381 0.01113492063491769 0.01895767195766694 0.023955026455020116 0.039476190476180034 0.08607671957669681 0.5341587301585888
0.028109640831704898 0.023345935727744148 0.011531190926254193 0.011474480151207042 0.007202268430988275 0.005576559546303258 0.004650283553866446 0.006275992438551463 0.005973534971633321 0.007674858223047873 0.008601134215484686 0.013894139886552186 0.018431001890324327 0.04869565217382099 0.007769376181459793 0.01848771266537148 0.0055576559546208736 0.027901701323198674 0.005614366729668026 0.01754253308125228 0.007315689981082579 0.022948960302414084 0.01136105860111274 0.02364839319466229 0.18822306238149675 0.46219281663428696
0.054154545454520836 0.045927272727251854 0.008240909090905345 0.0042090909090889955 0.0024772727272716014 0.0018045454545446342 0.001022727272726808 0.0008499999999996137 0.0009499999999995682 0.0010454545454540703 0.0013999999999993636 0.0017818181818173718 0.0023909090909080043 0.0035227272727256713 0.001318181818181219 0.00214545454545357 0.001213636363635812 0.0024136363636352667 0.0012818181818175993 0.002281818181817145 0.0021272727272717605 0.004122727272725398 0.006995454545451365 0.04090909090907231 0.05214545454543084 0.7532681818178394
0.00783926645091609 0.007346278317151311 0.002541531823084947 0.0018295577130526613 0.0014595469255661857 0.0013505933117582147 0.001357065803667599 0.0020086299892122968 0.0022588996763751607 0.0037680690399132938 0.004023732470333978 0.007704422869470582 0.013029126213590828 0.02417475728155079 0.005225458468176351 0.009889967637539385 0.004180151024810768 0.014324703344119274 0.0033311758360298456 0.00959439050701083 0.004512405609492501 0.011535059331174592 0.0068640776699021725 0.01292880258899537 0.6523365695792177 0.18458576051777945
0.04416958121365652 0.03932935138080837 0.013419217841567863 0.007026140079940863 0.004495310228923781 0.002958075944767022 0.0023477243822671084 0.0022313317587206137 0.002488247183865926 0.0028587163880809895 0.004263944404069162 0.008642862009446448 0.014522108920782822 0.00898920103560919 0.0037486941315401654 0.0031866029251448966 0.0023647574491275714 0.00249108602834267 0.002343466115551993 0.003321448037790226 0.0046741574309586385 0.007494549418603587 0.014060796693311957 0.03684536246365756 0.043608909429499625 0.7181183571038224
0.048629908103572 0.04372180451125993 0.012368421052626413 0.005505430242270048 0.0032957393483695504 0.00230158730158634 0.0019005847953208436 0.0017794486215531415 0.0016583124477854393 0.0018212197159557973 0.002385129490391652 0.003416875522137253 0.0049665831244757866 0.0060317460317435125 0.0034001670843761904 0.004126984126982403 0.002660818713449181 0.0033876357560553936 0.0025104427735996196 0.0035087719298230956 0.004482038429404978 0.008036758563070996 0.01347953216373706 0.038717627401821754 0.04327067669171125 0.7326357560565027
0.02513039727047627 0.024097023412678126 0.013441703596216823 0.010059218008547382 0.009082709125846291 0.009202321659671124 0.009300364720183281 0.010512176948113551 0.012433820934151843 0.016394760578843013 0.02218518373269105 0.034709204282514075 0.049094082120857856 0.0376093180124637 0.02379505078630068 0.018265422173414984 0.013039727048116977 0.01087885799442902 0.00869641946742839 0.008414055453153376 0.007898348954859425 0.009347425389229117 0.012716184948426856 0.022787168124235698 0.05254519785088581 0.5283638574060692
0.038676748582157514 0.03440453686193874 0.007807183364824561 0.0037051039697472495 0.0023818525519803744 0.001531190926273098 0.0013421550094492587 0.0028922495274047405 0.0017580340264617051 0.0034026465028291065 0.0024574669187099104 0.004706994328913598 0.004725897920595981 0.03368620037800815 0.003232514177687651 0.01362948960299881 0.0019281663516031603 0.02119092627595238 0.002003780718332696 0.013837429111505033 0.004366729678630687 0.018941398865748693 0.01204158790167856 0.03334593572772524 0.06300567107738562 0.6689981096395671
0.04377066023406509 0.025533815777712514 0.02114937907620362 0.019905297954073996 0.017417135709814745 0.015357812918785099 0.014290181363348904 0.014466630930042332 0.014940141159650018 0.01697489502367172 0.019791387474309884 0.023554900384163416 0.02715313142141804 0.026646118109526794 0.02217010631644283 0.019518895738403572 0.017330027695877482 0.017283123380680495 0.01633386938264622 0.017274189225404878 0.017988921647454213 0.01952112927722248 0.020325203252027982 0.021723398552661994 0.04274323237736917 0.46683641561679917
0.021455576559505755 0.018979206049113462 0.003534971644605794 0.0017013232514145533 0.000756143667295357 0.0010964083175782676 0.0008884688090720445 0.002306238185250839 0.001776937618144089 0.003553875236288178 0.002306238185250839 0.004858223062372669 0.004196597353489232 0.05353497164451128 0.002967863894134276 0.019716446124726433 0.004461247637042606 0.037882797731497386 0.0039319470699358565 0.020056710775009343 0.0026843100188985174 0.021947069943247736 0.006899810964070133 0.02017013232510365 0.3760680529293458 0.36226843100120554
0.028950691553934912 0.023140771331944324 0.011055514004508443 0.010081322624002093 0.008641714360041039 0.008788723768643179 0.009258205428372596 0.010637519510925399 0.011623227757543438 0.014364241892125285 0.019252135362468347 0.03290097663024404 0.05215785423169956 0.04418750541969871 0.024836460501212333 0.018978440426637634 0.01425178308185821 0.013140744233436502 0.01052980293964549 0.010549449358306606 0.009589484694761752 0.011612388354144201 0.015515928503294129 0.030653155350327442 0.0726192605358952 0.48268269814426146
0.035860113421482306 0.028733459357223566 0.00737240075612973 0.004499054820407374 0.0017580340264617051 0.0016446124763674014 0.0011720226843078033 0.0031947069943228834 0.0019659735349679282 0.004120982986759695 0.003969754253300624 0.008506616257072766 0.00896030245744998 0.04164461247629179 0.0067296786389286775 0.016502835538721165 0.0034026465028291065 0.023383742911108917 0.0037240075614296334 0.01792060491489996 0.004933837429102204 0.02177693761810628 0.012741020793926765 0.02746691871450384 0.13066162570863768 0.5773534971633698
0.037779866332493965 0.03152986633249462 0.014792188805345155 0.010394736842104178 0.007908312447785306 0.006266708437760415 0.0053968253968248335 0.005620300751879113 0.006417084377610023 0.008322890559731795 0.011888053466999594 0.02230889724310544 0.03689849624059765 0.02380639097744112 0.01212823725981494 0.008657059314953149 0.0061633249791138095 0.005732038429406252 0.005198412698412156 0.0057915622389300555 0.006644736842104569 0.008907685881369162 0.013115079365077996 0.03163533834586136 0.0395770676691688 0.6271188387635102
0.03559112548827854 0.027069854736326063 0.014146423339842671 0.010980987548827289 0.009467315673827404 0.00931396484374929 0.009592437744139894 0.010640716552733563 0.012697601318358407 0.016017913818358154 0.02109832763671714 0.028215789794919725 0.03420333862304427 0.0259269714355449 0.01758270263671741 0.013536071777342718 0.011019897460936661 0.010065460205077358 0.00898056030273369 0.0091857910156243 0.009646606445311765 0.010277557373046092 0.013626098632811461 0.02679595947265421 0.036188507080075365 0.5681320190429254
0.033751546462605135 0.027555672653954998 0.011718749999998323 0.007851161565248142 0.0065209173387087436 0.006480823863635436 0.006649789222872948 0.008317964167887371 0.010484443731670052 0.014957730021991992 0.021819441898823854 0.033486643145156494 0.04198789177052185 0.03745589717741399 0.024435541147357204 0.017603899376830323 0.012099638013194748 0.009925998900291834 0.007619192173752574 0.007275533815981363 0.007218257423019494 0.008985234145893141 0.01282275247433834 0.02584024468474703 0.035396810850434814 0.5617382239735266
0.040037807183289156 0.03570888468802323 0.006578449905469606 0.002759924385628053 0.001474480151225946 0.0017958412098264729 0.0014366729678611783 0.0024385633270275265 0.0017013232514145533 0.0036105860113353296 0.002514177693757062 0.004782608695643133 0.00457466918713691 0.03642722117195382 0.003799621928159169 0.015425330812825282 0.0026086956521689814 0.024461247637004798 0.002003780718332696 0.012930056710750605 0.0039319470699358565 0.017466918714522748 0.009962192816616328 0.03597353497157661 0.06954631379949046 0.6560491493371341
0.015254166666665077 0.014130208333331862 0.005844791666666058 0.005268749999999451 0.004605208333332854 0.004611458333332853 0.005242708333332787 0.008244791666665807 0.010639583333332226 0.01765624999999816 0.02888854166666366 0.06857499999999285 0.12958541666665316 0.11972708333332086 0.04044062499999579 0.023831249999997518 0.011802083333332105 0.009320833333332362 0.005735416666666069 0.005720833333332737 0.0048843749999994916 0.006856249999999286 0.008595833333332439 0.017362499999998192 0.051581249999994624 0.3755947916666275
0.03924435254764834 0.028821480938412296 0.012317288306449849 0.009492130223605679 0.008524159182550098 0.008409606396626362 0.008502680535189398 0.009616706378297743 0.010826670179617219 0.013117725898091964 0.015851241752197143 0.01963291559750452 0.023202666788852983 0.02337879169721073 0.018888322489000228 0.016810621334308443 0.013717696114367538 0.012961647727270872 0.010729300311582042 0.010229563782989738 0.010041983596039618 0.011526874083576062 0.014128654233868944 0.027091733870963863 0.04178599248533126 0.5811491935483039
0.0390541666666626 0.029255208333330285 0.01591874999999834 0.011661458333332118 0.009571874999999003 0.00876770833333242 0.008055208333332495 0.00860729166666577 0.009172916666665712 0.010886458333332199 0.01380937499999856 0.022187499999997688 0.03277083333332992 0.02777395833333044 0.017786458333331482 0.015531249999998381 0.013178124999998627 0.013189583333331959 0.011310416666665489 0.011312499999998822 0.010747916666665547 0.012784374999998668 0.01718749999999821 0.029914583333330216 0.042346874999995586 0.5572177083332753
0.03990915937840986 0.016385895879124892 0.01670650230303754 0.018697003232962663 0.01758173350343512 0.017560214574462954 0.016601725613161176 0.018108178730075548 0.01827290100780294 0.020765894547000664 0.023691956531763175 0.03655374352510751 0.049977584448986694 0.037959006440307544 0.02507608478457983 0.022304626057373277 0.020082156196682754 0.02042697141568909 0.01925944143008629 0.020397126710626504 0.0203138689497223 0.021642150458301677 0.020937789801052112 0.022197671856827108 0.06011120675079466 0.37847940587261336
0.044719747053738226 0.037867203219305014 0.013061224489792163 0.00634665133658915 0.00434320206955897 0.0032624317332557453 0.002845645300372853 0.0029376257545263187 0.00303248059787208 0.0037913193446381744 0.00537223340040087 0.010583501006033174 0.01704225352112186 0.012244897959180153 0.00553032480597714 0.004941075021556498 0.0032624317332557453 0.003871802242022457 0.0033457890198323238 0.004357574015520449 0.004826099453864666 0.007384305835007938 0.012532336878409735 0.03302673181947886 0.0828830123598497 0.6665881000285523
0.03965973534964148 0.03597353497157661 0.008487712665390383 0.0047448015122783654 0.0038752362948887044 0.0031190926275933475 0.0023629489602979906 0.0038752362948887044 0.003043478260863812 0.004555765595454526 0.0037429111531120172 0.0037051039697472495 0.0036294896030177135 0.030340264650226198 0.0025708884688042137 0.01092627599241791 0.0018336483931912406 0.02047258979202179 0.003478260869558642 0.012797731568973916 0.0058601134215390165 0.01839319470695956 0.015274102079366211 0.03553875236288178 0.08769376181457902 0.6340453686188392
0.03126654064266301 0.029962192816578522 0.00650283553874007 0.0044423440453602225 0.002948960302451892 0.00255198487712183 0.0024007561436627583 0.006030245746680472 0.006238185255186695 0.008317580340248928 0.007145557655941124 0.013856332703187417 0.02476370510392294 0.043024574669105815 0.006767485822293445 0.014990548204130453 0.004669187145548829 0.026124763705054583 0.004820415879007901 0.017258979206016524 0.006162570888457159 0.020926275992399004 0.011965973534949024 0.029432892249471772 0.08355387523613694 0.5838752362937922
0.03209463198671654 0.026041505257331156 0.012786939679025304 0.0102910902047587 0.008646375207525809 0.007685113447702951 0.007345877144437889 0.008664637520752149 0.010248478140563904 0.013967349197564254 0.01834919756502389 0.0320304371887088 0.04846485888212239 0.03780464858881916 0.017231876037630482 0.01409961261759745 0.010087991145544544 0.01142722744880955 0.008494189263972968 0.010223574986164349 0.010200332042058098 0.01371167681239548 0.015758716104038974 0.026638627559489397 0.0625893746541194 0.5251156613170711
0.04246589716683813 0.0374469287270936 0.011262410202598171 0.005660666720477387 0.003533779966098674 0.0027120832997011295 0.002132536927919757 0.0020744208572118757 0.0018306562272982622 0.0022665267576073723 0.002212446525143094 0.004079425296633782 0.0066244248930497525 0.00894180321252652 0.0026418597142624394 0.003736379045927538 0.00233352167245118 0.005300669949148011 0.0027540560174345993 0.004517717329889054 0.005043183469206148 0.00920816853660431 0.014036645411250786 0.03651384292517262 0.08438049882960011 0.6962894503187751
0.0392443339029898 0.0344670613606727 0.00959014892578003 0.00605773925781173 0.004341125488280698 0.0037155151367182777 0.0033988952636714426 0.0033887227376297774 0.0036710103352859914 0.004440307617186935 0.006080627441405477 0.010725657145180928 0.018508911132810148 0.013460795084633706 0.007249196370441787 0.0058898925781242515 0.004539489746093172 0.004795074462890015 0.003927866617838042 0.004816691080728555 0.005222320556639961 0.0074272155761709304 0.012447357177732793 0.04032007853189591 0.05153401692707678 0.690739949544183
0.00939548022598764 0.009525423728812482 0.005285875706214092 0.004031638418078641 0.0031242937853103816 0.003369491525423348 0.003256497175140875 0.0033807909604515953 0.00359209039547982 0.004637288135592697 0.005642937853106707 0.011597740112993039 0.019036158192088246 0.02885310734462951 0.008292655367230702 0.010767231638416863 0.005160451977400547 0.014067796610167903 0.004574011299434511 0.00979209039547912 0.006663276836157439 0.012625988700563546 0.009609039548021513 0.01444971751412266 0.5740711864406131 0.21519774011297002
0.027563194444442534 0.02570486111110933 0.008284722222221647 0.005154861111110754 0.00435972222222192 0.004365277777777475 0.005085416666666314 0.006490277777777328 0.008463888888888303 0.01182638888888807 0.01733819444444324 0.027890277777775842 0.03564583333333086 0.02885833333333133 0.01793333333333209 0.012252083333332484 0.008564583333332739 0.006496527777777327 0.005086805555555202 0.0047472222222218925 0.004367361111110808 0.0052374999999996365 0.008263194444443872 0.02686805555555369 0.030843055555553417 0.6523090277777326
0.024045368619992354 0.021455576559505755 0.008393194706978463 0.004914933837419821 0.004272211720218767 0.004310018903583535 0.0038941398865710887 0.00790170132323648 0.0067296786389286775 0.008317580340248928 0.010189035916804935 0.01652173913040355 0.03215500945173506 0.05875236294884924 0.009678638941380569 0.01773156899807612 0.0040831758033949275 0.024971644612429164 0.005519848771256106 0.018979206049113462 0.007069943289211588 0.021947069943247736 0.012986767485797756 0.025066162570841086 0.1847448015119381 0.4553686200369464
0.04589792060482817 0.030793950850603415 0.015500945179554818 0.011115311909241747 0.007769376181459793 0.006786389413975829 0.005727788279762329 0.0073345935727649626 0.006143667296774776 0.0071833648393058915 0.007882797731554097 0.010869565217370756 0.011625708884666113 0.040491493383666366 0.010945179584100292 0.020642722117163247 0.009546313799603882 0.02890359168236502 0.009017013232497132 0.021304347826046684 0.012362948960279087 0.024933837429064395 0.017863894139852808 0.027221172022632852 0.067504725897793 0.5346313799611822
0.026257088846831273 0.025803402646454057 0.004801512287325517 0.0023440453686156067 0.0017013232514145533 0.0019659735349679282 0.0018525519848736247 0.004517958412089758 0.004631379962184061 0.009640831758015802 0.009716446124745337 0.012419659735326239 0.012268431001867168 0.054612476370407156 0.00737240075612973 0.02056710775043371 0.003289224952734803 0.03323251417763094 0.0030812854442285797 0.01850661625705386 0.005236294896020347 0.021228733459317146 0.008468809073707999 0.023761814744756592 0.18563327032101015 0.4970888468799677
0.032400756143606046 0.02899810964077694 0.006654064272199141 0.0021550094517917675 0.001247637051037339 0.0013232514177668748 0.000756143667295357 0.003289224952734803 0.0017202268430969371 0.0039319470699358565 0.002419659735345142 0.004196597353489232 0.0031190926275933475 0.04534971644603904 0.002287334593568455 0.017315689981063677 0.002079395085062232 0.030491493383685273 0.002230623818521303 0.016049149338343952 0.002495274102074678 0.02100189035912854 0.007920604914918864 0.024782608695605324 0.1931947069939637 0.5425897920594658
0.020784723157751532 0.0164367506399019 0.005360366428667294 0.003402263235888226 0.0027111679913779667 0.0025319951502086402 0.0021487269298125994 0.0029139162063853623 0.00315371143742401 0.00499528492523205 0.005517311060217869 0.012265930216892615 0.017791324262426394 0.01651960123938997 0.005906641519600842 0.005575239121648554 0.0030095648659569578 0.004644348646099647 0.0023912164892898836 0.003639364138488237 0.0028990973999728615 0.0050370470160309155 0.00547824329785764 0.013541694732586991 0.5030775966589989 0.32826687323182485
0.03835822254596979 0.03450342985490101 0.015407788502392017 0.010729678868447334 0.008362168396767301 0.006628270503245224 0.005292751775630846 0.004799520427364172 0.004469434832754937 0.005740454076365211 0.006093304194740601 0.009177897165054492 0.012004492199351968 0.018188854489157184 0.004643962848295452 0.006670005463483173 0.0026634492806400386 0.008491167364775508 0.002356128209796957 0.005842894433312905 0.0034829721362215887 0.008961634189276027 0.012179020214892483 0.04150352091299342 0.046143689673994515 0.6773052874397965
0.0290034965034942 0.023560076287347145 0.010990146217418072 0.008347902097901436 0.00781865861411254 0.008466306420851203 0.00903210425937627 0.010385410044500129 0.011836458995548966 0.014198188175459776 0.016599650349649032 0.025890813731720766 0.037132867132864185 0.030944055944053486 0.016845994914175395 0.014496980292433688 0.01134297520661067 0.012226636999363301 0.008771455816909666 0.009519230769230013 0.008689605848696068 0.010689764780673024 0.01203035600762778 0.02437698664971199 0.06796805467259473 0.5588358232675971
0.03625572201414521 0.0322284644194723 0.009534956304618234 0.006189138576778382 0.004574490220557161 0.003793175197669185 0.0033260507698706487 0.0038566375364124162 0.004763836870577948 0.0066208905534741345 0.009557844361214153 0.016738451935079408 0.02704223886807875 0.01945796920515819 0.011667707032874359 0.00808676654182188 0.005474406991260354 0.004925093632958289 0.00387848522679943 0.004371618809820602 0.005115480649187982 0.00732937994173873 0.011086142322096225 0.0320734498543454 0.037605076987095545 0.684446525176791
0.04371502481257425 0.04116249604053396 0.011712068419382401 0.004698553479040044 0.0023571956498779547 0.001863583570900152 0.00162865589694815 0.0019427726744794787 0.0019665294055532766 0.002655474606693418 0.003587266392143494 0.006564776686726174 0.010891141378943382 0.009127864005910378 0.004730229120471774 0.004138950480412802 0.0028772040967155322 0.0031570055960291527 0.002507654946678675 0.0032784288881841203 0.003951536268608396 0.006907929468903255 0.012477563087315891 0.03431791785449416 0.04141062189841584 0.7363715552737999
0.033780718336420074 0.029508506616201306 0.008941398865767596 0.005897920604903784 0.00457466918713691 0.003761814744794401 0.003913043478253472 0.0048960302457374365 0.004272211720218767 0.005519848771256106 0.005500945179573722 0.008506616257072766 0.008922495274085212 0.0430434782607882 0.006616257088834373 0.016786389413956927 0.005803402646491865 0.02476370510392294 0.005973534971633321 0.0101134215500754 0.005274102079385115 0.012930056710750605 0.012684310018879614 0.030529300567050038 0.039017013232440424 0.6584688090724793
0.046707213049611854 0.04211507227070199 0.01240053282854477 0.005383788457716846 0.0035405054860297436 0.001954288919268893 0.0011275867306992419 0.001156798822168134 0.0010779261752021248 0.0013349925801283769 0.0015453196387044013 0.002328203690070714 0.003619378132995753 0.0038443112373062233 0.002094506958319576 0.0024099975461836128 0.001875416272302884 0.0025531367943811847 0.002033161566234902 0.0032308573164594855 0.004378892511186952 0.007606828618499548 0.012964326193894392 0.03659690819222824 0.04404599151679577 0.7520740584940723
0.032230623818464595 0.03461247637044497 0.012287334593549552 0.006446124763692918 0.003780718336476785 0.003572778827970562 0.0029867674858166603 0.003686200378064865 0.0031379962192757314 0.0066729678638815255 0.006011342154998088 0.012797731568973916 0.016748582230592158 0.04911153119083344 0.013043478260844909 0.020775047258939933 0.005803402646491865 0.026805293005620404 0.003497164461241026 0.015879017013202497 0.005368620037797035 0.021984877126612505 0.012344045368596703 0.029584120982930843 0.07604914933823052 0.5747826086945657
0.050644439471906326 0.033316178115902144 0.02376146788990294 0.017390915193551713 0.010899530096215955 0.007359588274780183 0.006269859028864115 0.005620944282836066 0.005565003356454338 0.0059230252852974 0.006439919445064569 0.010035802192882068 0.017413291564104406 0.010745133139402384 0.005882747818302555 0.006149026627879582 0.00540389348847496 0.006417543074511878 0.006571940031325448 0.008447079883640983 0.01049451778921224 0.015524725889457256 0.021499216827025845 0.03163795032445029 0.04912508391137858 0.621461176996952
0.04138028169013786 0.03813073311664586 0.008362585771035873 0.004111231491512885 0.0022889129649691377 0.0017320332249908465 0.0013318887685083906 0.0016663055254603348 0.0016410256410255225 0.0024073672806065437 0.0026175514626216962 0.0058439869989161545 0.008781509570241331 0.010775009028529377 0.0033911159263269493 0.004059227157818414 0.0024853737811482497 0.0048342361863485134 0.002234019501624974 0.0034864572047668125 0.003276995305164083 0.006503430841458541 0.010179126038280233 0.037645359335497466 0.07718598772119342 0.7136482484650983
0.03801512287327407 0.035179584120916485 0.012930056710750605 0.005992438563315704 0.0031379962192757314 0.002835538752357589 0.0018147448015088568 0.003553875236288178 0.0024007561436627583 0.0040831758033949275 0.003251417769370035 0.005519848771256106 0.00544423440452657 0.03444234404530351 0.0034404536861938743 0.01502835538749522 0.003913043478253472 0.02287334593568455 0.0032136105860052673 0.015614366729649122 0.0049527410207845885 0.019867674858185504 0.01546313799619005 0.03519848771259887 0.06400756143655197 0.6378260869553161
0.04350150150149497 0.03129279279278809 0.016888888888886355 0.012507507507505629 0.009879879879878397 0.008839339339338012 0.008246246246245008 0.008528528528527249 0.00956606606606463 0.0115315315315298 0.01448498498498281 0.020439939939936872 0.030048048048043535 0.02406456456456095 0.016548048048045563 0.013668168168166116 0.010620120120118525 0.010085585585584072 0.009569069069067633 0.011066066066064405 0.01204954954954774 0.01379129129128922 0.016893393393390858 0.028546546546542262 0.0431846846846782 0.564157657657573
0.03676454647935929 0.02508779916753212 0.01364342156607608 0.011396277748871931 0.010266947407214013 0.009894342915365268 0.010466121444674978 0.012377243756502804 0.01487233892646448 0.019504151491500588 0.026452886533123426 0.037435234564687024 0.048989361125560335 0.04429589945369107 0.0320629552549406 0.023266779396460446 0.016905404526533715 0.01442521353624599 0.011926731052722052 0.011073128035032203 0.01061380831598957 0.01169300641692602 0.014192843825874863 0.022751907734996725 0.044239670048557535 0.4654019792750292
0.038448383084567155 0.032892827529013034 0.018695584577109584 0.01467920812603268 0.011302860696514485 0.010126451077940992 0.008392931177443929 0.008268553067991223 0.009157338308455339 0.011396144278604012 0.01575715174128945 0.028728752072961047 0.04328617330015462 0.027155887230507058 0.013178897180759437 0.009631529850743772 0.007750310945271624 0.00767775704809088 0.007245024875620013 0.009069237147593006 0.009862147595353995 0.012463723051406389 0.014388992537309705 0.02758343698175073 0.05637437810943813 0.5464863184078186
0.037448015122802554 0.03568998109634085 0.013799621928140266 0.008827977315673292 0.00553875236293849 0.003686200378064865 0.0023440453686156067 0.004631379962184061 0.004328922495265919 0.006238185255186695 0.005897920604903784 0.007599243856318338 0.009035916824179516 0.04854442344036192 0.009168241965956203 0.019716446124726433 0.005803402646491865 0.03153119092621639 0.007088846880893972 0.01848771266537148 0.007013232514164436 0.0239886578449452 0.01593572778824965 0.033024574669124715 0.06179584120971305 0.5728355387512801
0.031077504725839172 0.029111531190871245 0.005822306238174249 0.003553875236288178 0.001739130434779321 0.0023440453686156067 0.001266540642719723 0.003270321361052419 0.002533081285439446 0.004801512287325517 0.0039886578449830085 0.005066162570878892 0.005141776937608427 0.035897920604847075 0.005160680529290812 0.017258979206016524 0.0026465028355337496 0.02206049149334204 0.002287334593568455 0.012514177693738159 0.002287334593568455 0.017977315689947114 0.00824196597351939 0.027939508506563442 0.15873345935697783 0.5872778827966214
0.04587022569443449 0.027003038194438583 0.021788194444439715 0.016039496527774297 0.012259114583330673 0.00961588541666458 0.007803819444442751 0.007927517361109391 0.00829861111110931 0.009563802083331258 0.0120855034722196 0.020635850694439965 0.025299479166661178 0.02334852430555049 0.01233072916666399 0.01006944444444226 0.00743489583333172 0.007098524305554015 0.00618706597222088 0.007100694444442904 0.008678385416664783 0.012165798611108471 0.019101562499995856 0.02927083333332698 0.04287326388887958 0.5901497395832053
0.03689981096401342 0.03485822306231596 0.009130434782591436 0.004253308128536383 0.0016257088846850175 0.0018714555765560086 0.001266540642719723 0.0025897920604865976 0.0018714555765560086 0.0031568998109581157 0.0033081285444171867 0.0047448015122783654 0.006465028355375302 0.031474480151169236 0.006011342154998088 0.011134215500924131 0.005576559546303258 0.019017013232478227 0.005973534971633321 0.011001890359147445 0.005992438563315704 0.011304347826065587 0.010094517958393015 0.03347826086950193 0.03962192816627671 0.6972778827964135
0.04595208333332855 0.03289479166666324 0.011444791666665474 0.009756249999998984 0.00871041666666576 0.008568749999999107 0.008847916666665744 0.009726041666665653 0.010723958333332216 0.012717708333332009 0.014973958333331774 0.019388541666664646 0.024442708333330787 0.021529166666664424 0.015681249999998367 0.013265624999998619 0.011061458333332181 0.010685416666665554 0.008987499999999064 0.009230208333332372 0.00886770833333241 0.009262499999999035 0.011081249999998845 0.03141874999999673 0.05099062499999469 0.5797906249999396
0.02540069126275819 0.02180773249738592 0.00972027972027894 0.0068909251667866826 0.006116871634112522 0.006554939313559477 0.006105618519411132 0.008553170966963383 0.0094389518527442 0.01470139056345835 0.01703158910055325 0.03075878144843415 0.03842536773570948 0.0386986576641718 0.020193714331643745 0.020641427537977604 0.013546338718751424 0.01516437585402981 0.010020094847680251 0.012083433807570768 0.010098866650589977 0.013445060686438918 0.01546097580580215 0.03025319508077886 0.082813278675341 0.5160742705569877
0.03395425712498125 0.030373894398277857 0.015864826230676345 0.011015813454835384 0.00782855356025913 0.0065286339676569 0.005326990083086455 0.005519074421512213 0.006039488966316886 0.00811221299025996 0.012273295809878435 0.024459483605819607 0.046589386223522156 0.03282632002143464 0.012780309121769681 0.00763646922183337 0.004989725721431924 0.004706066291431094 0.0035803627267033903 0.0040538729563110755 0.003792548914499287 0.00486464754757329 0.005863039399623456 0.011344143661214298 0.23539712320194867 0.4542794603769199
0.04749730157587627 0.039236525868889746 0.01122976181909684 0.005668129812189274 0.003297834064905858 0.002279628696840881 0.001678060012952315 0.0015816363243864446 0.0014348420522413878 0.00206087644815413 0.0017046844642727421 0.0030769230769228557 0.003188457940562482 0.00738360797294327 0.0026099158091672588 0.00406058861624782 0.0019579765416995066 0.004265668849391648 0.0023623803698638295 0.0039396992156577725 0.004003022235014464 0.007569979132186259 0.012622868244944045 0.03977045405482912 0.08069943153197952 0.7048197452687124
0.03301770833332989 0.028236458333330394 0.012439583333332038 0.008560416666665774 0.006480208333332659 0.004811458333332832 0.003430208333332976 0.0036864583333329494 0.00371354166666628 0.004677083333332846 0.005071874999999472 0.008526041666665778 0.011979166666665418 0.01267499999999868 0.005295833333332781 0.006317708333332675 0.00390416666666626 0.007173958333332586 0.005185416666666127 0.010587499999998896 0.014324999999998507 0.022851041666664285 0.035902083333329594 0.053092708333327805 0.1517406249999842 0.5363187499999441
0.014445632798563675 0.013340463458101005 0.0013832442067726323 0.001311942959000847 0.0010409982174680635 0.001076648841353956 0.0008556149732614221 0.002245989304811233 0.0021176470588220196 0.003999999999997148 0.0033368983957195457 0.007051693404629553 0.008192513368978116 0.04660249554363879 0.005568627450976422 0.018081996434924717 0.005055258467019569 0.030288770053454338 0.004256684491975574 0.0175900178252994 0.005782531194291777 0.022367201426009006 0.009454545454538714 0.021461675579307334 0.4610338680923629 0.2920570409980092
0.027296786389362386 0.028733459357223566 0.012684310018879614 0.006616257088834373 0.005463137996208955 0.004877126654055053 0.004669187145548829 0.006483931947057686 0.008752362948943757 0.01353497164458689 0.018223062381818103 0.02604914933832505 0.03190926275986407 0.06710775047246294 0.017599243856299435 0.027920604914881058 0.008998109640814747 0.035387523629422706 0.00606805293004524 0.02047258979202179 0.007977315689966017 0.02432892249522811 0.012967863894115372 0.026483931947019878 0.060132325141663265 0.48926275992346074
0.03376181474473769 0.029432892249471772 0.006351606805280999 0.0024385633270275265 0.0014177693761787944 0.0010775047258958837 0.0006238185255186695 0.0024385633270275265 0.0013043478260844907 0.0031379962192757314 0.002495274102074678 0.0050472589791965075 0.005803402646491865 0.047863894139796095 0.002759924385628053 0.016578449905450703 0.0021172022684269997 0.030888468809015333 0.001209829867672571 0.015822306238155344 0.0024385633270275265 0.019999999999962194 0.00818525519847224 0.028052930056657745 0.1836862003777246 0.5450661625698581
0.04047222222220616 0.036976190476175806 0.020420634920626818 0.013869047619042115 0.008984126984123418 0.007146825396822561 0.006230158730156258 0.005579365079362865 0.005599206349204127 0.006341269841267325 0.007781746031742943 0.012178571428566596 0.017396825396818492 0.013861111111105611 0.007126984126981299 0.00626587301587053 0.00467460317460132 0.005297619047616945 0.0046309523809505435 0.006658730158727516 0.00803968253967935 0.012920634920629793 0.019884920634912744 0.031424603174590705 0.08226190476187212 0.6079761904759492
0.03646502835531859 0.03313799621921902 0.004612476370501678 0.0019281663516031603 0.001039697542531116 0.001247637051037339 0.0006805293005658213 0.0026275992438513657 0.0014366729678611783 0.003534971644605794 0.002079395085062232 0.005028355387514124 0.004120982986759695 0.03914933837421711 0.005066162570878892 0.014820415878988998 0.0039319470699358565 0.02638941398860796 0.003780718336476785 0.012514177693738159 0.0020415879016974637 0.016880907372368845 0.007712665406412641 0.03328922495267809 0.12465028355363961 0.6118336483920381
0.03523629489596364 0.031247637050980628 0.007882797731554097 0.004517958412089758 0.002948960302451892 0.0028922495274047405 0.002306238185250839 0.004763705103960749 0.004120982986759695 0.005274102079385115 0.0058601134215390165 0.009357277882780042 0.00809073724006032 0.03625708884681237 0.004517958412089758 0.014461247637023703 0.0031001890359109636 0.024574669187099104 0.002797731568992821 0.014461247637023703 0.003969754253300624 0.01850661625705386 0.009962192816616328 0.03344045368613716 0.0706616257087511 0.6387901701311176
0.031999371954929204 0.028185901339826125 0.008309702344700595 0.005399046513397653 0.00427974649817245 0.004278557018878907 0.004498610688184605 0.005745184987819048 0.007487772152861472 0.010541165499389733 0.016193571102312326 0.03119647343178679 0.05353489456454905 0.031396305953102235 0.015024312956758261 0.01005823690621074 0.006957264387940707 0.005962859698537658 0.004784085718635241 0.004552137256394099 0.004579495280145619 0.005575089448842212 0.008403671208890596 0.02844401834652524 0.03655864608708457 0.626053878654006
0.042819172697211916 0.03719735549003011 0.016255695523984575 0.010450728133652628 0.007571696596085148 0.006010452961671131 0.005474403645134129 0.005516840882693309 0.005959081568836335 0.006309747163404291 0.007471187349234461 0.011176628249796485 0.01824354507280929 0.012105780398460622 0.006977575270256639 0.006327615473955524 0.005076833735369187 0.00552800857678783 0.004795407844187261 0.006155632984899902 0.008221656392386263 0.011616635397120607 0.01810283212721833 0.03389841865450864 0.04399401411595551 0.6567430536941266
0.03270503247737483 0.031635099860365584 0.0134462453712084 0.010756237479507847 0.007516086930125236 0.004993018879376482 0.004017938444726212 0.004215230984032882 0.0046211983245292975 0.006305773083224706 0.009720451648147832 0.02509029927759626 0.056714016876078764 0.0480521155830571 0.009329660656828852 0.012129697080065817 0.005531779275175465 0.015969313421957152 0.004624992411823656 0.010464092757842202 0.00582392399684111 0.014975262550835087 0.012596369817271977 0.03103563406785686 0.08117070357551708 0.5365598251682538
0.039589649029590335 0.02832765571771911 0.016192143013404978 0.012423039659966181 0.00936337781666885 0.007717911054160122 0.007225677407255801 0.006822514610743691 0.007449135856485382 0.008641435134542514 0.01063380941963143 0.01460293152482817 0.030096571553578446 0.017150045316745764 0.010121261368251692 0.008567990749131392 0.006800637559770166 0.007292871206674486 0.006542800887582189 0.007397568522047786 0.0084648560802562 0.011685470512858755 0.016518736131509747 0.03152639309934814 0.044172891208543896 0.6246726255585485
0.043781368319088715 0.03969358105132524 0.013352998150917198 0.006892225059433193 0.004241877256316756 0.0030840010566163855 0.0023817909659235754 0.0021748701241520265 0.0023707845381697695 0.0028770802148448365 0.003478031170202633 0.005972087699215028 0.008296645240818813 0.007761732851983851 0.003918288280354865 0.0037708021484538674 0.0024236153913880375 0.002888086642598642 0.002212291978514966 0.0034560183146950217 0.004431187813682216 0.008078717971293458 0.015034780311698725 0.036801091837625075 0.04178480232454834 0.7288412432859186
0.035435466946481926 0.03123093066429646 0.014201307611589782 0.009102429574621915 0.006731778190329589 0.0057631770118649 0.004915650980708297 0.005182016304786086 0.0054984260230845515 0.006687383969649957 0.00886996529179039 0.01730567438856911 0.029931390749856332 0.021105819678745575 0.00827911857292693 0.007451771732988341 0.005414480587617612 0.007758495439502159 0.004986681733795707 0.006485592057469814 0.006956977964322629 0.011229316329000628 0.01569941076761517 0.03191056582451918 0.080920171119535 0.6109460004842513
0.03843645833332933 0.03341562499999652 0.012642708333332016 0.008668749999999097 0.00658541666666598 0.005390624999999438 0.0047999999999995 0.005744791666666069 0.007151041666665922 0.009943749999998964 0.014765624999998462 0.02543437499999735 0.03561249999999629 0.03278020833332992 0.019567708333331296 0.013896874999998553 0.00924895833333237 0.007999999999999167 0.006817708333332623 0.007237499999999246 0.007723958333332529 0.009988541666665626 0.014482291666665158 0.030991666666663437 0.041788541666662314 0.5888843749999386
0.027826086956469136 0.02345935727783845 0.006937618147434901 0.003553875236288178 0.0021550094517917675 0.0021739130434741513 0.0026275992438513657 0.005236294896020347 0.007051039697529204 0.010775047258958836 0.011398865784477507 0.01637051039694448 0.019659735349679283 0.06213610585999596 0.011587901701301346 0.021020793950810926 0.00746691871454165 0.03272211720220657 0.005614366729668026 0.01708884688087507 0.00871455576557899 0.021077504725858075 0.011568998109618962 0.02277882797727263 0.1893383742907574 0.44965973534886644
0.029603024574613227 0.023894139886533283 0.008884688090720445 0.006843100189022981 0.005765595463127097 0.004517958412089758 0.0033837429111467227 0.005879017013221401 0.005160680529290812 0.006427221172010535 0.006105860113410007 0.009111531190909052 0.009489603024556731 0.052173913043379636 0.006994328922482052 0.02119092627595238 0.007107750472576356 0.03676748582223673 0.0067296786389286775 0.020982986767446157 0.006124763705092392 0.024593572778781485 0.01449905482038847 0.02844990548198781 0.12542533081261734 0.5238941398855881
0.024971644612429164 0.025255198487664925 0.0076370510396831055 0.005500945179573722 0.0031758034026404995 0.002192816635156535 0.002003780718332696 0.0037051039697472495 0.0031568998109581157 0.006559546313787222 0.006578449905469606 0.010850661625688374 0.008790170132308525 0.056086956521633105 0.006011342154998088 0.022287334593530647 0.0037240075614296334 0.03587901701316469 0.0036672967863824813 0.01767485822302897 0.004536862003772142 0.023931947069898048 0.010151228733440168 0.026408317580290344 0.19648393194669853 0.48277882797640304
0.039249999999672915 0.032666666666394444 0.015833333333201388 0.011333333333238889 0.008749999999927083 0.007583333333270138 0.008666666666594445 0.010749999999910416 0.013083333333224305 0.015499999999870832 0.012333333333230554 0.022999999999808333 0.021249999999822914 0.01799999999985 0.007583333333270138 0.007499999999937499 0.002166666666648611 0.0039166666666340276 0.0027499999999770833 0.0032499999999729165 0.00224999999998125 0.004833333333293055 0.005749999999952083 0.023999999999799997 0.09924999999917292 0.5987499999950103
0.046704119850143534 0.04085205992505538 0.015337078651671032 0.010393258426956561 0.008024344569280877 0.004953183520594613 0.004428838951306715 0.003913857677898957 0.0036142322097344436 0.00394194756553938 0.004719101123591087 0.006151685393252667 0.007621722846434811 0.008698501872651032 0.00582397003744773 0.007219101123588746 0.0046535580524301 0.005421348314601665 0.0045880149812691125 0.005327715355800255 0.005795880149807307 0.008099250936322005 0.01280898876403295 0.03518726591757005 0.04645131086137973 0.6892696629207029
0.04959664209663194 0.03740990990990225 0.021519246519242113 0.011924651924649483 0.006699426699425328 0.00409909909909826 0.003095823095822462 0.0026863226863221364 0.0025737100737095466 0.00248976248976198 0.0032903357903351165 0.004494266994266074 0.006648239148237787 0.006285831285829999 0.0038083538083530286 0.003757166257165488 0.002743652743652182 0.003564701064700335 0.0029217854217848237 0.004119574119573276 0.005628583128581976 0.010376740376738252 0.01964168714168312 0.036607289107281615 0.04555487305486373 0.6984623259621829
0.013417213712613634 0.012520058351563633 0.005652808169217486 0.0049270605397502085 0.003471918307803256 0.002151714077315043 0.0017250182348644328 0.0024835886214432954 0.0027935813274971577 0.004091903719910981 0.00431801604667968 0.008712618526619725 0.016725018234858963 0.044128373450020374 0.0055105762217339494 0.015678336980300626 0.004062727935811793 0.02583515681983011 0.0028300510576211415 0.014803063457325016 0.004649890590807932 0.01895696571844677 0.010718453683438834 0.020922684172129495 0.4758205689276164 0.27309263311441534
0.038974583151165317 0.032329981889694416 0.02309373633920996 0.01817273465308301 0.01243364766126745 0.009617186036339464 0.00769374882907157 0.008561793542741171 0.00806219946293133 0.009230000624486836 0.009916942484225368 0.017460813089353988 0.024242802722772596 0.01920314744269081 0.01082870167987833 0.011865359395483754 0.008505589208762564 0.00876787610066273 0.007181664897266482 0.008274526946850512 0.00911759195652962 0.013676387934794431 0.018647349028902364 0.0273902454255746 0.12700306001365952 0.5097483294819773
0.026550844130346824 0.02424224577934587 0.009653513937965288 0.006672555948173668 0.005522182960344963 0.0049087161366308495 0.004816450726344247 0.005409305064781566 0.006313309776206683 0.00846387907341888 0.012326266195522935 0.022843541421277695 0.03430899096976499 0.02701217118177984 0.011128778955632987 0.010417157440124615 0.005861798193953095 0.008391244601491127 0.00446800157047463 0.005388692579504771 0.005436788378483958 0.00902336081664615 0.009848841774635861 0.02025912838633488 0.18554475853943997 0.5251874754612755
0.03215500945173506 0.02672967863889087 0.007088846880893972 0.002722117202263285 0.00202268431001508 0.002211720226838919 0.0016635160680497853 0.002797731568992821 0.002192816635156535 0.003761814744794401 0.0040831758033949275 0.008317580340248928 0.009092627599226667 0.043478260869483025 0.004196597353489232 0.017334593572746058 0.005330812854432267 0.027769376181421987 0.0025897920604865976 0.016578449905450703 0.004933837429102204 0.020245746691833183 0.0101134215500754 0.026521739130384647 0.1903780718332885 0.5256899810954145
0.027863894139833905 0.02773156899805722 0.007107750472576356 0.004971644612466972 0.002967863894134276 0.002495274102074678 0.0018525519848736247 0.0035160680529234102 0.0024385633270275265 0.005122873345926044 0.004990548204149356 0.008487712665390383 0.010094517958393015 0.04879017013223291 0.006238185255186695 0.015349716446095747 0.004215500945171615 0.029395085066107003 0.0034215500945114904 0.013837429111505033 0.006030245746680472 0.017372400756110826 0.010529300567087846 0.027523629489550994 0.18542533081250392 0.5222306238175383
0.00825511898173723 0.00777808522412796 0.003939679026009744 0.002791920309905767 0.00214720531267282 0.0017897066961814175 0.0015633646928610093 0.001818483674598682 0.002022136137243939 0.0033729939125620714 0.004313226342003082 0.011804095185389498 0.019255672385167722 0.03584947426673847 0.006670171555063273 0.009251245157719466 0.00401383508577731 0.01237520752628598 0.0034488101826229416 0.008501936912008385 0.0049446596568896 0.011354178195904186 0.00880298837852746 0.01521804095185306 0.598677919203066 0.2100398450470277
0.03512287334586933 0.0335160680528667 0.006257088846869079 0.003251417769370035 0.0019659735349679282 0.002098298676744616 0.002079395085062232 0.003553875236288178 0.003913043478253472 0.006654064272199141 0.009187145557638587 0.011323251417747971 0.010415879016993543 0.03697542533074296 0.006181474480139544 0.015255198487683827 0.004366729678630687 0.021644612476329594 0.0025897920604865976 0.012627599243832463 0.0033270321360995706 0.014045368620011257 0.009621928166333418 0.02914933837423601 0.0944234404535077 0.6204536861992052
0.04300602409635963 0.03866867469877189 0.015126506024087273 0.007536144578308713 0.004873493975900678 0.0034698795180701987 0.00321686746987758 0.003379518072287121 0.0032530120481908116 0.003933734939756666 0.004945783132527141 0.008524096385537033 0.014963855421677733 0.012638554216859856 0.006138554216863772 0.004873493975900678 0.0033975903614437363 0.003969879518069898 0.0027590361445766513 0.0034578313252991216 0.004783132530117601 0.007427710843369019 0.014271084337340801 0.035879518072267545 0.040036144578289135 0.7054698795176473
0.043100189035835346 0.03283553875230088 0.005727788279762329 0.0015500945179554818 0.0011720226843078033 0.001209829867672571 0.001039697542531116 0.0024007561436627583 0.002287334593568455 0.0034404536861938743 0.0031379962192757314 0.004310018903583535 0.0038374291115239366 0.03300567107744233 0.004291115311901151 0.013837429111505033 0.0037429111531120172 0.02368620037802706 0.003478260869558642 0.01671077504722739 0.0031947069943228834 0.016030245746661568 0.009338374291097658 0.031342155009392546 0.06262759924373794 0.6726654064259496
0.03272705078124501 0.029008483886714325 0.013995361328122865 0.01028747558593593 0.008674621582029926 0.007646179199217583 0.008169555664061254 0.009866333007810995 0.011921691894529431 0.014901733398435226 0.017619323730466062 0.022428894042965327 0.02724761962890209 0.02118072509765302 0.014582824707029025 0.011755371093748206 0.009072875976561116 0.008004760742186279 0.006845092773436455 0.006604003906248992 0.006413269042967772 0.007650756835936332 0.010652160644529625 0.024081420898433827 0.07808380126951933 0.5805786132811614
0.051020408163213245 0.04586734693872871 0.00843877551019547 0.00358163265305757 0.002153061224487599 0.001479591836733184 0.0010918367346927633 0.00104081632652955 0.001020408163264265 0.0009387755102031237 0.001132653061223334 0.0017346938775492503 0.002826530612242014 0.00392857142856742 0.0019285714285694605 0.0024489795918342357 0.0011734693877539046 0.0024897959183648065 0.0013061224489782591 0.0020714285714264575 0.002316326530609881 0.003724489795914567 0.006877551020401145 0.036795918367309395 0.05551020408157601 0.757102040815554
0.040411417850433215 0.030976949879381984 0.020461449119981136 0.01619985705351197 0.014404091843113016 0.012034307156255688 0.010363620119715367 0.010656213704991813 0.010930938979717026 0.013061735012951608 0.015163495041540435 0.02057759313856415 0.026889573840787346 0.020215759849901677 0.013727329580985052 0.012116948092555143 0.010372554274990982 0.010008487447509602 0.009666756008217264 0.010997945144284151 0.012143750558381992 0.01634280353792184 0.02080094702045457 0.028975699097643845 0.0439873134994988 0.5485124631464869
0.030850661625650564 0.023005671077461237 0.009262759924368123 0.006635160680516758 0.00650283553874007 0.006616257088834373 0.004102079395077312 0.005330812854432267 0.005897920604903784 0.0074858223062240345 0.006427221172010535 0.008544423440437534 0.00877126654062614 0.0419848771265747 0.007429111531176882 0.017693761814711353 0.007240075614353044 0.028166351606752047 0.004933837429102204 0.017504725897887513 0.007088846880893972 0.021398865784458602 0.01151228733457181 0.02379962192812136 0.19028355387487658 0.4915311909253468
0.020548204158751325 0.013610586011316426 0.006710775047246293 0.006238185255186695 0.007448015122859267 0.009829867674839642 0.012079395085043328 0.017221172022651755 0.021550094517917673 0.03005671077499044 0.030378071833590967 0.03440453686193874 0.03667296786382481 0.07015122873332674 0.02759924385628053 0.031342155009392546 0.015274102079366211 0.03502835538745741 0.009319470699415276 0.019187145557619682 0.009527410207921498 0.02051039697538656 0.010132325141757784 0.02047258979202179 0.1783931947066571 0.30631379962134914
0.027485822306186226 0.02105860113417569 0.006956521739117284 0.00404536862003016 0.002003780718332696 0.0017958412098264729 0.0023629489602979906 0.006275992438551463 0.00544423440452657 0.0071833648393058915 0.00669187145556391 0.01126654064270082 0.01035916824194639 0.05079395085056561 0.009168241965956203 0.019962192816597425 0.007693761814730258 0.02962192816629561 0.005973534971633321 0.015727788279743426 0.004461247637042606 0.018941398865748693 0.00896030245744998 0.026691871455526102 0.276862003780195 0.4122117202260639
0.03761814744794401 0.03328922495267809 0.007504725897906418 0.0028544423440399727 0.0016446124763674014 0.0014933837429083302 0.0014177693761787944 0.0037051039697472495 0.002287334593568455 0.0053497164461146504 0.0038185255198415527 0.007410207939494499 0.006332703213598615 0.03620037807176522 0.005614366729668026 0.014763705103941845 0.003913043478253472 0.028393194706940655 0.002306238185250839 0.013062381852527291 0.004499054820407374 0.020264650283515567 0.011871455576537104 0.031228733459298243 0.05931947069932075 0.6538374291102952
0.039565253229386727 0.02908988142198719 0.02455636282278663 0.01629947128574914 0.011068850605840333 0.00930725480729383 0.008108521837427291 0.007679898260775602 0.008473558399960323 0.009841856740809948 0.012465409841853806 0.02341886179244176 0.043156741989792365 0.024850747147410042 0.012821026105998888 0.010899285234857248 0.008702000635868092 0.008855080484672267 0.008384065565274806 0.009575733311350382 0.011205444932465596 0.015614144578025832 0.02240382464114023 0.025057993711944924 0.04449442436088115 0.55410430625377
0.03376181474473769 0.0292816635160127 0.0053497164461146504 0.002419659735345142 0.0012854442344021068 0.0009262759924368124 0.000737240075612973 0.001984877126650312 0.0014933837429083302 0.0026465028355337496 0.0019092627599207764 0.003761814744794401 0.004782608695643133 0.0411531190925498 0.007769376181459793 0.017712665406393737 0.0035160680529234102 0.028298676748528734 0.0039319470699358565 0.013232514177668747 0.0039319470699358565 0.018374291115277174 0.010321361058581623 0.029035916824141708 0.18478260869530286 0.5475992438552976
0.02625468164791549 0.02370786516851713 0.011161048689128126 0.009971910112350213 0.007546816479393682 0.007696629213475939 0.008361423220965954 0.011722846441936588 0.014372659176016505 0.022059925093612303 0.030945692883866154 0.052284644194707595 0.06749063670405665 0.06078651685387567 0.027556179775255096 0.01970037453181676 0.013239700374519438 0.013108614232197464 0.008913857677894276 0.008998127340815544 0.007705992509356081 0.009007490636695686 0.010983146067405447 0.021189138576759185 0.026732209737802683 0.478501872658728
0.045066497892222286 0.03762199871700341 0.016635928335774743 0.01052024147727122 0.0065524193548377714 0.005414051044720632 0.004655138837975873 0.004322935758797035 0.004152538489735476 0.004111013104838121 0.004554905150292603 0.00629610749633341 0.009294526667887233 0.006460777126098782 0.004342982496333689 0.00457781570747735 0.003606980846773677 0.004540586052052136 0.004476150109970034 0.005900900384896515 0.007395814241201287 0.011390842650291624 0.017973332111434377 0.03473240469207714 0.04676044721406955 0.6886426640394908
0.03603488465557142 0.027992926613614022 0.014372638855396322 0.010581946788842491 0.009065991479783856 0.008796720520857745 0.008648822441925197 0.009966240655895029 0.010599630254801817 0.0133397636845902 0.015576722128445016 0.021100393859012856 0.024888674543844958 0.026564584840444775 0.01759263724780825 0.01637167430270747 0.012535969777348081 0.013961096374888357 0.010899445382203127 0.012018326501084156 0.011426734185353957 0.014457037215656745 0.01580901856763799 0.027162607507432913 0.07751627682661542 0.5327192347881575
0.059724334600703685 0.04978136882124545 0.0060171102661539765 0.0018821292775647509 0.0006844106463871822 0.00039923954372585624 0.00035171102661563525 0.00039923954372585624 0.000484790874524254 0.0005038022813683424 0.0006653992395430937 0.0006083650190108285 0.0009600760456264638 0.002167300380226077 0.0006844106463871822 0.002328897338400828 0.0006939163498092263 0.001739543726234088 0.0010456273764248615 0.0022623574144465188 0.00224334600760243 0.003954372623570386 0.007328897338396075 0.040798479087413686 0.058916349809829925 0.7533745247141127
0.03722415795585696 0.03310327883497876 0.016532654337528693 0.009765031716249047 0.005851871705528935 0.004688197980879861 0.003989100330562855 0.004520682569462048 0.005545876887339063 0.007319306709548977 0.01045742875010934 0.01821227552934463 0.029065040650400012 0.027300544983465715 0.01391941391941081 0.011947199142318425 0.008398105959079694 0.009845439113729598 0.007754846779235291 0.008949790047349023 0.009555079067272055 0.014142767801301227 0.01870365406950355 0.03186589832930584 0.07372911641202677 0.5776132404179894
0.03015624999999686 0.02588020833333064 0.010644791666665558 0.007839583333332517 0.006657291666665973 0.006129166666666028 0.005806249999999395 0.006711458333332634 0.007949999999999171 0.010687499999998887 0.017383333333331523 0.03911145833332926 0.06061041666666035 0.03892291666666261 0.0179229166666648 0.010918749999998863 0.007955208333332504 0.006521874999999321 0.005293749999999448 0.005268749999999451 0.005546874999999422 0.007022916666665935 0.010407291666665583 0.027085416666663847 0.034652083333329725 0.5869135416666055
0.03160680529294592 0.029432892249471772 0.006748582230611061 0.0031758034026404995 0.0013799621928140264 0.0017013232514145533 0.0012287334593549552 0.0031568998109581157 0.0017580340264617051 0.00404536862003016 0.003572778827970562 0.006918714555752516 0.005784499054809481 0.047410207939418886 0.004328922495265919 0.018279773156865256 0.0028733459357223566 0.03117202268425109 0.0023818525519803744 0.01633270321357971 0.0034404536861938743 0.01945179584117306 0.009735349716427722 0.027221172022632852 0.1885255198484149 0.5283364839309483
0.04175067464865264 0.04674462607393724 0.010732342814586786 0.007196252985503278 0.0044821489500225156 0.0029002140264851573 0.0030397965197384537 0.0033189615062450464 0.004265020627184055 0.004513167281856582 0.00535066224137636 0.008126802940525254 0.010980489469259313 0.00942957287755602 0.004885387263865372 0.0057849188870532815 0.003163869847074717 0.0037997456496730673 0.002357393219389005 0.0032569248425769145 0.0030242873538214206 0.006250193864564269 0.011538819442272497 0.03404261918788728 0.0496913675981735 0.7093737398791691
0.028376202425760312 0.027521957340022215 0.013083437892093989 0.007961104140526143 0.005798828941864722 0.005554161438727985 0.005483061480551497 0.007749895441237165 0.009368465077372504 0.013789209535757655 0.020033458803845668 0.03498222501045222 0.05304161438728011 0.039416562107900524 0.024078837306563773 0.01827582601421808 0.011904015056460486 0.009533667921370814 0.007156001672939444 0.006500418235047417 0.005482015892931255 0.007206189878711082 0.011387494772060709 0.030467377666245247 0.0382883730656589 0.5575595984942955
0.02593591088868949 0.021988861086445884 0.009201711195414545 0.006760836225683529 0.006323351360076978 0.006274921301153744 0.005866494470901133 0.008183872790377902 0.009131487609975855 0.013141496488819668 0.016740657034464708 0.032118007910240366 0.04319396238598409 0.04585761562676198 0.021022681410927356 0.01987731051739286 0.012822665267575042 0.014903543465976683 0.009078214545160298 0.011318104770359891 0.008909516506577697 0.012553878440551091 0.013056743885704008 0.027612398095082123 0.08176850431834033 0.5163572524012822
0.035179584120916485 0.029073724007506477 0.0090548204158619 0.004801512287325517 0.003553875236288178 0.003761814744794401 0.0033648393194643388 0.004820415879007901 0.0036672967863824813 0.005368620037797035 0.00457466918713691 0.007164461247623507 0.006332703213598615 0.03451795841203305 0.0038563327032063205 0.015633270321331504 0.003572778827970562 0.030982986767427254 0.0036483931947000974 0.018374291115277174 0.003969754253300624 0.022835538752319782 0.012514177693738159 0.030415879016955735 0.07606805292991291 0.6228922495262327
0.04584122005298636 0.03942188091502909 0.01361743550916294 0.006962846790328548 0.00418041209236813 0.0034313990590007486 0.002977124006272517 0.0028446271158934495 0.003012276242495535 0.0032313017143466467 0.004299388891892191 0.006489643610403307 0.008509545184141336 0.006619436482611373 0.003974906711372026 0.003993834838569035 0.002890595424800473 0.00327727002325367 0.002917635606510487 0.0034719593315657694 0.004156075928829118 0.0072684008436517036 0.012811638094204528 0.03209939970795736 0.08720458601479444 0.6844951598072888
0.03681294039535503 0.027964939357198643 0.016213853761093515 0.011383813161166432 0.009520925755060727 0.009379729907850963 0.009685382189816608 0.010890443856898788 0.012045719705022611 0.014477471304800026 0.017524608273341385 0.023904130468226488 0.0319694331394802 0.027639699212036267 0.02074273096437087 0.01719161459899697 0.014296283570230271 0.013169165275451748 0.011582140276033328 0.011221805209310142 0.011473182787001514 0.013045108808539123 0.016876576465916223 0.02689495233007725 0.03892883770108517 0.5451645115255989
0.03531988312667098 0.02824045953417861 0.014080303284180463 0.011175488019435534 0.009671372319033587 0.00950381199731779 0.00931792476541433 0.01034161360589677 0.012296047670909919 0.016117208445038105 0.02143986678954143 0.030257728719835182 0.040461890499324464 0.03279600578082681 0.0228379482238576 0.018744501926941246 0.014992721598523507 0.013633912114609474 0.01108385346849721 0.01083644018096373 0.010620444453751961 0.01234448307640589 0.014404951407504817 0.024421916890077233 0.03665382037533032 0.5284054017258022
0.03287334593566565 0.02754253308123338 0.007202268430988275 0.003478260869558642 0.0016257088846850175 0.0017202268430969371 0.0017580340264617051 0.003553875236288178 0.003043478260863812 0.005368620037797035 0.0047448015122783654 0.006786389413975829 0.005576559546303258 0.04593572778819294 0.0057088846880799455 0.015198487712636675 0.004990548204149356 0.02947069943283654 0.004366729678630687 0.014971644612448069 0.00544423440452657 0.015954631379932034 0.009999999999981097 0.026597353497114184 0.18769376181439 0.5283931947059954
0.041030840563025486 0.034988878806652385 0.01312411473087637 0.008725433781868481 0.007148548158639237 0.005707219369687596 0.004874513101982328 0.004922926257081472 0.005317147662888783 0.005881506728044513 0.006860835694050042 0.009494511331443446 0.013178060817986845 0.011074163420678355 0.007513721671387062 0.006100057542492074 0.005228620750707492 0.005171908197591352 0.0046462796565149385 0.005395991944050245 0.00582894387393687 0.008054565775494637 0.012591570024785793 0.03355169971670924 0.039714002744328784 0.6938739376769578
0.030907372400697717 0.029584120982930843 0.009489603024556731 0.005803402646491865 0.003289224952734803 0.0030812854442285797 0.0029111531190871244 0.004328922495265919 0.003289224952734803 0.004990548204149356 0.004555765595454526 0.008487712665390383 0.008298676748566543 0.0382230623817803 0.006030245746680472 0.01648393194703878 0.00438563327031307 0.02442344045364003 0.004196597353489232 0.015973534971614415 0.006918714555752516 0.01998109640827981 0.014914933837400916 0.034933837429045496 0.11795841209807569 0.5765595463127097
0.045296167247376645 0.038928348074680846 0.016816313767529522 0.009735995711603293 0.005603948896630572 0.003343607611899548 0.002816492450638163 0.002767354596622271 0.0029013669257565216 0.0036518359689083238 0.004449209327257114 0.00831099794514243 0.01346377200035436 0.009197712856247387 0.0041074778879647755 0.003955597248279292 0.0028745644599296716 0.003922094165995729 0.0029907084785126886 0.003951130170641483 0.005065666041274666 0.009077101760026561 0.017450638792098308 0.036527293844358856 0.04621415170194626 0.6965804520681014
0.030214211076264257 0.027032392894447737 0.007779519331239404 0.0053866248693806755 0.004195402298848383 0.004874608150467673 0.005308254963424604 0.007194357366767401 0.00962382445140563 0.014226750261225586 0.019801462904900834 0.029994775339587255 0.03684430512014794 0.036358411703220295 0.022277951933112706 0.016112852664568383 0.01066353187042285 0.008730407523506411 0.005914315569484893 0.005026123301982745 0.003881922675024095 0.004932079414835458 0.006745036572619255 0.02505224660395765 0.030350052246588113 0.6214785788920473
0.043352604166664414 0.02794583333333188 0.018246874999999052 0.014039583333332602 0.011681249999999392 0.00995572916666615 0.008731249999999545 0.008114062499999578 0.008403645833332897 0.009794791666666157 0.013329166666665974 0.02215677083333218 0.03046354166666508 0.023091145833332133 0.013860416666665945 0.010060416666666143 0.007989062499999585 0.00736927083333295 0.007132291666666296 0.00800885416666625 0.009233854166666186 0.011807291666666053 0.01614739583333249 0.03121927083333171 0.03915937499999796 0.5887062499999693
0.04923023336813011 0.03701846046671054 0.01433646812956159 0.010080111459414781 0.00835249042145012 0.007342389411349814 0.006269592476484661 0.007237896203408403 0.006534308603269569 0.008220132358057667 0.008136537791704538 0.0100592128178265 0.009550679205844967 0.01841170323927662 0.006527342389406808 0.01033089515847417 0.005538140020894784 0.01242075931730239 0.00560083594565963 0.009606408916747052 0.007997213514449323 0.010881226053632266 0.013695576454187603 0.032859630790642386 0.04773249738763655 0.6360292580977805
0.02737400530503759 0.022855879752429642 0.013315649867372936 0.010764408005786453 0.009811912225704541 0.00943975564665144 0.008966321035285833 0.009905956112851869 0.01116550116550027 0.015116148219595282 0.019242826139376317 0.034793023068882344 0.05579133510167545 0.04168957479301972 0.02165260027328819 0.018172172654929816 0.012879189775740466 0.013943412908929032 0.010461377702756174 0.011398601398600484 0.01078611044128199 0.013911261152639347 0.015117755807409766 0.025349248452694692 0.0686665059078797 0.4874294670846004
0.03008511979823139 0.028375367801594328 0.015142917192095928 0.009816099201344072 0.006852669188734043 0.005935266918872853 0.006114964270701333 0.007055485498107707 0.008596048759982282 0.011419714165614605 0.01614754098360486 0.0282639764606948 0.04596994535518643 0.02715216477511274 0.013501471206387821 0.009776166456493297 0.007264606977720968 0.0063965952080699455 0.005415090374106198 0.005678856662462623 0.006828499369482258 0.009514501891550071 0.013682219419922901 0.03152900378309883 0.03602459016393064 0.6074611181167919
0.043286408011265334 0.04437619514894632 0.008862973027373808 0.0027346895128820175 0.0013995823268918893 0.0010316022544281792 0.0009388209541061326 0.0009844253220610368 0.0010032960950078938 0.0011825684380030346 0.0016338944243153631 0.0036420591787433886 0.007222788345409492 0.005642361111110224 0.002075785024154263 0.0016920793075681719 0.0012549064009659862 0.0017534093196454568 0.0013413974436390806 0.002042761171497263 0.0023352581521735457 0.004340277777777095 0.010500012580513647 0.04387769223026685 0.046033678039445254 0.758811078401652
0.05544423440443205 0.047145557655865505 0.00852551984875515 0.0036105860113353296 0.0020604914933798476 0.0013232514177668748 0.0011909262759901872 0.0017958412098264729 0.001739130434779321 0.0018336483931912406 0.0013232514177668748 0.002003780718332696 0.002722117202263285 0.004102079395077312 0.001739130434779321 0.003553875236288178 0.0011153119092606515 0.003478260869558642 0.0010964083175782676 0.002268431001886071 0.001512287334590714 0.0033837429111467227 0.0067296786389286775 0.03584120982979992 0.05037807183355316 0.7540831758019771
0.031965973534911214 0.023856332703168514 0.009206049149320971 0.007674858223047873 0.004499054820407374 0.004064272211712544 0.005236294896020347 0.0068241965973405965 0.006635160680516758 0.009395085066144811 0.00871455576557899 0.013931947069916953 0.010945179584100292 0.052173913043379636 0.006200378071821927 0.019999999999962194 0.0033270321360995706 0.03156899810958116 0.003459357277876258 0.01854442344041863 0.005727788279762329 0.021550094517917673 0.010907372400735525 0.02765595463132768 0.18523629489568008 0.47069943289135974
0.030838470472609927 0.025486911462515527 0.013070669168227224 0.00967569016349288 0.007156258375768973 0.005579379969622626 0.005367193781826729 0.006077459126238256 0.007169659608682397 0.009963816671131519 0.018415527561864913 0.05216876619314478 0.09337309032428898 0.0526043062628311 0.0175533815777679 0.008969891896719161 0.00532475654426755 0.004438041633162593 0.004087376038594638 0.004652461359777394 0.0052666845349760415 0.007319306709548977 0.01053113553113318 0.024939694451884004 0.041720271598311064 0.5282497989813884
0.041984036109572534 0.031218366771198942 0.018150213239069152 0.014337631303822398 0.0107947096795561 0.00899835714640937 0.008181078973130142 0.008807520618638586 0.009102072650632622 0.011060221370367626 0.012292361560539863 0.01534574600487241 0.017714608121331493 0.018623155938327182 0.013184314896859834 0.012445860506790276 0.009969134265939011 0.010151673553371935 0.009043991968267601 0.010703440035839638 0.012690629096757153 0.01622525348068559 0.020967126333772686 0.028936625678287392 0.04616169661968514 0.5829101740758604
0.030359168241908582 0.023761814744756592 0.007051039697529204 0.005727788279762329 0.005746691871444713 0.005992438563315704 0.0057088846880799455 0.007580340264635954 0.006030245746680472 0.006635160680516758 0.007315689981082579 0.009829867674839642 0.009206049149320971 0.04155009451787987 0.007844990548189329 0.018468809073689096 0.006389413988645767 0.028922495274047406 0.006937618147434901 0.017693761814711353 0.008109640831742704 0.023232514177649842 0.012627599243832463 0.02604914933832505 0.19172022684273776 0.47950850661535066
0.03960379464285346 0.029845610119044845 0.017816220238093584 0.012460007440475034 0.008542596726189683 0.0069986979166660164 0.00608258928571372 0.006476004464285113 0.007280505952380276 0.009586123511903872 0.013608630952379687 0.02647228422618802 0.04087053571428192 0.03355747767856831 0.013926711309522517 0.009684709821427672 0.00692708333333269 0.006718749999999376 0.006086309523808959 0.007391183035713599 0.009280133928570567 0.013401227678570184 0.019447544642855336 0.028232886904759284 0.04997209821428107 0.5697302827380423
0.030850661625650564 0.030453686200320504 0.008468809073707999 0.004612476370501678 0.003497164461241026 0.003572778827970562 0.0029111531190871244 0.005576559546303258 0.005160680529290812 0.006994328922482052 0.0071833648393058915 0.015482041587872435 0.017107750472557453 0.049924385633175944 0.008071833648377935 0.017599243856299435 0.007353497164447347 0.0308128544422858 0.0070321361058468205 0.020623818525480862 0.00756143667295357 0.02330812854437938 0.013459357277857355 0.027429111531139076 0.057863894139777196 0.5870888468797976
0.030716013546199752 0.025934526689241583 0.010202386711819852 0.00786324786324723 0.0062570553136585836 0.0059595226576353855 0.005741009514593958 0.006810998226092017 0.007862441541686192 0.010720851475567594 0.01578455087888923 0.02958474439606277 0.0403692952749524 0.03584260603128239 0.017333494597644144 0.013081761006288255 0.008763909046927209 0.00998145460409531 0.006290114497661161 0.0069521044992737506 0.006505402354458434 0.008899371069181674 0.010239477503627623 0.02629092081922059 0.07449201741653971 0.5715207224640727
0.04729629629627878 0.04786666666664894 0.012618518518513845 0.00490740740740559 0.002411111111110218 0.0015666666666660865 0.001137037037036616 0.0010407407407403552 0.0007962962962960013 0.000914814814814476 0.00104814814814776 0.0012666666666661976 0.0016037037037031098 0.0029037037037026284 0.0014444444444439094 0.002362962962962088 0.0013222222222217324 0.0024037037037028136 0.0015777777777771934 0.002622222222221251 0.003214814814813624 0.0071333333333306916 0.014129629629624397 0.039559259259244604 0.045174074074057345 0.7516777777774993
0.03384615384615113 0.027061329475120407 0.014961819789404794 0.012144522144521169 0.009959006510729848 0.008455108110279845 0.007152961980547613 0.007561289285426609 0.008262197572541737 0.011654207861103476 0.014434530986253965 0.024426493047180742 0.033362269913991376 0.035890201752267835 0.019170484687724528 0.015708544329232722 0.010937223695843507 0.013234466682741482 0.011209709830398585 0.013606623261794583 0.01437906920665426 0.017417410176029467 0.017397315328348414 0.025585563861423875 0.07078450285346269 0.521396993810745
0.03650283553868336 0.03043478260863812 0.004650283553866446 0.001739130434779321 0.0011531190926254195 0.0013799621928140264 0.0013232514177668748 0.003478260869558642 0.0024574669187099104 0.004366729678630687 0.0034404536861938743 0.005822306238174249 0.004555765595454526 0.04678638941390022 0.0033270321360995706 0.017882797731535192 0.002797731568992821 0.0309262759923801 0.0019659735349679282 0.015879017013202497 0.002514177693757062 0.017561436672934666 0.007750472589777409 0.02971644612470753 0.18684310018868272 0.5347448015112765
0.04698182938094293 0.03758854327069213 0.013278924135092249 0.01006056873010468 0.007776408992912547 0.006318653115693297 0.0060620059542110345 0.006729288574064917 0.007088594600140084 0.008315368032025297 0.01002977107072681 0.013176265270499345 0.015506621496758285 0.013422646545522316 0.008669541114870819 0.007673750128319641 0.005748896417202675 0.006349450775071168 0.005702699928135868 0.00574376347397303 0.005800225849499127 0.006749820346983498 0.009870649830607807 0.03477569038084654 0.04719228005335838 0.6533877425312322
0.036616257088777665 0.03357277882791385 0.006465028355375302 0.0036294896030177135 0.0012854442344021068 0.0017958412098264729 0.0015689981096378657 0.0035916824196529458 0.0017958412098264729 0.0044423440453602225 0.002722117202263285 0.005784499054809481 0.004914933837419821 0.03395085066156153 0.003345935727781955 0.01310018903589206 0.0020415879016974637 0.019924385633232657 0.0017013232514145533 0.012230623818502399 0.002948960302451892 0.015765595463108194 0.011020793950829829 0.037750472589720696 0.06965973534958476 0.6683742911140484
0.05165079365077315 0.03923412698411141 0.014968253968248028 0.008507936507933132 0.005107142857140831 0.003992063492061908 0.0035277777777763778 0.003277777777776477 0.0030714285714273527 0.0031507936507924003 0.003650793650792202 0.004313492063490351 0.0045674603174585045 0.005519841269839079 0.004325396825395109 0.004519841269839476 0.003178571428570167 0.003920634920633365 0.0034166666666653107 0.0044246031746014184 0.0053055555555534505 0.008059523809520611 0.012813492063486979 0.032988095238082146 0.0843809523809189 0.678126984126715
0.050852808141702385 0.04321993969089558 0.008758952129660404 0.0042734640030134404 0.0024170750094221556 0.0014747455710509448 0.0012485865058418542 0.0012815680361848466 0.0013004146249522709 0.0014558989822835205 0.0017009046362600354 0.0020542781756492396 0.003430079155671207 0.003491330569165336 0.0021437994722945043 0.0025772710139452615 0.0018846588767424215 0.0024783264229162843 0.0018893705239342775 0.0024689031285325723 0.0031756502073109804 0.0051074255559719626 0.009630606860153774 0.0373963437617615 0.04517056162832399 0.7591170373158881
0.0319848771265936 0.02476370510392294 0.010964083175782676 0.00563327032135041 0.00438563327031307 0.0033837429111467227 0.0031947069943228834 0.005992438563315704 0.005671077504715178 0.008468809073707999 0.0071833648393058915 0.008279773156884159 0.007013232514164436 0.0504536862002827 0.004404536861995455 0.0191682419659373 0.004026465028347776 0.03183364839313453 0.0036483931947000974 0.017221172022651755 0.004215500945171615 0.020737240075575165 0.012930056710750605 0.025954631379913128 0.18977315689945223 0.4887145557646716
0.04483045977010206 0.03814367816090858 0.013255747126432972 0.007614942528733444 0.004951149425285933 0.0033132183908036457 0.002465517241378602 0.002290229885056813 0.0027557471264359895 0.0032959770114933057 0.0039137931034471515 0.005227011494251372 0.006675287356319921 0.005948275862067256 0.003942528735631051 0.0037586206896540924 0.0027701149425279395 0.003620689655171373 0.003238505747125506 0.004520114942527437 0.00540804597700994 0.00808333333333101 0.01218390804597351 0.033784482758610984 0.04378160919538972 0.730227011494043
0.044127257093720215 0.03302334810503122 0.014870031086711102 0.009077319928566105 0.0066492492889736994 0.005797341093987315 0.00531516634698027 0.0056789470203052 0.005860175937561621 0.006883391758713746 0.00774522124479081 0.011582115219259769 0.015815199417949878 0.016911832793173036 0.007126794100138428 0.007417818638798372 0.005106819234075991 0.007816654540643706 0.005062504133870953 0.00690125008267697 0.006678351742839693 0.01056220649513787 0.014573715192802794 0.03263377207487052 0.09039949732124543 0.6163840201071092
0.05119494326810257 0.03407933529883988 0.019804788707223308 0.013787635129095465 0.009849906191367407 0.007585097828998574 0.005825069239702085 0.005749128919859343 0.005452068256945088 0.006088626820332777 0.007484588582147886 0.01231349950861871 0.019534530510135904 0.013830072366654643 0.007464486732777748 0.006526400428837995 0.005487804878047555 0.0063119807022231945 0.005871973554899073 0.007815152327345703 0.009684624318768497 0.013452604306259839 0.017834807468949828 0.032296971321354354 0.05190074153487628 0.6227731617974129
0.037960113927520196 0.034598622803801785 0.015361914348460468 0.010737898060027748 0.0075508441617851575 0.005803612280379844 0.004824190153732839 0.004422412609809031 0.004711234901170629 0.005471895589311077 0.006904568539530491 0.010683565153732 0.016169758876278802 0.011921783491945587 0.0070375411786227126 0.005905129026353475 0.004664051061492745 0.004955732979501488 0.004541087115665529 0.005576271961931853 0.007058988378476297 0.009975807558563728 0.014382492221813464 0.03442704520497312 0.042574121522687906 0.6817793168922891
0.03062381852546196 0.025028355387476317 0.0044423440453602225 0.0021361058601093836 0.0006616257088834374 0.0010964083175782676 0.0005293005671067499 0.0023629489602979906 0.001739130434779321 0.003270321361052419 0.002835538752357589 0.005992438563315704 0.006956521739117284 0.04591682419651055 0.006294896030233847 0.0170510396975103 0.004215500945171615 0.02701323251412663 0.0036294896030177135 0.015349716446095747 0.004064272211712544 0.018260869565182872 0.008884688090720445 0.025879017013183594 0.24930056710727921 0.4864650283544679
0.0318714555764993 0.03153119092621639 0.01098298676746506 0.005671077504715178 0.002967863894134276 0.003005671077499044 0.0026654064272161335 0.005841209829856633 0.004688090737231213 0.007788279773142177 0.006635160680516758 0.012079395085043328 0.01079395085064122 0.03992438563319485 0.007750472589777409 0.01739130434779321 0.0049527410207845885 0.023667296786344674 0.004839319470690284 0.014990548204130453 0.00640831758032815 0.02105860113417569 0.016502835538721165 0.0329300567107128 0.06907372400743086 0.6039886578438488
0.047145557655865505 0.0431568998108825 0.017466918714522748 0.010189035916804935 0.006805293005658213 0.0058601134215390165 0.00553875236293849 0.004782608695643133 0.005368620037797035 0.0052551984877027315 0.005841209829856633 0.007410207939494499 0.007977315689966017 0.009073724007544285 0.005973534971633321 0.005368620037797035 0.0032136105860052673 0.0035916824196529458 0.0029300567107695082 0.005368620037797035 0.004877126654055053 0.006540642722104838 0.01079395085064122 0.02918714555760078 0.06062381852540525 0.6796597353484316
0.027977315689928207 0.025463137996171146 0.012627599243832463 0.007788279773142177 0.00606805293004524 0.005689981096397561 0.005217391304337963 0.008015122873330784 0.009187145557638587 0.012741020793926765 0.013119092627574444 0.020737240075575165 0.02638941398860796 0.054310018903489014 0.014234404536835095 0.02240075614362495 0.00896030245744998 0.03009451795835521 0.01092627599241791 0.019319470699396372 0.0101134215500754 0.021758034026423897 0.014328922495247014 0.028317580340211118 0.12497164461224013 0.45924385633183507
0.01888468809070154 0.019508506616220212 0.002268431001886071 0.0021550094517917675 0.0044423440453602225 0.0028544423440399727 0.0016068052930026337 0.003232514177687651 0.0028733459357223566 0.0044423440453602225 0.0040831758033949275 0.0074858223062240345 0.007051039697529204 0.05287334593562784 0.007202268430988275 0.02712665406422093 0.0067296786389286775 0.03381852551978484 0.007504725897906418 0.02523629489598254 0.011474480151207042 0.03376181474473769 0.015519848771237202 0.025727788279724523 0.17149338374258696 0.5006427221162558
0.02623818525514889 0.025614366729630217 0.008563327032119919 0.004272211720218767 0.002741020793945669 0.0028922495274047405 0.003232514177687651 0.005122873345926044 0.005387523629479418 0.009111531190909052 0.008279773156884159 0.012079395085043328 0.014045368620011257 0.05398865784488849 0.00833648393193131 0.02215500945175396 0.0068241965973405965 0.03423440453679729 0.0044423440453602225 0.01892249527406631 0.004839319470690284 0.021606805292964826 0.009300567107732891 0.024839319470652477 0.18869565217355633 0.47423440453596555
0.044791666666662004 0.037713541666662735 0.01670312499999826 0.009927083333332299 0.006871874999999284 0.00502395833333281 0.004163541666666233 0.0038916666666662615 0.003831249999999601 0.0043718749999995445 0.0060145833333327065 0.012065624999998744 0.02221458333333102 0.015772916666665023 0.005859374999999389 0.004541666666666193 0.003323958333332987 0.0036510416666662862 0.003532291666666299 0.004419791666666206 0.005446874999999432 0.008518749999999112 0.014624999999998476 0.0371385416666628 0.04978958333332815 0.665795833333264
0.03453686200371543 0.03260869565211227 0.007202268430988275 0.004555765595454526 0.0026275992438513657 0.002287334593568455 0.0024574669187099104 0.0052551984877027315 0.004536862003772142 0.0066729678638815255 0.004291115311901151 0.008506616257072766 0.008544423440437534 0.04194706994320993 0.006049149338362856 0.01742911153115798 0.004291115311901151 0.026275992438513654 0.004291115311901151 0.015274102079366211 0.005935727788268552 0.02094517958408139 0.01092627599241791 0.03546313799615224 0.0999621928164462 0.5871266540631623
0.042306238185175225 0.03975425330805339 0.012249527410184783 0.006616257088834373 0.004102079395077312 0.0027788279773104368 0.0016068052930026337 0.002533081285439446 0.001474480151225946 0.002325141776933223 0.002003780718332696 0.0036294896030177135 0.0026275992438513657 0.003913043478253472 0.0016257088846850175 0.0029111531190871244 0.0019281663516031603 0.0024763705103922943 0.002249527410203687 0.0028922495274047405 0.0033837429111467227 0.006710775047246293 0.010869565217370756 0.035217391304281254 0.04521739130426235 0.7565973534957342
0.032816635160618494 0.03132325141771016 0.0074858223062240345 0.003799621928159169 0.002533081285439446 0.002249527410203687 0.0018714555765560086 0.0034404536861938743 0.003270321361052419 0.004461247637042606 0.004499054820407374 0.009999999999981097 0.010756143667276454 0.042098298676669 0.005671077504715178 0.0159924385632968 0.005274102079385115 0.02682419659730279 0.005973534971633321 0.01531190926273098 0.0044423440453602225 0.019130434782572533 0.010567107750452614 0.029792060491437067 0.1260680529298184 0.5743478260858708
0.04269999191134493 0.03308420286338 0.015421014316912125 0.00905524549057599 0.005730000808864699 0.004248968696917881 0.003408557793415562 0.003336568793981774 0.0034360592089295937 0.004684138154169321 0.0054104990698046265 0.010623635040037967 0.015725956483053003 0.020033972336809834 0.005765590876000505 0.006409447545093715 0.0038000485319094235 0.007203753134351921 0.004100137507077239 0.006544528027177341 0.006330987624362508 0.01073768502790498 0.01519534093666463 0.0330914826498396 0.08323869610935185 0.6406834910619882
0.04179268292682588 0.03464959349593215 0.013712195121950106 0.009150406504064297 0.006684552845527912 0.005854471544714972 0.005152032520324785 0.005099999999999586 0.005419512195121511 0.006526829268292153 0.008443089430893624 0.015513821138210123 0.02114065040650235 0.018847967479673267 0.00901382113821065 0.006823577235771804 0.0050170731707313 0.005140650406503648 0.004515447154471178 0.005565040650406052 0.006647154471544176 0.00973170731707238 0.01449837398373866 0.03285203252032254 0.05041463414633737 0.6517926829267764
0.04324324324319829 0.03728690228686353 0.016642411642394342 0.011091476091464561 0.008295218295209673 0.007484407484399705 0.006153846153839757 0.006871101871094729 0.007931392931384687 0.008721413721404656 0.00985446985445961 0.011839916839904532 0.013970893970879448 0.013762993762979457 0.009719334719324617 0.009812889812879613 0.0070166320166247225 0.007972972972964685 0.006164241164234757 0.006995841995834724 0.0070166320166247225 0.009293139293129632 0.011538461538449543 0.03158004158000875 0.04345114345109828 0.6462889812883095
0.03916041979009908 0.03494002998500226 0.018352323838078208 0.011203898050972832 0.007323838080958422 0.005691154422787752 0.004640179910044282 0.005007496251873312 0.005340329835081658 0.006140929535231463 0.007491754122937407 0.01162668665666992 0.017673163418288205 0.015559220389802765 0.009170914542727261 0.008001499250373613 0.005908545727135546 0.0068035982008985306 0.006160419790104024 0.008367316341827831 0.010097451274361305 0.014547226386804417 0.02137331334332513 0.035031484257865814 0.04957721139429542 0.6348095952023036
0.021720226843059128 0.024310018903545727 0.009999999999981097 0.007882797731554097 0.004971644612466972 0.004404536861995455 0.004234404536853999 0.0062192816635043115 0.0071266540642587395 0.012192816635137632 0.0149338374290833 0.03153119092621639 0.05905482041576738 0.07553875236280616 0.027920604914881058 0.03453686200371543 0.019489603024537828 0.04119092627591457 0.014310018903564632 0.02113421550090523 0.007958412098283633 0.02296786389409647 0.01266540642719723 0.02413988657840427 0.052079395084967714 0.43748582230541117
0.0500945179583174 0.04519848771257996 0.012249527410184783 0.005122873345926044 0.004234404536853999 0.003534971644605794 0.0032136105860052673 0.003497164461241026 0.003534971644605794 0.0034215500945114904 0.004461247637042606 0.0049527410207845885 0.006899810964070133 0.008071833648377935 0.004461247637042606 0.005879017013221401 0.0033837429111467227 0.005141776937608427 0.003043478260863812 0.003799621928159169 0.0038185255198415527 0.005841209829856633 0.010812854442323605 0.03202268430995837 0.046181474480063926 0.7171266540629165
0.044581249999995354 0.03119999999999675 0.01590937499999834 0.01254791666666536 0.010974999999998857 0.01021145833333227 0.00933645833333236 0.009456249999999016 0.010013541666665623 0.011086458333332178 0.012760416666665338 0.015584374999998377 0.01891562499999803 0.017364583333331525 0.013712499999998571 0.012743749999998673 0.010454166666665578 0.010393749999998918 0.00933645833333236 0.009802083333332313 0.010306249999998926 0.012872916666665325 0.016646874999998267 0.030548958333330153 0.04529166666666195 0.5879479166666054
0.034933837429045496 0.029829867674801832 0.005822306238174249 0.0030812854442285797 0.0018147448015088568 0.0013232514177668748 0.001266540642719723 0.003270321361052419 0.0023629489602979906 0.00404536862003016 0.002967863894134276 0.00510396975424366 0.004706994328913598 0.04372400756135402 0.0038752362948887044 0.017069943289192684 0.003534971644605794 0.0288090737239531 0.0026465028355337496 0.016162570888438255 0.0026654064272161335 0.020548204158751325 0.009810964083157257 0.028393194706940655 0.12529300567084065 0.5969376181463196
0.008197727272726342 0.007922727272726372 0.004177272727272253 0.0030499999999996532 0.002419318181817907 0.0022659090909088334 0.00196022727272705 0.002260227272727016 0.0027124999999996917 0.0036659090909086744 0.0050352272727267 0.010853409090907857 0.018290909090907012 0.02633181818181519 0.006436363636362905 0.009474999999998924 0.00411477272727226 0.012651136363634926 0.0029693181818178445 0.007693181818180944 0.0041590909090904364 0.010873863636362401 0.009147727272726234 0.014502272727271079 0.6194545454544751 0.1993795454545228
0.026601235914203342 0.025147219193011577 0.011468556888400048 0.008924027626314458 0.008418756815700321 0.008033442384584503 0.008778625954195282 0.010799709196651837 0.01263540530715644 0.015510723373313155 0.020319883678654917 0.03246455834240913 0.04775717920754353 0.03573246092328763 0.02185387131951223 0.016114140312607737 0.010799709196651837 0.009236641221370688 0.006939294801887699 0.005990548891310073 0.005597964376588296 0.0070883315158098556 0.010414394765536019 0.025292620865130754 0.030308978553242345 0.5777717193745627
0.03672886029411428 0.03139705882352653 0.013179227941175261 0.008969669117646236 0.006920955882352306 0.006099264705881793 0.00531433823529363 0.005561580882352431 0.006500919117646462 0.008496323529410984 0.012803308823528236 0.025472426470585896 0.04721966911764272 0.029351102941173775 0.014581801470586896 0.009993566176469671 0.00690349264705819 0.005876838235293578 0.005068014705881888 0.0055082720588230235 0.0058988970588229874 0.007962316176469857 0.013284926470587016 0.031026654411761858 0.046151654411760466 0.6037288602940623
